0 6 1 
1 6 1 
2 6 1 
3 6 1 
4 6 1 
4 24 2 
9 24 2 
14 24 2 
19 24 2 
24 24 2 
29 24 0 
34 24 0 
39 24 0 
44 24 0 
49 24 2 
54 24 2 
59 24 2 
64 24 2 
69 24 2 
74 24 2 
79 24 2 
84 24 2 
89 24 2 
94 24 2 
99 24 2 
104 24 2 
109 24 2 
114 24 2 
119 24 2 
124 24 2 
129 24 2 
134 24 2 
139 24 2 
144 24 2 
149 24 2 
154 24 2 
159 24 2 
164 24 2 
169 24 2 
174 24 2 
179 24 2 
184 24 2 
185 14 0 
186 14 0 
187 14 0 
188 14 0 
189 14 0 
189 24 2 
190 14 0 
191 14 0 
304 14 0 
305 14 0 
306 14 0 
306 23 3 
307 14 0 
308 14 0 
309 14 0 
310 14 0 
311 23 3 
316 23 3 
321 23 3 
326 23 3 
331 23 3 
336 23 3 
341 23 3 
346 23 3 
351 23 3 
356 23 3 
361 23 3 
366 23 3 
371 23 3 
376 23 3 
381 23 3 
386 23 3 
391 23 3 
396 23 3 
401 23 3 
406 23 3 
411 23 3 
416 23 3 
421 23 3 
426 23 3 
431 23 3 
436 23 3 
441 23 3 
446 23 3 
451 23 1 
456 23 1 
461 23 1 
466 23 1 
471 23 3 
476 23 3 
481 23 3 
486 23 3 
491 6 1 
491 23 3 
492 6 1 
493 6 1 
494 6 1 
495 6 1 
496 6 1 
497 6 1 
514 6 1 
515 6 1 
516 50 3 
517 50 3 
530 50 3 
535 50 3 
540 50 3 
545 50 3 
546 50 1 
547 50 1 
556 50 1 
557 50 1 
566 50 1 
567 50 1 
576 50 1 
581 50 1 
586 50 3 
587 50 3 
