132 14 4 
133 14 1 
136 14 4 
137 14 1 
140 14 4 
141 14 1 
144 14 4 
145 14 1 
148 14 4 
149 14 1 
152 14 4 
153 14 1 
156 14 4 
157 14 1 
160 14 4 
161 14 1 
164 14 4 
165 14 1 
168 14 4 
169 14 1 
172 14 4 
173 14 1 
176 14 4 
177 14 1 
180 14 4 
181 14 1 
184 14 4 
185 14 1 
188 14 4 
189 14 1 
192 14 4 
193 14 1 
196 14 4 
197 14 1 
200 14 4 
201 14 1 
204 14 4 
205 14 1 
208 14 4 
209 14 1 
212 14 4 
213 14 1 
216 14 4 
217 14 1 
220 14 4 
221 14 1 
224 14 4 
225 14 1 
228 14 4 
229 14 1 
232 14 4 
233 14 1 
236 14 4 
237 14 1 
240 14 4 
241 14 1 
244 14 4 
245 14 1 
248 14 4 
249 14 1 
252 14 4 
253 14 1 
256 14 4 
257 14 1 
260 14 4 
261 14 1 
264 14 4 
265 14 1 
268 14 4 
269 14 1 
272 14 4 
273 14 1 
276 14 4 
277 14 1 
280 14 4 
281 14 1 
284 14 4 
285 14 1 
288 14 4 
289 14 1 
292 14 4 
293 14 1 
296 14 4 
297 14 1 
300 14 4 
301 14 1 
304 14 4 
305 14 1 
308 14 4 
309 14 1 
312 14 4 
313 14 1 
316 14 4 
317 14 1 
320 14 4 
321 14 1 
324 14 4 
325 14 1 
328 14 4 
329 14 1 
332 14 4 
333 14 1 
336 14 4 
337 14 1 
340 14 4 
341 14 1 
344 14 4 
345 14 1 
348 14 4 
349 14 1 
352 14 4 
353 14 1 
356 14 4 
357 14 1 
360 14 4 
361 14 1 
364 14 4 
365 14 1 
368 14 4 
369 14 1 
369 24 4 
370 24 1 
372 24 4 
373 24 1 
376 24 4 
377 24 1 
380 24 4 
381 24 1 
384 24 4 
385 24 1 
388 24 4 
389 24 1 
392 24 4 
393 24 1 
396 24 4 
397 24 1 
400 24 4 
401 24 1 
404 24 4 
405 24 1 
408 24 4 
409 24 1 
412 24 4 
413 24 1 
416 24 4 
417 24 1 
420 24 4 
421 24 1 
424 24 4 
425 24 1 
428 24 4 
429 24 1 
432 24 4 
433 24 1 
436 24 4 
437 24 1 
440 24 4 
441 24 1 
444 24 4 
445 24 1 
448 24 4 
449 24 1 
452 24 4 
453 24 1 
456 24 4 
457 24 1 
460 24 4 
461 24 1 
464 24 4 
465 24 1 
468 24 4 
469 24 1 
472 24 4 
473 24 1 
476 24 4 
477 24 1 
480 24 4 
481 24 1 
484 24 4 
485 24 1 
488 24 4 
489 24 1 
492 24 4 
493 24 1 
496 24 4 
497 24 1 
500 24 4 
501 24 1 
504 24 4 
505 24 1 
508 24 4 
509 24 1 
512 24 4 
513 24 1 
516 24 4 
517 24 1 
520 24 4 
521 24 1 
524 24 4 
525 24 1 
528 24 4 
529 24 1 
532 24 4 
533 24 1 
536 24 4 
537 24 1 
540 24 4 
541 24 1 
544 24 4 
545 24 1 
548 24 4 
549 24 1 
552 24 4 
553 24 1 
556 24 4 
557 24 1 
560 24 4 
561 24 1 
564 24 4 
565 24 1 
568 24 4 
569 24 1 
572 24 4 
573 24 1 
576 24 4 
577 24 1 
580 24 4 
581 24 1 
584 24 4 
585 24 1 
588 24 4 
589 24 1 
592 24 4 
593 24 1 
596 24 4 
597 24 1 
600 24 4 
601 24 1 
604 24 4 
605 24 1 
608 24 4 
609 24 1 
612 24 4 
613 24 1 
616 24 4 
617 24 1 
620 24 4 
621 24 1 
624 24 4 
625 24 1 
628 24 4 
629 24 1 
632 24 4 
633 24 1 
636 24 4 
637 24 1 
640 24 4 
641 24 1 
644 24 4 
645 24 1 
648 24 4 
649 24 1 
652 24 4 
653 24 1 
656 24 4 
657 24 1 
660 24 4 
661 24 1 
664 24 4 
665 24 1 
668 24 4 
669 24 1 
672 24 4 
673 24 1 
676 24 4 
677 24 1 
680 24 4 
681 24 1 
684 24 4 
685 24 1 
688 24 4 
689 24 1 
692 24 4 
693 24 1 
696 24 4 
697 24 1 
700 24 4 
701 24 1 
704 24 4 
705 24 1 
708 24 4 
709 24 1 
712 24 4 
713 24 1 
716 24 4 
717 24 1 
720 24 4 
721 24 1 
724 24 4 
725 24 1 
728 24 4 
729 24 1 
732 24 4 
733 24 1 
736 24 4 
737 24 1 
740 24 4 
741 24 1 
744 24 4 
745 24 1 
748 24 4 
749 24 1 
752 24 4 
753 24 1 
756 24 4 
757 24 1 
760 24 4 
761 24 1 
764 24 4 
765 24 1 
768 24 4 
769 24 1 
772 24 4 
773 24 1 
776 24 4 
777 24 1 
780 24 4 
781 24 1 
784 24 4 
785 24 1 
788 24 4 
789 24 1 
792 24 4 
793 24 1 
796 24 4 
797 24 1 
800 24 4 
801 24 1 
804 24 4 
805 24 1 
808 24 4 
809 24 1 
812 24 4 
813 24 1 
816 24 4 
817 24 1 
820 24 4 
821 24 1 
824 24 4 
825 24 1 
828 24 4 
829 24 1 
832 24 4 
833 24 1 
836 24 4 
837 24 1 
840 24 4 
841 24 1 
844 24 4 
845 24 1 
848 24 4 
849 24 1 
852 24 4 
853 24 1 
856 24 4 
857 24 1 
860 24 4 
861 24 1 
864 24 4 
865 24 1 
868 24 4 
869 24 1 
872 24 4 
873 24 1 
876 24 4 
877 24 1 
877 6 4 
878 6 1 
880 6 4 
881 6 1 
884 6 4 
885 6 1 
888 6 4 
889 6 1 
892 6 4 
893 6 1 
896 6 4 
897 6 1 
900 6 4 
901 6 1 
904 6 4 
905 6 1 
908 6 4 
909 6 1 
912 6 4 
913 6 1 
916 6 4 
917 6 1 
920 6 4 
921 6 1 
924 6 4 
925 6 1 
928 6 4 
929 6 1 
932 6 4 
933 6 1 
936 6 4 
937 6 1 
940 6 4 
941 6 1 
944 6 4 
945 6 1 
948 6 4 
949 6 1 
952 6 4 
953 6 1 
956 6 4 
957 6 1 
960 6 4 
961 6 1 
964 6 4 
965 6 1 
968 6 4 
969 6 1 
972 6 4 
973 6 1 
976 6 4 
977 6 1 
980 6 4 
981 6 1 
984 6 4 
985 6 1 
988 6 4 
989 6 1 
992 6 4 
993 6 1 
996 6 4 
997 6 1 
1000 6 4 
1001 6 1 
1004 6 4 
1005 6 1 
1008 6 4 
1009 6 1 
1012 6 4 
1013 6 1 
1016 6 4 
1017 6 1 
1020 6 4 
1021 6 1 
1024 6 4 
1025 6 1 
1028 6 4 
1029 6 1 
1032 6 4 
1033 6 1 
1036 6 4 
1037 6 1 
1040 6 4 
1041 6 1 
1044 6 4 
1045 6 1 
1048 6 4 
1049 6 1 
1052 6 4 
1053 6 1 
1056 6 4 
1057 6 1 
1060 6 4 
1061 6 1 
1064 6 4 
1065 6 1 
1068 6 4 
1069 6 1 
1072 6 4 
1073 6 1 
1073 23 4 
1074 23 1 
1076 23 4 
1077 23 1 
1080 23 4 
1081 23 1 
1084 23 4 
1085 23 1 
1088 23 4 
1089 23 1 
1092 23 4 
1093 23 1 
1096 23 4 
1097 23 1 
1100 23 4 
1101 23 1 
1104 23 4 
1105 23 1 
1108 23 4 
1109 23 1 
1112 23 4 
1113 23 1 
1116 23 4 
1117 23 1 
1120 23 4 
1121 23 1 
1124 23 4 
1125 23 1 
1128 23 4 
1129 23 1 
1132 23 4 
1133 23 1 
1136 23 4 
1137 23 1 
1140 23 4 
1141 23 1 
1144 23 4 
1145 23 1 
1148 23 4 
1149 23 1 
1152 23 4 
1153 23 1 
1156 23 4 
1157 23 1 
1160 23 4 
1161 23 1 
1164 23 4 
1165 23 1 
1168 23 4 
1169 23 1 
1172 23 4 
1173 23 1 
1176 23 4 
1177 23 1 
1180 23 4 
1181 23 1 
1184 23 4 
1185 23 1 
1188 23 4 
1189 23 1 
1192 23 4 
1193 23 1 
1196 23 4 
1197 23 1 
1200 23 4 
1201 23 1 
1204 23 4 
1205 23 1 
1208 23 4 
1209 23 1 
1212 23 4 
1213 23 1 
1216 23 4 
1217 23 1 
1220 23 4 
1221 23 1 
1224 23 4 
1225 23 1 
1228 23 4 
1229 23 1 
1232 23 4 
1233 23 1 
1236 23 4 
1237 23 1 
1240 23 4 
1241 23 1 
1244 23 4 
1245 23 1 
1248 23 4 
1249 23 1 
1252 23 4 
1253 23 1 
1256 23 4 
1257 23 1 
1260 23 4 
1261 23 1 
1264 23 4 
1265 23 1 
1268 23 4 
1269 23 1 
1272 23 4 
1273 23 1 
1276 23 4 
1277 23 1 
1280 23 4 
1281 23 1 
1284 23 4 
1285 23 1 
1288 23 4 
1289 23 1 
1292 23 4 
1293 23 1 
1296 23 4 
1297 23 1 
1300 23 4 
1301 23 1 
1304 23 4 
1305 23 1 
1308 23 4 
1309 23 1 
1312 23 4 
1313 23 1 
1316 23 4 
1317 23 1 
1320 23 4 
1321 23 1 
1324 23 4 
1325 23 1 
1328 23 4 
1329 23 1 
1332 23 4 
1333 23 1 
1336 23 4 
1337 23 1 
1340 23 4 
1341 23 1 
1344 23 4 
1345 23 1 
1348 23 4 
1349 23 1 
1352 23 4 
1353 23 1 
1356 23 4 
1357 23 1 
1360 23 4 
1361 23 1 
1364 23 4 
1365 23 1 
1368 23 4 
1369 23 1 
1372 23 4 
1373 23 1 
1376 23 4 
1377 23 1 
1380 23 4 
1381 23 1 
1384 23 4 
1385 23 1 
1388 23 4 
1389 23 1 
1392 23 4 
1393 23 1 
1396 23 4 
1397 23 1 
1400 23 4 
1401 23 1 
1404 23 4 
1405 23 1 
1408 23 4 
1409 23 1 
1412 23 4 
1413 23 1 
1416 23 4 
1417 23 1 
1420 23 4 
1421 23 1 
1424 23 4 
1425 23 1 
1428 23 4 
1429 23 1 
1432 23 4 
1433 23 1 
1436 23 4 
1437 23 1 
1440 23 4 
1441 23 1 
1444 23 4 
1445 23 1 
1448 23 4 
1449 23 1 
1452 23 4 
1453 23 1 
1456 23 4 
1457 23 1 
1460 23 4 
1461 23 1 
1464 23 4 
1465 23 1 
1468 23 4 
1469 23 1 
1472 23 4 
1473 23 1 
1476 23 4 
1477 23 1 
1480 23 4 
1481 23 1 
1484 23 4 
1485 23 1 
1488 23 4 
1489 23 1 
1492 23 4 
1493 23 1 
1496 23 4 
1497 23 1 
1500 23 4 
1501 23 1 
1504 23 4 
1505 23 1 
1508 23 4 
1509 23 1 
1512 23 4 
1513 23 1 
1516 23 4 
1517 23 1 
1520 23 4 
1521 23 1 
1524 23 4 
1525 23 1 
1528 23 4 
1529 23 1 
1532 23 4 
1533 23 1 
1536 23 4 
1537 23 1 
1540 23 4 
1541 23 1 
1544 23 4 
1545 23 1 
1548 23 4 
1549 23 1 
1552 23 4 
1553 23 1 
1556 23 4 
1557 23 1 
1560 23 4 
1561 23 1 
1564 23 4 
1565 23 1 
1568 23 4 
1569 23 1 
1572 23 4 
1573 23 1 
1576 23 4 
1577 23 1 
135 23 4 
132 23 1 
4 50 4 
5 50 1 
8 50 4 
9 50 1 
12 50 4 
13 50 1 
16 50 4 
17 50 1 
20 50 4 
21 50 1 
24 50 4 
25 50 1 
28 50 4 
29 50 1 
32 50 4 
33 50 1 
36 50 4 
37 50 1 
40 50 4 
41 50 1 
44 50 4 
45 50 1 
48 50 4 
49 50 1 
52 50 4 
53 50 1 
56 50 4 
57 50 1 
60 50 4 
61 50 1 
64 50 4 
65 50 1 
68 50 4 
69 50 1 
72 50 4 
73 50 1 
76 50 4 
77 50 1 
80 50 4 
81 50 1 
84 50 4 
85 50 1 
88 50 4 
89 50 1 
92 50 4 
93 50 1 
96 50 4 
97 50 1 
100 50 4 
101 50 1 
104 50 4 
105 50 1 
108 50 4 
109 50 1 
112 50 4 
113 50 1 
116 50 4 
117 50 1 
120 50 4 
121 50 1 
124 50 4 
125 50 1 
128 50 4 
129 50 1 