65 14 4 
66 14 1 
69 14 4 
70 14 1 
73 14 4 
74 14 1 
77 14 4 
78 14 1 
81 14 4 
82 14 1 
85 14 4 
86 14 1 
89 14 4 
90 14 1 
93 14 4 
94 14 1 
97 14 4 
98 14 1 
101 14 4 
102 14 1 
105 14 4 
106 14 1 
109 14 4 
110 14 1 
113 14 4 
114 14 1 
117 14 4 
118 14 1 
121 14 4 
122 14 1 
125 14 4 
126 14 1 
129 14 4 
130 14 1 
133 14 4 
134 14 1 
137 14 4 
138 14 1 
141 14 4 
142 14 1 
145 14 4 
146 14 1 
149 14 4 
150 14 1 
153 14 4 
154 14 1 
157 14 4 
158 14 1 
161 14 4 
162 14 1 
165 14 4 
166 14 1 
169 14 4 
170 14 1 
173 14 4 
174 14 1 
177 14 4 
178 14 1 
181 14 4 
182 14 1 
185 14 4 
186 14 1 
534 23 4 
535 23 1 
537 23 4 
538 23 1 
541 23 4 
542 23 1 
545 23 4 
546 23 1 
549 23 4 
550 23 1 
553 23 4 
554 23 1 
557 23 4 
558 23 1 
561 23 4 
562 23 1 
565 23 4 
566 23 1 
569 23 4 
570 23 1 
573 23 4 
574 23 1 
577 23 4 
578 23 1 
581 23 4 
582 23 1 
585 23 4 
586 23 1 
589 23 4 
590 23 1 
593 23 4 
594 23 1 
597 23 4 
598 23 1 
601 23 4 
602 23 1 
605 23 4 
606 23 1 
609 23 4 
610 23 1 
613 23 4 
614 23 1 
617 23 4 
618 23 1 
621 23 4 
622 23 1 
625 23 4 
626 23 1 
629 23 4 
630 23 1 
633 23 4 
634 23 1 
637 23 4 
638 23 1 
641 23 4 
642 23 1 
645 23 4 
646 23 1 
649 23 4 
650 23 1 
653 23 4 
654 23 1 
657 23 4 
658 23 1 
661 23 4 
662 23 1 
665 23 4 
666 23 1 
669 23 4 
670 23 1 
673 23 4 
674 23 1 
677 23 4 
678 23 1 
681 23 4 
682 23 1 
685 23 4 
686 23 1 
689 23 4 
690 23 1 
693 23 4 
694 23 1 
697 23 4 
698 23 1 
701 23 4 
702 23 1 
705 23 4 
706 23 1 
709 23 4 
710 23 1 
713 23 4 
714 23 1 
717 23 4 
718 23 1 
721 23 4 
722 23 1 
725 23 4 
726 23 1 
729 23 4 
730 23 1 
733 23 4 
734 23 1 
737 23 4 
738 23 1 
741 23 4 
742 23 1 
745 23 4 
746 23 1 
749 23 4 
750 23 1 
753 23 4 
754 23 1 
757 23 4 
758 23 1 
761 23 4 
762 23 1 
765 23 4 
766 23 1 
769 23 4 
770 23 1 
773 23 4 
774 23 1 
777 23 4 
778 23 1 
781 23 4 
782 23 1 
68 23 4 
65 23 1 
438 6 4 
439 6 1 
441 6 4 
442 6 1 
445 6 4 
446 6 1 
449 6 4 
450 6 1 
453 6 4 
454 6 1 
457 6 4 
458 6 1 
461 6 4 
462 6 1 
465 6 4 
466 6 1 
469 6 4 
470 6 1 
473 6 4 
474 6 1 
477 6 4 
478 6 1 
481 6 4 
482 6 1 
485 6 4 
486 6 1 
489 6 4 
490 6 1 
493 6 4 
494 6 1 
497 6 4 
498 6 1 
501 6 4 
502 6 1 
505 6 4 
506 6 1 
509 6 4 
510 6 1 
513 6 4 
514 6 1 
517 6 4 
518 6 1 
521 6 4 
522 6 1 
525 6 4 
526 6 1 
529 6 4 
530 6 1 
533 6 4 
534 6 1 
186 24 4 
187 24 1 
189 24 4 
190 24 1 
193 24 4 
194 24 1 
197 24 4 
198 24 1 
201 24 4 
202 24 1 
205 24 4 
206 24 1 
209 24 4 
210 24 1 
213 24 4 
214 24 1 
217 24 4 
218 24 1 
221 24 4 
222 24 1 
225 24 4 
226 24 1 
229 24 4 
230 24 1 
233 24 4 
234 24 1 
237 24 4 
238 24 1 
241 24 4 
242 24 1 
245 24 4 
246 24 1 
249 24 4 
250 24 1 
253 24 4 
254 24 1 
257 24 4 
258 24 1 
261 24 4 
262 24 1 
265 24 4 
266 24 1 
269 24 4 
270 24 1 
273 24 4 
274 24 1 
277 24 4 
278 24 1 
281 24 4 
282 24 1 
285 24 4 
286 24 1 
289 24 4 
290 24 1 
293 24 4 
294 24 1 
297 24 4 
298 24 1 
301 24 4 
302 24 1 
305 24 4 
306 24 1 
309 24 4 
310 24 1 
313 24 4 
314 24 1 
317 24 4 
318 24 1 
321 24 4 
322 24 1 
325 24 4 
326 24 1 
329 24 4 
330 24 1 
333 24 4 
334 24 1 
337 24 4 
338 24 1 
341 24 4 
342 24 1 
345 24 4 
346 24 1 
349 24 4 
350 24 1 
353 24 4 
354 24 1 
357 24 4 
358 24 1 
361 24 4 
362 24 1 
365 24 4 
366 24 1 
369 24 4 
370 24 1 
373 24 4 
374 24 1 
377 24 4 
378 24 1 
381 24 4 
382 24 1 
385 24 4 
386 24 1 
389 24 4 
390 24 1 
393 24 4 
394 24 1 
397 24 4 
398 24 1 
401 24 4 
402 24 1 
405 24 4 
406 24 1 
409 24 4 
410 24 1 
413 24 4 
414 24 1 
417 24 4 
418 24 1 
421 24 4 
422 24 1 
425 24 4 
426 24 1 
429 24 4 
430 24 1 
433 24 4 
434 24 1 
437 24 4 
438 24 1 
1 50 4 
2 50 1 
5 50 4 
6 50 1 
9 50 4 
10 50 1 
13 50 4 
14 50 1 
17 50 4 
18 50 1 
21 50 4 
22 50 1 
25 50 4 
26 50 1 
29 50 4 
30 50 1 
33 50 4 
34 50 1 
37 50 4 
38 50 1 
41 50 4 
42 50 1 
45 50 4 
46 50 1 
49 50 4 
50 50 1 
53 50 4 
54 50 1 
57 50 4 
58 50 1 
61 50 4 
62 50 1 