404 1 2 184 94 95
405 1 2 186 95 96
408 1 0 181 93 92
409 1 0 183 94 93
420 1 2 172 88 89
421 1 2 174 89 90
431 0 1 231 119 120
432 0 1 232 120 121
440 1 2 176 90 91
441 1 2 178 91 92
452 1 0 193 99 98
453 1 0 195 100 99
470 1 2 188 96 97
471 1 2 190 97 98
482 1 0 35 19 18
483 1 0 37 20 19
486 1 0 197 101 100
487 1 0 199 102 101
502 1 2 42 22 23
503 1 2 44 23 24
522 1 0 51 27 26
523 1 0 53 28 27
534 1 2 58 30 31
535 1 2 60 31 32
538 1 0 39 21 20
539 1 0 41 22 21
542 1 2 66 34 35
543 1 2 68 35 36
558 1 0 47 25 24
559 1 0 49 26 25
562 1 2 54 28 29
563 1 2 56 29 30
566 1 0 63 33 32
567 1 0 65 34 33
575 1 2 168 86 87
576 1 2 170 87 88
626 1 0 31 17 16
627 1 0 33 18 17
646 1 0 201 103 102
647 1 0 203 104 103
650 1 0 71 37 36
651 1 0 73 38 37
657 0 3 247 136 135
658 0 3 248 137 136
662 0 1 249 137 138
663 0 1 250 138 139
690 1 2 164 84 85
691 1 2 166 85 86
714 0 1 245 133 134
715 0 1 246 134 135
729 2 0 140 72 71
730 2 0 3 2 72
730 1 2 4 2 73
731 1 2 142 73 74
737 0 1 241 129 130
738 0 1 242 130 131
740 0 1 243 131 132
741 0 1 244 132 133
755 2 0 108 56 55
756 2 0 110 57 56
759 1 0 27 15 14
760 1 0 29 16 15
763 1 0 75 39 38
764 1 0 77 40 39
779 0 1 239 127 128
780 0 1 240 128 129
786 1 0 205 105 104
787 1 0 207 106 105
800 0 1 237 125 126
801 0 1 238 126 127
814 1 2 160 82 83
815 1 2 162 83 84
840 2 2 97 50 51
842 1 0 95 49 48
843 1 0 1 1 49
843 2 2 2 1 50
845 2 2 99 51 52
846 2 2 101 52 53
850 2 2 103 53 54
851 2 2 105 54 55
861 1 2 156 80 81
862 1 2 158 81 82
877 2 2 129 66 67
881 0 3 251 140 139
882 0 3 252 141 140
885 2 0 132 68 67
886 2 0 134 69 68
890 2 0 136 70 69
891 2 0 138 71 70
905 0 3 235 124 123
906 0 3 236 125 124
918 0 1 228 116 117
920 1 2 224 114 115
921 0 1 5 3 116
921 1 2 226 115 3
923 1 2 152 78 79
924 1 2 154 79 80
930 0 3 265 154 153
931 1 0 11 7 0
931 0 3 0 0 154
932 1 0 13 8 7
935 1 2 208 106 107
936 1 2 210 107 108
971 0 1 253 141 142
972 0 1 254 142 143
981 1 0 83 43 42
982 1 0 85 44 43
989 1 2 144 74 75
990 1 2 146 75 76
996 0 1 234 122 123
999 0 1 233 121 122
1017 0 3 255 144 143
1018 0 3 256 145 144
1020 1 0 81 42 41
1023 1 0 79 41 40
1024 1 0 151 78 77
1027 1 0 149 77 76
1035 0 3 257 146 145
1036 0 3 258 147 146
1041 0 3 259 148 147
1042 0 3 260 149 148
1047 0 3 261 150 149
1048 0 3 262 151 150
1052 0 3 263 152 151
1053 0 3 264 153 152
1065 1 2 88 45 46
1068 1 2 86 44 45
1070 1 0 91 47 46
1071 1 0 93 48 47
1079 1 2 14 8 9
1084 1 2 222 113 114
1101 0 1 230 118 119
1104 0 1 229 117 118
1992 3 1 6704 157 3393
1994 3 1 6705 3393 156
2004 3 1 6614 5 3348
2006 3 1 6615 3348 157
5555 2 2 6650 59 3366
5556 2 2 6651 3366 60
5559 2 2 6654 60 3368
5560 2 2 6655 3368 61
5567 2 0 6644 58 3363
5569 2 0 6645 3363 57
5571 2 0 6648 59 3365
5573 2 0 6649 3365 58
5979 1 0 6634 13 3358
5981 1 0 6635 3358 12
5983 1 0 6638 14 3360
5985 1 0 6639 3360 13
6027 2 0 6660 62 3371
6029 2 0 6661 3371 61
6031 2 0 6664 63 3373
6033 2 0 6665 3373 62
6191 2 0 6668 64 3375
6193 2 0 6669 3375 63
6195 2 0 6672 65 3377
6197 2 0 6673 3377 64
6283 2 2 6674 65 3378
6284 2 2 6675 3378 66
6503 1 0 6682 109 3382
6505 1 0 6683 3382 108
6507 1 0 6686 110 3384
6509 1 0 6687 3384 109
6583 1 2 6688 110 3385
6584 1 2 6689 3385 111
6587 1 2 6692 111 3387
6588 1 2 6693 3387 112
6827 1 0 6630 12 3356
6829 1 0 6631 3356 11
6839 1 0 6626 11 3354
6841 1 0 6627 3354 10
7000 3 1 6712 162 3397
7002 3 1 6713 3397 161
7004 3 1 6710 161 3396
7006 3 1 6711 3396 6
7080 3 1 6612 4 3347
7082 3 1 6613 3347 163
7084 3 1 6714 163 3398
7086 3 1 6715 3398 162
7091 1 2 6620 9 3351
7092 1 2 6621 3351 10
7119 1 2 6696 112 3389
7120 1 2 6697 3389 113
7709 3 3 6610 4 3346
7710 3 3 6611 3346 155
7721 3 3 6702 155 3392
7722 3 3 6703 3392 156
8704 3 1 6618 6 3350
8706 3 1 6619 3350 160
8708 3 1 6708 160 3395
8710 3 1 6709 3395 159
8753 3 3 6706 158 3394
8754 3 3 6707 3394 159
8757 3 3 6616 5 3349
8758 3 3 6617 3349 158
