395 1 2 184 94 95
396 1 2 186 95 96
399 1 0 181 93 92
400 1 0 183 94 93
411 1 2 172 88 89
412 1 2 174 89 90
422 0 1 231 119 120
423 0 1 232 120 121
431 1 2 176 90 91
432 1 2 178 91 92
441 1 0 193 99 98
442 1 0 195 100 99
459 1 2 188 96 97
460 1 2 190 97 98
471 1 0 35 19 18
472 1 0 37 20 19
475 1 0 197 101 100
476 1 0 199 102 101
491 1 2 42 22 23
492 1 2 44 23 24
511 1 0 51 27 26
512 1 0 53 28 27
523 1 2 58 30 31
524 1 2 60 31 32
527 1 0 39 21 20
528 1 0 41 22 21
531 1 2 66 34 35
532 1 2 68 35 36
547 1 0 47 25 24
548 1 0 49 26 25
551 1 2 54 28 29
552 1 2 56 29 30
555 1 0 63 33 32
556 1 0 65 34 33
564 1 2 168 86 87
565 1 2 170 87 88
615 1 0 31 17 16
616 1 0 33 18 17
635 1 0 201 103 102
636 1 0 203 104 103
639 1 0 71 37 36
640 1 0 73 38 37
646 0 3 247 136 135
647 0 3 248 137 136
651 0 1 249 137 138
652 0 1 250 138 139
678 1 2 164 84 85
679 1 2 166 85 86
702 0 1 245 133 134
703 0 1 246 134 135
717 2 0 140 72 71
718 2 0 3 2 72
718 1 2 4 2 73
719 1 2 142 73 74
725 0 1 241 129 130
726 0 1 242 130 131
728 0 1 243 131 132
729 0 1 244 132 133
743 2 0 108 56 55
745 1 0 27 15 14
746 1 0 29 16 15
749 1 0 75 39 38
750 1 0 77 40 39
765 0 1 239 127 128
766 0 1 240 128 129
772 1 0 205 105 104
773 1 0 207 106 105
785 0 1 237 125 126
786 0 1 238 126 127
797 1 2 160 82 83
798 1 2 162 83 84
823 2 2 97 50 51
825 1 0 95 49 48
826 1 0 1 1 49
826 2 2 2 1 50
828 2 2 99 51 52
829 2 2 101 52 53
833 2 2 103 53 54
834 2 2 105 54 55
844 1 2 156 80 81
845 1 2 158 81 82
858 2 2 129 66 67
862 0 3 251 140 139
863 0 3 252 141 140
866 2 0 132 68 67
867 2 0 134 69 68
871 2 0 136 70 69
872 2 0 138 71 70
885 0 3 235 124 123
886 0 3 236 125 124
895 0 1 228 116 117
897 1 2 224 114 115
898 0 1 5 3 116
898 1 2 226 115 3
900 1 2 152 78 79
901 1 2 154 79 80
907 0 3 265 154 153
908 1 0 11 7 0
908 0 3 0 0 154
909 1 0 13 8 7
912 1 2 208 106 107
913 1 2 210 107 108
948 0 1 253 141 142
949 0 1 254 142 143
958 1 0 83 43 42
959 1 0 85 44 43
966 1 2 144 74 75
967 1 2 146 75 76
972 0 1 234 122 123
974 0 1 233 121 122
992 0 3 255 144 143
993 0 3 256 145 144
995 1 0 81 42 41
998 1 0 79 41 40
999 1 0 151 78 77
1002 1 0 149 77 76
1010 0 3 257 146 145
1011 0 3 258 147 146
1016 0 3 259 148 147
1017 0 3 260 149 148
1020 0 3 261 150 149
1021 0 3 262 151 150
1025 0 3 263 152 151
1026 0 3 264 153 152
1038 1 2 88 45 46
1041 1 2 86 44 45
1043 1 0 91 47 46
1044 1 0 93 48 47
1052 1 2 14 8 9
1057 1 2 222 113 114
1074 0 1 230 118 119
1077 0 1 229 117 118
4486 1 0 6638 14 3360
4488 1 0 6639 3360 13
4630 2 0 6672 65 3377
4632 2 0 6673 3377 64
4694 2 2 6674 65 3378
4695 2 2 6675 3378 66
4806 1 0 6682 109 3382
4808 1 0 6683 3382 108
5118 1 2 6620 9 3351
5119 1 2 6621 3351 10
5146 1 2 6696 112 3389
5147 1 2 6697 3389 113
6270 2 0 23134 57 9587
6272 2 0 23135 9587 56
8554 2 0 23244 58 9642
8556 2 0 23245 9642 3363
8562 2 0 23246 3363 9643
8564 2 0 23247 9643 57
9254 1 0 23292 110 9666
9256 1 0 23293 9666 3384
9262 1 0 23294 3384 9667
9264 1 0 23295 9667 109
9286 1 2 23304 111 9672
9287 1 2 23305 9672 3387
9290 1 2 23306 3387 9673
9291 1 2 23307 9673 112
9486 1 0 23224 11 9632
9488 1 0 23225 9632 3354
9494 1 0 23226 3354 9633
9496 1 0 23227 9633 10
12226 2 0 46568 3365 18467
12228 2 0 46569 18467 58
12290 1 0 46558 13 18462
12292 1 0 46559 18462 3358
12298 1 0 46560 3358 18463
12300 1 0 46561 18463 12
12346 2 0 46570 64 18468
12348 2 0 46571 18468 3375
13543 3 1 47622 157 18994
13545 3 1 47623 18994 9680
13551 3 1 47624 9680 18995
13553 3 1 47625 18995 3393
13575 3 1 47626 3393 18996
13577 3 1 47627 18996 9681
13583 3 1 47628 9681 18997
13585 3 1 47629 18997 156
13735 3 1 47470 5 18918
13737 3 1 47471 18918 9624
13743 3 1 47472 9624 18919
13745 3 1 47473 18919 3348
13767 3 1 47474 3348 18920
13769 3 1 47475 18920 9625
13775 3 1 47476 9625 18921
13777 3 1 47477 18921 157
16338 1 2 47590 110 18978
16339 1 2 47591 18978 9668
16342 1 2 47592 9668 18979
16343 1 2 47593 18979 3385
16354 1 2 47594 3385 18980
16355 1 2 47595 18980 9669
16358 1 2 47596 9669 18981
16359 1 2 47597 18981 111
16658 1 0 47502 12 18934
16660 1 0 47503 18934 9636
16666 1 0 47504 9636 18935
16668 1 0 47505 18935 3356
16690 1 0 47506 3356 18936
16692 1 0 47507 18936 9637
16698 1 0 47508 9637 18937
16700 1 0 47509 18937 11
17191 3 1 47462 4 18914
17193 3 1 47463 18914 9622
17199 3 1 47464 9622 18915
17201 3 1 47465 18915 3347
17223 3 1 47466 3347 18916
17225 3 1 47467 18916 9623
17231 3 1 47468 9623 18917
17233 3 1 47469 18917 163
17255 3 1 47662 163 19014
17257 3 1 47663 19014 9690
17263 3 1 47664 9690 19015
17265 3 1 47665 19015 3398
17287 3 1 47666 3398 19016
17289 3 1 47667 19016 9691
17295 3 1 47668 9691 19017
17297 3 1 47669 19017 162
24738 2 0 92686 59 36158
24740 2 0 92687 36158 18466
24746 2 0 92688 18466 36159
24748 2 0 92689 36159 3365
24834 2 0 92690 3375 36160
24836 2 0 92691 36160 18469
24842 2 0 92692 18469 36161
24844 2 0 92693 36161 63
51874 2 2 92994 59 36312
51875 2 2 92995 36312 18942
51878 2 2 92996 18942 36313
51879 2 2 92997 36313 9646
51890 2 2 92998 9646 36314
51891 2 2 92999 36314 18943
51894 2 2 93000 18943 36315
51895 2 2 93001 36315 3366
51938 2 2 93002 3366 36316
51939 2 2 93003 36316 18944
51942 2 2 93004 18944 36317
51943 2 2 93005 36317 9647
51954 2 2 93006 9647 36318
51955 2 2 93007 36318 18945
51958 2 2 93008 18945 36319
51959 2 2 93009 36319 60
52130 2 2 93026 60 36328
52131 2 2 93027 36328 18950
52134 2 2 93028 18950 36329
52135 2 2 93029 36329 9650
52146 2 2 93030 9650 36330
52147 2 2 93031 36330 18951
52150 2 2 93032 18951 36331
52151 2 2 93033 36331 3368
52194 2 2 93034 3368 36332
52195 2 2 93035 36332 18952
52198 2 2 93036 18952 36333
52199 2 2 93037 36333 9651
52210 2 2 93038 9651 36334
52211 2 2 93039 36334 18953
52214 2 2 93040 18953 36335
52215 2 2 93041 36335 61
54178 2 0 93074 62 36352
54180 2 0 93075 36352 18962
54186 2 0 93076 18962 36353
54188 2 0 93077 36353 9656
54210 2 0 93078 9656 36354
54212 2 0 93079 36354 18963
54218 2 0 93080 18963 36355
54220 2 0 93081 36355 3371
54306 2 0 93082 3371 36356
54308 2 0 93083 36356 18964
54314 2 0 93084 18964 36357
54316 2 0 93085 36357 9657
54338 2 0 93086 9657 36358
54340 2 0 93087 36358 18965
54346 2 0 93088 18965 36359
54348 2 0 93089 36359 61
54434 2 0 93106 63 36368
54436 2 0 93107 36368 18970
54442 2 0 93108 18970 36369
54444 2 0 93109 36369 9660
54466 2 0 93110 9660 36370
54468 2 0 93111 36370 18971
54474 2 0 93112 18971 36371
54476 2 0 93113 36371 3373
54562 2 0 93114 3373 36372
54564 2 0 93115 36372 18972
54570 2 0 93116 18972 36373
54572 2 0 93117 36373 9661
54594 2 0 93118 9661 36374
54596 2 0 93119 36374 18973
54602 2 0 93120 18973 36375
54604 2 0 93121 36375 62
58103 3 1 93202 162 36416
58105 3 1 93203 36416 19010
58111 3 1 93204 19010 36417
58113 3 1 93205 36417 9688
58135 3 1 93206 9688 36418
58137 3 1 93207 36418 19011
58143 3 1 93208 19011 36419
58145 3 1 93209 36419 3397
58231 3 1 93210 3397 36420
58233 3 1 93211 36420 19012
58239 3 1 93212 19012 36421
58241 3 1 93213 36421 9689
58263 3 1 93214 9689 36422
58265 3 1 93215 36422 19013
58271 3 1 93216 19013 36423
58273 3 1 93217 36423 161
58359 3 1 93186 161 36408
58361 3 1 93187 36408 19006
58367 3 1 93188 19006 36409
58369 3 1 93189 36409 9686
58391 3 1 93190 9686 36410
58393 3 1 93191 36410 19007
58399 3 1 93192 19007 36411
58401 3 1 93193 36411 3396
58487 3 1 93194 3396 36412
58489 3 1 93195 36412 19008
58495 3 1 93196 19008 36413
58497 3 1 93197 36413 9687
58519 3 1 93198 9687 36414
58521 3 1 93199 36414 19009
58527 3 1 93200 19009 36415
58529 3 1 93201 36415 6
60748 3 3 92946 4 36288
60749 3 3 92947 36288 18910
60752 3 3 92948 18910 36289
60753 3 3 92949 36289 9620
60764 3 3 92950 9620 36290
60765 3 3 92951 36290 18911
60768 3 3 92952 18911 36291
60769 3 3 92953 36291 3346
60812 3 3 92954 3346 36292
60813 3 3 92955 36292 18912
60816 3 3 92956 18912 36293
60817 3 3 92957 36293 9621
60828 3 3 92958 9621 36294
60829 3 3 92959 36294 18913
60832 3 3 92960 18913 36295
60833 3 3 92961 36295 155
61004 3 3 93138 155 36384
61005 3 3 93139 36384 18990
61008 3 3 93140 18990 36385
61009 3 3 93141 36385 9678
61020 3 3 93142 9678 36386
61021 3 3 93143 36386 18991
61024 3 3 93144 18991 36387
61025 3 3 93145 36387 3392
61068 3 3 93146 3392 36388
61069 3 3 93147 36388 18992
61072 3 3 93148 18992 36389
61073 3 3 93149 36389 9679
61084 3 3 93150 9679 36390
61085 3 3 93151 36390 18993
61088 3 3 93152 18993 36391
61089 3 3 93153 36391 156
65271 3 1 92978 6 36304
65273 3 1 92979 36304 18926
65279 3 1 92980 18926 36305
65281 3 1 92981 36305 9628
65303 3 1 92982 9628 36306
65305 3 1 92983 36306 18927
65311 3 1 92984 18927 36307
65313 3 1 92985 36307 3350
65399 3 1 92986 3350 36308
65401 3 1 92987 36308 18928
65407 3 1 92988 18928 36309
65409 3 1 92989 36309 9629
65431 3 1 92990 9629 36310
65433 3 1 92991 36310 18929
65439 3 1 92992 18929 36311
65441 3 1 92993 36311 160
65527 3 1 93170 160 36400
65529 3 1 93171 36400 19002
65535 3 1 93172 19002 36401
65537 3 1 93173 36401 9684
65559 3 1 93174 9684 36402
65561 3 1 93175 36402 19003
65567 3 1 93176 19003 36403
65569 3 1 93177 36403 3395
65655 3 1 93178 3395 36404
65657 3 1 93179 36404 19004
65663 3 1 93180 19004 36405
65665 3 1 93181 36405 9685
65687 3 1 93182 9685 36406
65689 3 1 93183 36406 19005
65695 3 1 93184 19005 36407
65697 3 1 93185 36407 159
66380 3 3 93154 158 36392
66381 3 3 93155 36392 18998
66384 3 3 93156 18998 36393
66385 3 3 93157 36393 9682
66396 3 3 93158 9682 36394
66397 3 3 93159 36394 18999
66400 3 3 93160 18999 36395
66401 3 3 93161 36395 3394
66444 3 3 93162 3394 36396
66445 3 3 93163 36396 19000
66448 3 3 93164 19000 36397
66449 3 3 93165 36397 9683
66460 3 3 93166 9683 36398
66461 3 3 93167 36398 19001
66464 3 3 93168 19001 36399
66465 3 3 93169 36399 159
66636 3 3 92962 5 36296
66637 3 3 92963 36296 18922
66640 3 3 92964 18922 36297
66641 3 3 92965 36297 9626
66652 3 3 92966 9626 36298
66653 3 3 92967 36298 18923
66656 3 3 92968 18923 36299
66657 3 3 92969 36299 3349
66700 3 3 92970 3349 36300
66701 3 3 92971 36300 18924
66704 3 3 92972 18924 36301
66705 3 3 92973 36301 9627
66716 3 3 92974 9627 36302
66717 3 3 92975 36302 18925
66720 3 3 92976 18925 36303
66721 3 3 92977 36303 158
