398 1 2 184 94 95
399 1 2 186 95 96
402 1 0 181 93 92
403 1 0 183 94 93
414 1 2 172 88 89
415 1 2 174 89 90
425 0 1 231 119 120
426 0 1 232 120 121
434 1 2 176 90 91
435 1 2 178 91 92
446 1 0 193 99 98
447 1 0 195 100 99
464 1 2 188 96 97
465 1 2 190 97 98
476 1 0 35 19 18
477 1 0 37 20 19
480 1 0 197 101 100
481 1 0 199 102 101
496 1 2 42 22 23
497 1 2 44 23 24
516 1 0 51 27 26
517 1 0 53 28 27
528 1 2 58 30 31
529 1 2 60 31 32
532 1 0 39 21 20
533 1 0 41 22 21
536 1 2 66 34 35
537 1 2 68 35 36
552 1 0 47 25 24
553 1 0 49 26 25
556 1 2 54 28 29
557 1 2 56 29 30
560 1 0 63 33 32
561 1 0 65 34 33
569 1 2 168 86 87
570 1 2 170 87 88
620 1 0 31 17 16
621 1 0 33 18 17
640 1 0 201 103 102
641 1 0 203 104 103
644 1 0 71 37 36
645 1 0 73 38 37
651 0 3 247 136 135
652 0 3 248 137 136
656 0 1 249 137 138
657 0 1 250 138 139
683 1 2 164 84 85
684 1 2 166 85 86
707 0 1 245 133 134
708 0 1 246 134 135
722 2 0 140 72 71
723 2 0 3 2 72
723 1 2 4 2 73
724 1 2 142 73 74
730 0 1 241 129 130
731 0 1 242 130 131
733 0 1 243 131 132
734 0 1 244 132 133
748 2 0 108 56 55
750 1 0 27 15 14
751 1 0 29 16 15
754 1 0 75 39 38
755 1 0 77 40 39
770 0 1 239 127 128
771 0 1 240 128 129
777 1 0 205 105 104
778 1 0 207 106 105
790 0 1 237 125 126
791 0 1 238 126 127
803 1 2 160 82 83
804 1 2 162 83 84
829 2 2 97 50 51
831 1 0 95 49 48
832 1 0 1 1 49
832 2 2 2 1 50
834 2 2 99 51 52
835 2 2 101 52 53
839 2 2 103 53 54
840 2 2 105 54 55
850 1 2 156 80 81
851 1 2 158 81 82
866 2 2 129 66 67
870 0 3 251 140 139
871 0 3 252 141 140
874 2 0 132 68 67
875 2 0 134 69 68
879 2 0 136 70 69
880 2 0 138 71 70
894 0 3 235 124 123
895 0 3 236 125 124
907 0 1 228 116 117
909 1 2 224 114 115
910 0 1 5 3 116
910 1 2 226 115 3
912 1 2 152 78 79
913 1 2 154 79 80
919 0 3 265 154 153
920 1 0 11 7 0
920 0 3 0 0 154
921 1 0 13 8 7
924 1 2 208 106 107
925 1 2 210 107 108
960 0 1 253 141 142
961 0 1 254 142 143
970 1 0 83 43 42
971 1 0 85 44 43
978 1 2 144 74 75
979 1 2 146 75 76
984 0 1 234 122 123
987 0 1 233 121 122
1005 0 3 255 144 143
1006 0 3 256 145 144
1008 1 0 81 42 41
1011 1 0 79 41 40
1012 1 0 151 78 77
1015 1 0 149 77 76
1023 0 3 257 146 145
1024 0 3 258 147 146
1029 0 3 259 148 147
1030 0 3 260 149 148
1034 0 3 261 150 149
1035 0 3 262 151 150
1039 0 3 263 152 151
1040 0 3 264 153 152
1052 1 2 88 45 46
1055 1 2 86 44 45
1057 1 0 91 47 46
1058 1 0 93 48 47
1066 1 2 14 8 9
1071 1 2 222 113 114
1088 0 1 230 118 119
1091 0 1 229 117 118
4326 2 0 6648 59 3365
4328 2 0 6649 3365 58
4606 1 0 6634 13 3358
4608 1 0 6635 3358 12
4610 1 0 6638 14 3360
4612 1 0 6639 3360 13
4766 2 0 6668 64 3375
4768 2 0 6669 3375 63
4770 2 0 6672 65 3377
4772 2 0 6673 3377 64
4838 2 2 6674 65 3378
4839 2 2 6675 3378 66
4978 1 0 6682 109 3382
4980 1 0 6683 3382 108
5318 1 2 6620 9 3351
5319 1 2 6621 3351 10
5346 1 2 6696 112 3389
5347 1 2 6697 3389 113
6518 2 0 23134 57 9587
6520 2 0 23135 9587 56
7619 3 1 23320 157 9680
7621 3 1 23321 9680 3393
7627 3 1 23322 3393 9681
7629 3 1 23323 9681 156
7667 3 1 23208 5 9624
7669 3 1 23209 9624 3348
7675 3 1 23210 3348 9625
7677 3 1 23211 9625 157
11406 2 2 23252 59 9646
11407 2 2 23253 9646 3366
11410 2 2 23254 3366 9647
11411 2 2 23255 9647 60
11422 2 2 23260 60 9650
11423 2 2 23261 9650 3368
11426 2 2 23262 3368 9651
11427 2 2 23263 9651 61
11454 2 0 23244 58 9642
11456 2 0 23245 9642 3363
11462 2 0 23246 3363 9643
11464 2 0 23247 9643 57
12062 2 0 23272 62 9656
12064 2 0 23273 9656 3371
12070 2 0 23274 3371 9657
12072 2 0 23275 9657 61
12078 2 0 23280 63 9660
12080 2 0 23281 9660 3373
12086 2 0 23282 3373 9661
12088 2 0 23283 9661 62
12590 1 0 23292 110 9666
12592 1 0 23293 9666 3384
12598 1 0 23294 3384 9667
12600 1 0 23295 9667 109
12638 1 2 23296 110 9668
12639 1 2 23297 9668 3385
12642 1 2 23298 3385 9669
12643 1 2 23299 9669 111
12654 1 2 23304 111 9672
12655 1 2 23305 9672 3387
12658 1 2 23306 3387 9673
12659 1 2 23307 9673 112
13070 1 0 23232 12 9636
13072 1 0 23233 9636 3356
13078 1 0 23234 3356 9637
13080 1 0 23235 9637 11
13118 1 0 23224 11 9632
13120 1 0 23225 9632 3354
13126 1 0 23226 3354 9633
13128 1 0 23227 9633 10
13331 3 1 23336 162 9688
13333 3 1 23337 9688 3397
13339 3 1 23338 3397 9689
13341 3 1 23339 9689 161
13347 3 1 23332 161 9686
13349 3 1 23333 9686 3396
13355 3 1 23334 3396 9687
13357 3 1 23335 9687 6
13539 3 1 23204 4 9622
13541 3 1 23205 9622 3347
13547 3 1 23206 3347 9623
13549 3 1 23207 9623 163
13555 3 1 23340 163 9690
13557 3 1 23341 9690 3398
13563 3 1 23342 3398 9691
13565 3 1 23343 9691 162
14392 3 3 23200 4 9620
14393 3 3 23201 9620 3346
14396 3 3 23202 3346 9621
14397 3 3 23203 9621 155
14440 3 3 23316 155 9678
14441 3 3 23317 9678 3392
14444 3 3 23318 3392 9679
14445 3 3 23319 9679 156
16899 3 1 23216 6 9628
16901 3 1 23217 9628 3350
16907 3 1 23218 3350 9629
16909 3 1 23219 9629 160
16915 3 1 23328 160 9684
16917 3 1 23329 9684 3395
16923 3 1 23330 3395 9685
16925 3 1 23331 9685 159
17096 3 3 23324 158 9682
17097 3 3 23325 9682 3394
17100 3 3 23326 3394 9683
17101 3 3 23327 9683 159
17112 3 3 23212 5 9626
17113 3 3 23213 9626 3349
17116 3 3 23214 3349 9627
17117 3 3 23215 9627 158
