395 1 2 184 94 95
396 1 2 186 95 96
399 1 0 181 93 92
400 1 0 183 94 93
411 1 2 172 88 89
412 1 2 174 89 90
422 0 1 231 119 120
423 0 1 232 120 121
431 1 2 176 90 91
432 1 2 178 91 92
441 1 0 193 99 98
442 1 0 195 100 99
459 1 2 188 96 97
460 1 2 190 97 98
471 1 0 35 19 18
472 1 0 37 20 19
475 1 0 197 101 100
476 1 0 199 102 101
491 1 2 42 22 23
492 1 2 44 23 24
511 1 0 51 27 26
512 1 0 53 28 27
523 1 2 58 30 31
524 1 2 60 31 32
527 1 0 39 21 20
528 1 0 41 22 21
531 1 2 66 34 35
532 1 2 68 35 36
547 1 0 47 25 24
548 1 0 49 26 25
551 1 2 54 28 29
552 1 2 56 29 30
555 1 0 63 33 32
556 1 0 65 34 33
564 1 2 168 86 87
565 1 2 170 87 88
615 1 0 31 17 16
616 1 0 33 18 17
635 1 0 201 103 102
636 1 0 203 104 103
639 1 0 71 37 36
640 1 0 73 38 37
646 0 3 247 136 135
647 0 3 248 137 136
651 0 1 249 137 138
652 0 1 250 138 139
678 1 2 164 84 85
679 1 2 166 85 86
702 0 1 245 133 134
703 0 1 246 134 135
717 2 0 140 72 71
718 2 0 3 2 72
718 1 2 4 2 73
719 1 2 142 73 74
725 0 1 241 129 130
726 0 1 242 130 131
728 0 1 243 131 132
729 0 1 244 132 133
743 2 0 108 56 55
745 1 0 27 15 14
746 1 0 29 16 15
749 1 0 75 39 38
750 1 0 77 40 39
765 0 1 239 127 128
766 0 1 240 128 129
772 1 0 205 105 104
773 1 0 207 106 105
785 0 1 237 125 126
786 0 1 238 126 127
797 1 2 160 82 83
798 1 2 162 83 84
823 2 2 97 50 51
825 1 0 95 49 48
826 1 0 1 1 49
826 2 2 2 1 50
828 2 2 99 51 52
829 2 2 101 52 53
833 2 2 103 53 54
834 2 2 105 54 55
844 1 2 156 80 81
845 1 2 158 81 82
858 2 2 129 66 67
862 0 3 251 140 139
863 0 3 252 141 140
866 2 0 132 68 67
867 2 0 134 69 68
871 2 0 136 70 69
872 2 0 138 71 70
885 0 3 235 124 123
886 0 3 236 125 124
895 0 1 228 116 117
897 1 2 224 114 115
898 0 1 5 3 116
898 1 2 226 115 3
900 1 2 152 78 79
901 1 2 154 79 80
907 0 3 265 154 153
908 1 0 11 7 0
908 0 3 0 0 154
909 1 0 13 8 7
912 1 2 208 106 107
913 1 2 210 107 108
948 0 1 253 141 142
949 0 1 254 142 143
958 1 0 83 43 42
959 1 0 85 44 43
966 1 2 144 74 75
967 1 2 146 75 76
972 0 1 234 122 123
974 0 1 233 121 122
992 0 3 255 144 143
993 0 3 256 145 144
995 1 0 81 42 41
998 1 0 79 41 40
999 1 0 151 78 77
1002 1 0 149 77 76
1010 0 3 257 146 145
1011 0 3 258 147 146
1016 0 3 259 148 147
1017 0 3 260 149 148
1020 0 3 261 150 149
1021 0 3 262 151 150
1025 0 3 263 152 151
1026 0 3 264 153 152
1038 1 2 88 45 46
1041 1 2 86 44 45
1043 1 0 91 47 46
1044 1 0 93 48 47
1052 1 2 14 8 9
1057 1 2 222 113 114
1074 0 1 230 118 119
1077 0 1 229 117 118
4486 1 0 6638 14 3360
4488 1 0 6639 3360 13
4630 2 0 6672 65 3377
4632 2 0 6673 3377 64
4694 2 2 6674 65 3378
4695 2 2 6675 3378 66
4806 1 0 6682 109 3382
4808 1 0 6683 3382 108
5118 1 2 6620 9 3351
5119 1 2 6621 3351 10
5146 1 2 6696 112 3389
5147 1 2 6697 3389 113
6270 2 0 23134 57 9587
6272 2 0 23135 9587 56
8886 2 0 23244 58 9642
8888 2 0 23245 9642 3363
8894 2 0 23246 3363 9643
8896 2 0 23247 9643 57
9654 1 0 23292 110 9666
9656 1 0 23293 9666 3384
9662 1 0 23294 3384 9667
9664 1 0 23295 9667 109
9686 1 2 23304 111 9672
9687 1 2 23305 9672 3387
9690 1 2 23306 3387 9673
9691 1 2 23307 9673 112
9910 1 0 23224 11 9632
9912 1 0 23225 9632 3354
9918 1 0 23226 3354 9633
9920 1 0 23227 9633 10
12870 2 0 46566 59 18466
12872 2 0 46567 18466 3365
12878 2 0 46568 3365 18467
12880 2 0 46569 18467 58
12950 1 0 46558 13 18462
12952 1 0 46559 18462 3358
12958 1 0 46560 3358 18463
12960 1 0 46561 18463 12
13014 2 0 46570 64 18468
13016 2 0 46571 18468 3375
13022 2 0 46572 3375 18469
13024 2 0 46573 18469 63
15851 3 1 47622 157 18994
15853 3 1 47623 18994 9680
15859 3 1 47624 9680 18995
15861 3 1 47625 18995 3393
15883 3 1 47626 3393 18996
15885 3 1 47627 18996 9681
15891 3 1 47628 9681 18997
15893 3 1 47629 18997 156
16043 3 1 47470 5 18918
16045 3 1 47471 18918 9624
16051 3 1 47472 9624 18919
16053 3 1 47473 18919 3348
16075 3 1 47474 3348 18920
16077 3 1 47475 18920 9625
16083 3 1 47476 9625 18921
16085 3 1 47477 18921 157
22870 2 2 47518 59 18942
22871 2 2 47519 18942 9646
22874 2 2 47520 9646 18943
22875 2 2 47521 18943 3366
22886 2 2 47522 3366 18944
22887 2 2 47523 18944 9647
22890 2 2 47524 9647 18945
22891 2 2 47525 18945 60
22934 2 2 47534 60 18950
22935 2 2 47535 18950 9650
22938 2 2 47536 9650 18951
22939 2 2 47537 18951 3368
22950 2 2 47538 3368 18952
22951 2 2 47539 18952 9651
22954 2 2 47540 9651 18953
22955 2 2 47541 18953 61
23766 2 0 47558 62 18962
23768 2 0 47559 18962 9656
23774 2 0 47560 9656 18963
23776 2 0 47561 18963 3371
23798 2 0 47562 3371 18964
23800 2 0 47563 18964 9657
23806 2 0 47564 9657 18965
23808 2 0 47565 18965 61
23830 2 0 47574 63 18970
23832 2 0 47575 18970 9660
23838 2 0 47576 9660 18971
23840 2 0 47577 18971 3373
23862 2 0 47578 3373 18972
23864 2 0 47579 18972 9661
23870 2 0 47580 9661 18973
23872 2 0 47581 18973 62
24534 1 2 47590 110 18978
24535 1 2 47591 18978 9668
24538 1 2 47592 9668 18979
24539 1 2 47593 18979 3385
24550 1 2 47594 3385 18980
24551 1 2 47595 18980 9669
24554 1 2 47596 9669 18981
24555 1 2 47597 18981 111
25430 1 0 47502 12 18934
25432 1 0 47503 18934 9636
25438 1 0 47504 9636 18935
25440 1 0 47505 18935 3356
25462 1 0 47506 3356 18936
25464 1 0 47507 18936 9637
25470 1 0 47508 9637 18937
25472 1 0 47509 18937 11
25835 3 1 47654 162 19010
25837 3 1 47655 19010 9688
25843 3 1 47656 9688 19011
25845 3 1 47657 19011 3397
25867 3 1 47658 3397 19012
25869 3 1 47659 19012 9689
25875 3 1 47660 9689 19013
25877 3 1 47661 19013 161
25899 3 1 47646 161 19006
25901 3 1 47647 19006 9686
25907 3 1 47648 9686 19007
25909 3 1 47649 19007 3396
25931 3 1 47650 3396 19008
25933 3 1 47651 19008 9687
25939 3 1 47652 9687 19009
25941 3 1 47653 19009 6
26283 3 1 47462 4 18914
26285 3 1 47463 18914 9622
26291 3 1 47464 9622 18915
26293 3 1 47465 18915 3347
26315 3 1 47466 3347 18916
26317 3 1 47467 18916 9623
26323 3 1 47468 9623 18917
26325 3 1 47469 18917 163
26347 3 1 47662 163 19014
26349 3 1 47663 19014 9690
26355 3 1 47664 9690 19015
26357 3 1 47665 19015 3398
26379 3 1 47666 3398 19016
26381 3 1 47667 19016 9691
26387 3 1 47668 9691 19017
26389 3 1 47669 19017 162
27520 3 3 47454 4 18910
27521 3 3 47455 18910 9620
27524 3 3 47456 9620 18911
27525 3 3 47457 18911 3346
27536 3 3 47458 3346 18912
27537 3 3 47459 18912 9621
27540 3 3 47460 9621 18913
27541 3 3 47461 18913 155
27712 3 3 47614 155 18990
27713 3 3 47615 18990 9678
27716 3 3 47616 9678 18991
27717 3 3 47617 18991 3392
27728 3 3 47618 3392 18992
27729 3 3 47619 18992 9679
27732 3 3 47620 9679 18993
27733 3 3 47621 18993 156
32107 3 1 47486 6 18926
32109 3 1 47487 18926 9628
32115 3 1 47488 9628 18927
32117 3 1 47489 18927 3350
32139 3 1 47490 3350 18928
32141 3 1 47491 18928 9629
32147 3 1 47492 9629 18929
32149 3 1 47493 18929 160
32171 3 1 47638 160 19002
32173 3 1 47639 19002 9684
32179 3 1 47640 9684 19003
32181 3 1 47641 19003 3395
32203 3 1 47642 3395 19004
32205 3 1 47643 19004 9685
32211 3 1 47644 9685 19005
32213 3 1 47645 19005 159
32512 3 3 47630 158 18998
32513 3 3 47631 18998 9682
32516 3 3 47632 9682 18999
32517 3 3 47633 18999 3394
32528 3 3 47634 3394 19000
32529 3 3 47635 19000 9683
32532 3 3 47636 9683 19001
32533 3 3 47637 19001 159
32576 3 3 47478 5 18922
32577 3 3 47479 18922 9626
32580 3 3 47480 9626 18923
32581 3 3 47481 18923 3349
32592 3 3 47482 3349 18924
32593 3 3 47483 18924 9627
32596 3 3 47484 9627 18925
32597 3 3 47485 18925 158
