418 1 2 184 94 95
419 1 2 186 95 96
422 1 0 181 93 92
423 1 0 183 94 93
438 1 2 172 88 89
439 1 2 174 89 90
452 0 1 231 119 120
453 0 1 232 120 121
461 1 2 176 90 91
462 1 2 178 91 92
471 1 0 193 99 98
472 1 0 195 100 99
490 1 2 188 96 97
491 1 2 190 97 98
502 1 0 35 19 18
503 1 0 37 20 19
506 1 0 197 101 100
507 1 0 199 102 101
522 1 2 42 22 23
523 1 2 44 23 24
537 1 0 51 27 26
538 1 0 53 28 27
548 1 2 58 30 31
549 1 2 60 31 32
552 1 0 39 21 20
553 1 0 41 22 21
556 1 2 66 34 35
557 1 2 68 35 36
571 1 0 47 25 24
572 1 0 49 26 25
575 1 2 54 28 29
576 1 2 56 29 30
579 1 0 63 33 32
580 1 0 65 34 33
589 1 2 168 86 87
590 1 2 170 87 88
651 1 0 31 17 16
652 1 0 33 18 17
671 1 0 201 103 102
672 1 0 203 104 103
675 1 0 71 37 36
676 1 0 73 38 37
682 0 3 247 136 135
683 0 3 248 137 136
687 0 1 249 137 138
688 0 1 250 138 139
717 1 2 164 84 85
718 1 2 166 85 86
741 0 1 245 133 134
742 0 1 246 134 135
758 2 0 140 72 71
759 2 0 3 2 72
759 1 2 4 2 73
760 1 2 142 73 74
766 0 1 241 129 130
767 0 1 242 130 131
771 0 1 243 131 132
772 0 1 244 132 133
786 2 0 108 56 55
788 1 0 27 15 14
789 1 0 29 16 15
794 1 0 75 39 38
795 1 0 77 40 39
807 0 1 239 127 128
808 0 1 240 128 129
812 1 0 205 105 104
813 1 0 207 106 105
831 0 1 237 125 126
832 0 1 238 126 127
837 1 2 160 82 83
838 1 2 162 83 84
864 2 2 97 50 51
866 1 0 95 49 48
867 1 0 1 1 49
867 2 2 2 1 50
869 2 2 99 51 52
870 2 2 101 52 53
874 2 2 103 53 54
875 2 2 105 54 55
885 1 2 156 80 81
886 1 2 158 81 82
904 0 3 251 140 139
905 0 3 252 141 140
908 2 0 132 68 67
909 2 0 134 69 68
913 2 0 136 70 69
914 2 0 138 71 70
928 0 3 235 124 123
929 0 3 236 125 124
940 0 1 228 116 117
942 1 2 224 114 115
943 0 1 5 3 116
943 1 2 226 115 3
945 1 2 152 78 79
946 1 2 154 79 80
958 0 3 265 154 153
959 1 0 11 7 0
959 0 3 0 0 154
960 1 0 13 8 7
963 1 2 208 106 107
964 1 2 210 107 108
1000 0 1 253 141 142
1001 0 1 254 142 143
1012 1 0 83 43 42
1013 1 0 85 44 43
1020 1 2 144 74 75
1021 1 2 146 75 76
1025 0 1 234 122 123
1028 0 1 233 121 122
1043 0 3 255 144 143
1044 0 3 256 145 144
1046 1 0 81 42 41
1049 1 0 79 41 40
1050 1 0 151 78 77
1053 1 0 149 77 76
1063 0 3 257 146 145
1064 0 3 258 147 146
1069 0 3 259 148 147
1070 0 3 260 149 148
1073 0 3 261 150 149
1074 0 3 262 151 150
1078 0 3 263 152 151
1079 0 3 264 153 152
1090 1 2 88 45 46
1093 1 2 86 44 45
1095 1 0 91 47 46
1096 1 0 93 48 47
1105 1 2 14 8 9
1110 1 2 222 113 114
1135 0 1 230 118 119
1138 0 1 229 117 118
4102 2 0 6648 58 3365
4104 2 0 6649 3365 57
4238 2 0 6644 57 3363
4240 2 0 6645 3363 56
4366 1 0 6638 14 3360
4368 1 0 6639 3360 13
4530 2 0 6676 65 3379
4532 2 0 6677 3379 64
4598 2 2 6678 65 3380
4599 2 2 6679 3380 66
4602 2 2 6682 66 3382
4603 2 2 6683 3382 67
4722 1 0 6690 109 3386
4724 1 0 6691 3386 108
5074 1 2 6620 9 3351
5075 1 2 6621 3351 10
5102 1 2 6704 112 3393
5103 1 2 6705 3393 113
8666 2 0 22898 3367 9517
8668 2 0 22899 9517 58
9038 1 0 22884 13 9510
9040 1 0 22885 9510 3358
9046 1 0 22886 3358 9511
9048 1 0 22887 9511 12
9178 2 0 22936 64 9536
9180 2 0 22937 9536 3377
9186 2 0 22938 3377 9537
9188 2 0 22939 9537 63
9494 1 0 22948 110 9542
9496 1 0 22949 9542 3388
9502 1 0 22950 3388 9543
9504 1 0 22951 9543 109
9542 1 2 22960 111 9548
9543 1 2 22961 9548 3391
9546 1 2 22962 3391 9549
9547 1 2 22963 9549 112
9750 1 0 22876 12 9506
9752 1 0 22877 9506 3356
9758 1 0 22878 3356 9507
9760 1 0 22879 9507 11
9798 1 0 22868 11 9502
9800 1 0 22869 9502 3354
9806 1 0 22870 3354 9503
9808 1 0 22871 9503 10
15686 2 0 46556 63 18566
15688 2 0 46557 18566 9532
15694 2 0 46558 9532 18567
15696 2 0 46559 18567 3375
15718 2 0 46560 3375 18568
15720 2 0 46561 18568 9533
15726 2 0 46562 9533 18569
15728 2 0 46563 18569 62
16262 1 2 46572 110 18574
16263 1 2 46573 18574 9544
16266 1 2 46574 9544 18575
16267 1 2 46575 18575 3389
16278 1 2 46576 3389 18576
16279 1 2 46577 18576 9545
16282 1 2 46578 9545 18577
16283 1 2 46579 18577 111
17392 3 3 46460 4 18518
17393 3 3 46461 18518 9490
17396 3 3 46462 9490 18519
17397 3 3 46463 18519 3346
17408 3 3 46464 3346 18520
17409 3 3 46465 18520 9491
17412 3 3 46466 9491 18521
17413 3 3 46467 18521 155
24006 2 0 89728 59 34763
24008 2 0 89729 34763 9516
24014 2 0 89730 9516 34764
24016 2 0 89731 34764 3367
32171 3 1 91512 157 35655
32173 3 1 91513 35655 18590
32179 3 1 91514 18590 35656
32181 3 1 91515 35656 9556
32203 3 1 91516 9556 35657
32205 3 1 91517 35657 18591
32211 3 1 91518 18591 35658
32213 3 1 91519 35658 3397
32299 3 1 91520 3397 35659
32301 3 1 91521 35659 18592
32307 3 1 91522 18592 35660
32309 3 1 91523 35660 9557
32331 3 1 91524 9557 35661
32333 3 1 91525 35661 18593
32339 3 1 91526 18593 35662
32341 3 1 91527 35662 156
32683 3 1 91336 5 35567
32685 3 1 91337 35567 18526
32691 3 1 91338 18526 35568
32693 3 1 91339 35568 9494
32715 3 1 91340 9494 35569
32717 3 1 91341 35569 18527
32723 3 1 91342 18527 35570
32725 3 1 91343 35570 3348
32811 3 1 91344 3348 35571
32813 3 1 91345 35571 18528
32819 3 1 91346 18528 35572
32821 3 1 91347 35572 9495
32843 3 1 91348 9495 35573
32845 3 1 91349 35573 18529
32851 3 1 91350 18529 35574
32853 3 1 91351 35574 157
51542 2 2 91384 59 35591
51543 2 2 91385 35591 18538
51546 2 2 91386 18538 35592
51547 2 2 91387 35592 9518
51558 2 2 91388 9518 35593
51559 2 2 91389 35593 18539
51562 2 2 91390 18539 35594
51563 2 2 91391 35594 3368
51606 2 2 91392 3368 35595
51607 2 2 91393 35595 18540
51610 2 2 91394 18540 35596
51611 2 2 91395 35596 9519
51622 2 2 91396 9519 35597
51623 2 2 91397 35597 18541
51626 2 2 91398 18541 35598
51627 2 2 91399 35598 60
51798 2 2 91416 60 35607
51799 2 2 91417 35607 18546
51802 2 2 91418 18546 35608
51803 2 2 91419 35608 9522
51814 2 2 91420 9522 35609
51815 2 2 91421 35609 18547
51818 2 2 91422 18547 35610
51819 2 2 91423 35610 3370
51862 2 2 91424 3370 35611
51863 2 2 91425 35611 18548
51866 2 2 91426 18548 35612
51867 2 2 91427 35612 9523
51878 2 2 91428 9523 35613
51879 2 2 91429 35613 18549
51882 2 2 91430 18549 35614
51883 2 2 91431 35614 61
53846 2 0 91464 62 35631
53848 2 0 91465 35631 18558
53854 2 0 91466 18558 35632
53856 2 0 91467 35632 9528
53878 2 0 91468 9528 35633
53880 2 0 91469 35633 18559
53886 2 0 91470 18559 35634
53888 2 0 91471 35634 3373
53974 2 0 91472 3373 35635
53976 2 0 91473 35635 18560
53982 2 0 91474 18560 35636
53984 2 0 91475 35636 9529
54006 2 0 91476 9529 35637
54008 2 0 91477 35637 18561
54014 2 0 91478 18561 35638
54016 2 0 91479 35638 61
57515 3 1 91576 162 35687
57517 3 1 91577 35687 18606
57523 3 1 91578 18606 35688
57525 3 1 91579 35688 9564
57547 3 1 91580 9564 35689
57549 3 1 91581 35689 18607
57555 3 1 91582 18607 35690
57557 3 1 91583 35690 3401
57643 3 1 91584 3401 35691
57645 3 1 91585 35691 18608
57651 3 1 91586 18608 35692
57653 3 1 91587 35692 9565
57675 3 1 91588 9565 35693
57677 3 1 91589 35693 18609
57683 3 1 91590 18609 35694
57685 3 1 91591 35694 161
57771 3 1 91560 161 35679
57773 3 1 91561 35679 18602
57779 3 1 91562 18602 35680
57781 3 1 91563 35680 9562
57803 3 1 91564 9562 35681
57805 3 1 91565 35681 18603
57811 3 1 91566 18603 35682
57813 3 1 91567 35682 3400
57899 3 1 91568 3400 35683
57901 3 1 91569 35683 18604
57907 3 1 91570 18604 35684
57909 3 1 91571 35684 9563
57931 3 1 91572 9563 35685
57933 3 1 91573 35685 18605
57939 3 1 91574 18605 35686
57941 3 1 91575 35686 6
58283 3 1 91320 4 35559
58285 3 1 91321 35559 18522
58291 3 1 91322 18522 35560
58293 3 1 91323 35560 9492
58315 3 1 91324 9492 35561
58317 3 1 91325 35561 18523
58323 3 1 91326 18523 35562
58325 3 1 91327 35562 3347
58411 3 1 91328 3347 35563
58413 3 1 91329 35563 18524
58419 3 1 91330 18524 35564
58421 3 1 91331 35564 9493
58443 3 1 91332 9493 35565
58445 3 1 91333 35565 18525
58451 3 1 91334 18525 35566
58453 3 1 91335 35566 163
58539 3 1 91592 163 35695
58541 3 1 91593 35695 18610
58547 3 1 91594 18610 35696
58549 3 1 91595 35696 9566
58571 3 1 91596 9566 35697
58573 3 1 91597 35697 18611
58579 3 1 91598 18611 35698
58581 3 1 91599 35698 3402
58667 3 1 91600 3402 35699
58669 3 1 91601 35699 18612
58675 3 1 91602 18612 35700
58677 3 1 91603 35700 9567
58699 3 1 91604 9567 35701
58701 3 1 91605 35701 18613
58707 3 1 91606 18613 35702
58709 3 1 91607 35702 162
60416 3 3 91496 155 35647
60417 3 3 91497 35647 18586
60420 3 3 91498 18586 35648
60421 3 3 91499 35648 9554
60432 3 3 91500 9554 35649
60433 3 3 91501 35649 18587
60436 3 3 91502 18587 35650
60437 3 3 91503 35650 3396
60480 3 3 91504 3396 35651
60481 3 3 91505 35651 18588
60484 3 3 91506 18588 35652
60485 3 3 91507 35652 9555
60496 3 3 91508 9555 35653
60497 3 3 91509 35653 18589
60500 3 3 91510 18589 35654
60501 3 3 91511 35654 156
61355 3 1 91368 6 35583
61357 3 1 91369 35583 18534
61363 3 1 91370 18534 35584
61365 3 1 91371 35584 9498
61387 3 1 91372 9498 35585
61389 3 1 91373 35585 18535
61395 3 1 91374 18535 35586
61397 3 1 91375 35586 3350
61483 3 1 91376 3350 35587
61485 3 1 91377 35587 18536
61491 3 1 91378 18536 35588
61493 3 1 91379 35588 9499
61515 3 1 91380 9499 35589
61517 3 1 91381 35589 18537
61523 3 1 91382 18537 35590
61525 3 1 91383 35590 160
61611 3 1 91544 160 35671
61613 3 1 91545 35671 18598
61619 3 1 91546 18598 35672
61621 3 1 91547 35672 9560
61643 3 1 91548 9560 35673
61645 3 1 91549 35673 18599
61651 3 1 91550 18599 35674
61653 3 1 91551 35674 3399
61739 3 1 91552 3399 35675
61741 3 1 91553 35675 18600
61747 3 1 91554 18600 35676
61749 3 1 91555 35676 9561
61771 3 1 91556 9561 35677
61773 3 1 91557 35677 18601
61779 3 1 91558 18601 35678
61781 3 1 91559 35678 159
62464 3 3 91528 158 35663
62465 3 3 91529 35663 18594
62468 3 3 91530 18594 35664
62469 3 3 91531 35664 9558
62480 3 3 91532 9558 35665
62481 3 3 91533 35665 18595
62484 3 3 91534 18595 35666
62485 3 3 91535 35666 3398
62528 3 3 91536 3398 35667
62529 3 3 91537 35667 18596
62532 3 3 91538 18596 35668
62533 3 3 91539 35668 9559
62544 3 3 91540 9559 35669
62545 3 3 91541 35669 18597
62548 3 3 91542 18597 35670
62549 3 3 91543 35670 159
62720 3 3 91352 5 35575
62721 3 3 91353 35575 18530
62724 3 3 91354 18530 35576
62725 3 3 91355 35576 9496
62736 3 3 91356 9496 35577
62737 3 3 91357 35577 18531
62740 3 3 91358 18531 35578
62741 3 3 91359 35578 3349
62784 3 3 91360 3349 35579
62785 3 3 91361 35579 18532
62788 3 3 91362 18532 35580
62789 3 3 91363 35580 9497
62800 3 3 91364 9497 35581
62801 3 3 91365 35581 18533
62804 3 3 91366 18533 35582
62805 3 3 91367 35582 158
