418 1 2 184 94 95
419 1 2 186 95 96
422 1 0 181 93 92
423 1 0 183 94 93
438 1 2 172 88 89
439 1 2 174 89 90
452 0 1 231 119 120
453 0 1 232 120 121
461 1 2 176 90 91
462 1 2 178 91 92
471 1 0 193 99 98
472 1 0 195 100 99
490 1 2 188 96 97
491 1 2 190 97 98
502 1 0 35 19 18
503 1 0 37 20 19
506 1 0 197 101 100
507 1 0 199 102 101
522 1 2 42 22 23
523 1 2 44 23 24
537 1 0 51 27 26
538 1 0 53 28 27
548 1 2 58 30 31
549 1 2 60 31 32
552 1 0 39 21 20
553 1 0 41 22 21
556 1 2 66 34 35
557 1 2 68 35 36
571 1 0 47 25 24
572 1 0 49 26 25
575 1 2 54 28 29
576 1 2 56 29 30
579 1 0 63 33 32
580 1 0 65 34 33
590 1 2 168 86 87
591 1 2 170 87 88
652 1 0 31 17 16
653 1 0 33 18 17
672 1 0 201 103 102
673 1 0 203 104 103
676 1 0 71 37 36
677 1 0 73 38 37
683 0 3 247 136 135
684 0 3 248 137 136
688 0 1 249 137 138
689 0 1 250 138 139
718 1 2 164 84 85
719 1 2 166 85 86
742 0 1 245 133 134
743 0 1 246 134 135
759 2 0 140 72 71
760 2 0 3 2 72
760 1 2 4 2 73
761 1 2 142 73 74
767 0 1 241 129 130
768 0 1 242 130 131
772 0 1 243 131 132
773 0 1 244 132 133
787 2 0 108 56 55
789 1 0 27 15 14
790 1 0 29 16 15
795 1 0 75 39 38
796 1 0 77 40 39
808 0 1 239 127 128
809 0 1 240 128 129
813 1 0 205 105 104
814 1 0 207 106 105
832 0 1 237 125 126
833 0 1 238 126 127
838 1 2 160 82 83
839 1 2 162 83 84
865 2 2 97 50 51
867 1 0 95 49 48
868 1 0 1 1 49
868 2 2 2 1 50
870 2 2 99 51 52
871 2 2 101 52 53
875 2 2 103 53 54
876 2 2 105 54 55
886 1 2 156 80 81
887 1 2 158 81 82
905 0 3 251 140 139
906 0 3 252 141 140
909 2 0 132 68 67
910 2 0 134 69 68
914 2 0 136 70 69
915 2 0 138 71 70
929 0 3 235 124 123
930 0 3 236 125 124
941 0 1 228 116 117
943 1 2 224 114 115
944 0 1 5 3 116
944 1 2 226 115 3
946 1 2 152 78 79
947 1 2 154 79 80
959 0 3 265 154 153
960 1 0 11 7 0
960 0 3 0 0 154
961 1 0 13 8 7
964 1 2 208 106 107
965 1 2 210 107 108
1001 0 1 253 141 142
1002 0 1 254 142 143
1013 1 0 83 43 42
1014 1 0 85 44 43
1021 1 2 144 74 75
1022 1 2 146 75 76
1026 0 1 234 122 123
1029 0 1 233 121 122
1044 0 3 255 144 143
1045 0 3 256 145 144
1047 1 0 81 42 41
1050 1 0 79 41 40
1051 1 0 151 78 77
1054 1 0 149 77 76
1064 0 3 257 146 145
1065 0 3 258 147 146
1070 0 3 259 148 147
1071 0 3 260 149 148
1074 0 3 261 150 149
1075 0 3 262 151 150
1079 0 3 263 152 151
1080 0 3 264 153 152
1091 1 2 88 45 46
1094 1 2 86 44 45
1096 1 0 91 47 46
1097 1 0 93 48 47
1106 1 2 14 8 9
1111 1 2 222 113 114
1136 0 1 230 118 119
1139 0 1 229 117 118
4207 2 0 6648 58 3365
4209 2 0 6649 3365 57
4351 2 0 6644 57 3363
4353 2 0 6645 3363 56
4479 1 0 6638 14 3360
4481 1 0 6639 3360 13
4655 2 0 6676 65 3379
4657 2 0 6677 3379 64
4727 2 2 6678 65 3380
4728 2 2 6679 3380 66
4731 2 2 6682 66 3382
4732 2 2 6683 3382 67
4851 1 0 6690 109 3386
4853 1 0 6691 3386 108
5203 1 2 6620 9 3351
5204 1 2 6621 3351 10
5231 1 2 6704 112 3393
5232 1 2 6705 3393 113
7736 3 1 22976 157 9556
7738 3 1 22977 9556 3397
7744 3 1 22978 3397 9557
7746 3 1 22979 9557 156
7784 3 1 22852 5 9494
7786 3 1 22853 9494 3348
7792 3 1 22854 3348 9495
7794 3 1 22855 9495 157
11539 2 2 22900 59 9518
11540 2 2 22901 9518 3368
11543 2 2 22902 3368 9519
11544 2 2 22903 9519 60
11555 2 2 22908 60 9522
11556 2 2 22909 9522 3370
11559 2 2 22910 3370 9523
11560 2 2 22911 9523 61
11571 2 0 22896 59 9516
11573 2 0 22897 9516 3367
11579 2 0 22898 3367 9517
11581 2 0 22899 9517 58
12115 1 0 22884 13 9510
12117 1 0 22885 9510 3358
12123 1 0 22886 3358 9511
12125 1 0 22887 9511 12
12163 2 0 22920 62 9528
12165 2 0 22921 9528 3373
12171 2 0 22922 3373 9529
12173 2 0 22923 9529 61
12179 2 0 22928 63 9532
12181 2 0 22929 9532 3375
12187 2 0 22930 3375 9533
12189 2 0 22931 9533 62
12339 2 0 22936 64 9536
12341 2 0 22937 9536 3377
12347 2 0 22938 3377 9537
12349 2 0 22939 9537 63
12739 1 0 22948 110 9542
12741 1 0 22949 9542 3388
12747 1 0 22950 3388 9543
12749 1 0 22951 9543 109
12803 1 2 22952 110 9544
12804 1 2 22953 9544 3389
12807 1 2 22954 3389 9545
12808 1 2 22955 9545 111
12819 1 2 22960 111 9548
12820 1 2 22961 9548 3391
12823 1 2 22962 3391 9549
12824 1 2 22963 9549 112
13235 1 0 22876 12 9506
13237 1 0 22877 9506 3356
13243 1 0 22878 3356 9507
13245 1 0 22879 9507 11
13283 1 0 22868 11 9502
13285 1 0 22869 9502 3354
13291 1 0 22870 3354 9503
13293 1 0 22871 9503 10
13496 3 1 22992 162 9564
13498 3 1 22993 9564 3401
13504 3 1 22994 3401 9565
13506 3 1 22995 9565 161
13512 3 1 22988 161 9562
13514 3 1 22989 9562 3400
13520 3 1 22990 3400 9563
13522 3 1 22991 9563 6
13672 3 1 22848 4 9492
13674 3 1 22849 9492 3347
13680 3 1 22850 3347 9493
13682 3 1 22851 9493 163
13688 3 1 22996 163 9566
13690 3 1 22997 9566 3402
13696 3 1 22998 3402 9567
13698 3 1 22999 9567 162
14381 3 3 22844 4 9490
14382 3 3 22845 9490 3346
14385 3 3 22846 3346 9491
14386 3 3 22847 9491 155
14429 3 3 22972 155 9554
14430 3 3 22973 9554 3396
14433 3 3 22974 3396 9555
14434 3 3 22975 9555 156
16472 3 1 22860 6 9498
16474 3 1 22861 9498 3350
16480 3 1 22862 3350 9499
16482 3 1 22863 9499 160
16488 3 1 22984 160 9560
16490 3 1 22985 9560 3399
16496 3 1 22986 3399 9561
16498 3 1 22987 9561 159
16621 3 3 22980 158 9558
16622 3 3 22981 9558 3398
16625 3 3 22982 3398 9559
16626 3 3 22983 9559 159
16637 3 3 22856 5 9496
16638 3 3 22857 9496 3349
16641 3 3 22858 3349 9497
16642 3 3 22859 9497 158
