418 1 2 184 94 95
419 1 2 186 95 96
422 1 0 181 93 92
423 1 0 183 94 93
438 1 2 172 88 89
439 1 2 174 89 90
452 0 1 231 119 120
453 0 1 232 120 121
461 1 2 176 90 91
462 1 2 178 91 92
471 1 0 193 99 98
472 1 0 195 100 99
490 1 2 188 96 97
491 1 2 190 97 98
502 1 0 35 19 18
503 1 0 37 20 19
506 1 0 197 101 100
507 1 0 199 102 101
522 1 2 42 22 23
523 1 2 44 23 24
537 1 0 51 27 26
538 1 0 53 28 27
548 1 2 58 30 31
549 1 2 60 31 32
552 1 0 39 21 20
553 1 0 41 22 21
556 1 2 66 34 35
557 1 2 68 35 36
571 1 0 47 25 24
572 1 0 49 26 25
575 1 2 54 28 29
576 1 2 56 29 30
579 1 0 63 33 32
580 1 0 65 34 33
590 1 2 168 86 87
591 1 2 170 87 88
652 1 0 31 17 16
653 1 0 33 18 17
672 1 0 201 103 102
673 1 0 203 104 103
676 1 0 71 37 36
677 1 0 73 38 37
683 0 3 247 136 135
684 0 3 248 137 136
688 0 1 249 137 138
689 0 1 250 138 139
718 1 2 164 84 85
719 1 2 166 85 86
742 0 1 245 133 134
743 0 1 246 134 135
759 2 0 140 72 71
760 2 0 3 2 72
760 1 2 4 2 73
761 1 2 142 73 74
767 0 1 241 129 130
768 0 1 242 130 131
772 0 1 243 131 132
773 0 1 244 132 133
787 2 0 108 56 55
789 1 0 27 15 14
790 1 0 29 16 15
795 1 0 75 39 38
796 1 0 77 40 39
808 0 1 239 127 128
809 0 1 240 128 129
813 1 0 205 105 104
814 1 0 207 106 105
832 0 1 237 125 126
833 0 1 238 126 127
838 1 2 160 82 83
839 1 2 162 83 84
865 2 2 97 50 51
867 1 0 95 49 48
868 1 0 1 1 49
868 2 2 2 1 50
870 2 2 99 51 52
871 2 2 101 52 53
875 2 2 103 53 54
876 2 2 105 54 55
886 1 2 156 80 81
887 1 2 158 81 82
905 0 3 251 140 139
906 0 3 252 141 140
909 2 0 132 68 67
910 2 0 134 69 68
914 2 0 136 70 69
915 2 0 138 71 70
929 0 3 235 124 123
930 0 3 236 125 124
941 0 1 228 116 117
943 1 2 224 114 115
944 0 1 5 3 116
944 1 2 226 115 3
946 1 2 152 78 79
947 1 2 154 79 80
959 0 3 265 154 153
960 1 0 11 7 0
960 0 3 0 0 154
961 1 0 13 8 7
964 1 2 208 106 107
965 1 2 210 107 108
1001 0 1 253 141 142
1002 0 1 254 142 143
1013 1 0 83 43 42
1014 1 0 85 44 43
1021 1 2 144 74 75
1022 1 2 146 75 76
1026 0 1 234 122 123
1029 0 1 233 121 122
1044 0 3 255 144 143
1045 0 3 256 145 144
1047 1 0 81 42 41
1050 1 0 79 41 40
1051 1 0 151 78 77
1054 1 0 149 77 76
1064 0 3 257 146 145
1065 0 3 258 147 146
1070 0 3 259 148 147
1071 0 3 260 149 148
1074 0 3 261 150 149
1075 0 3 262 151 150
1079 0 3 263 152 151
1080 0 3 264 153 152
1091 1 2 88 45 46
1094 1 2 86 44 45
1096 1 0 91 47 46
1097 1 0 93 48 47
1106 1 2 14 8 9
1111 1 2 222 113 114
1136 0 1 230 118 119
1139 0 1 229 117 118
2108 3 1 6712 157 3397
2110 3 1 6713 3397 156
2120 3 1 6614 5 3348
2122 3 1 6615 3348 157
5487 2 2 6654 59 3368
5488 2 2 6655 3368 60
5491 2 2 6658 60 3370
5492 2 2 6659 3370 61
5499 2 0 6648 58 3365
5501 2 0 6649 3365 57
5503 2 0 6652 59 3367
5505 2 0 6653 3367 58
5747 2 0 6644 57 3363
5749 2 0 6645 3363 56
5907 1 0 6634 13 3358
5909 1 0 6635 3358 12
5911 1 0 6638 14 3360
5913 1 0 6639 3360 13
5979 2 0 6664 62 3373
5981 2 0 6665 3373 61
5983 2 0 6668 63 3375
5985 2 0 6669 3375 62
6139 2 0 6672 64 3377
6141 2 0 6673 3377 63
6143 2 0 6676 65 3379
6145 2 0 6677 3379 64
6235 2 2 6678 65 3380
6236 2 2 6679 3380 66
6239 2 2 6682 66 3382
6240 2 2 6683 3382 67
6435 1 0 6690 109 3386
6437 1 0 6691 3386 108
6439 1 0 6694 110 3388
6441 1 0 6695 3388 109
6507 1 2 6696 110 3389
6508 1 2 6697 3389 111
6511 1 2 6700 111 3391
6512 1 2 6701 3391 112
6763 1 0 6630 12 3356
6765 1 0 6631 3356 11
6775 1 0 6626 11 3354
6777 1 0 6627 3354 10
6944 3 1 6720 162 3401
6946 3 1 6721 3401 161
6948 3 1 6718 161 3400
6950 3 1 6719 3400 6
7020 3 1 6612 4 3347
7022 3 1 6613 3347 163
7024 3 1 6722 163 3402
7026 3 1 6723 3402 162
7031 1 2 6620 9 3351
7032 1 2 6621 3351 10
7059 1 2 6704 112 3393
7060 1 2 6705 3393 113
7545 3 3 6610 4 3346
7546 3 3 6611 3346 155
7557 3 3 6710 155 3396
7558 3 3 6711 3396 156
8484 3 1 6618 6 3350
8486 3 1 6619 3350 160
8488 3 1 6716 160 3399
8490 3 1 6717 3399 159
8533 3 3 6714 158 3398
8534 3 3 6715 3398 159
8537 3 3 6616 5 3349
8538 3 3 6617 3349 158
