418 1 2 184 94 95
419 1 2 186 95 96
422 1 0 181 93 92
423 1 0 183 94 93
438 1 2 172 88 89
439 1 2 174 89 90
452 0 1 231 119 120
453 0 1 232 120 121
461 1 2 176 90 91
462 1 2 178 91 92
471 1 0 193 99 98
472 1 0 195 100 99
490 1 2 188 96 97
491 1 2 190 97 98
502 1 0 35 19 18
503 1 0 37 20 19
506 1 0 197 101 100
507 1 0 199 102 101
522 1 2 42 22 23
523 1 2 44 23 24
537 1 0 51 27 26
538 1 0 53 28 27
548 1 2 58 30 31
549 1 2 60 31 32
552 1 0 39 21 20
553 1 0 41 22 21
556 1 2 66 34 35
557 1 2 68 35 36
571 1 0 47 25 24
572 1 0 49 26 25
575 1 2 54 28 29
576 1 2 56 29 30
579 1 0 63 33 32
580 1 0 65 34 33
589 1 2 168 86 87
590 1 2 170 87 88
651 1 0 31 17 16
652 1 0 33 18 17
671 1 0 201 103 102
672 1 0 203 104 103
675 1 0 71 37 36
676 1 0 73 38 37
682 0 3 247 136 135
683 0 3 248 137 136
687 0 1 249 137 138
688 0 1 250 138 139
717 1 2 164 84 85
718 1 2 166 85 86
741 0 1 245 133 134
742 0 1 246 134 135
758 2 0 140 72 71
759 2 0 3 2 72
759 1 2 4 2 73
760 1 2 142 73 74
766 0 1 241 129 130
767 0 1 242 130 131
771 0 1 243 131 132
772 0 1 244 132 133
786 2 0 108 56 55
788 1 0 27 15 14
789 1 0 29 16 15
794 1 0 75 39 38
795 1 0 77 40 39
807 0 1 239 127 128
808 0 1 240 128 129
812 1 0 205 105 104
813 1 0 207 106 105
831 0 1 237 125 126
832 0 1 238 126 127
837 1 2 160 82 83
838 1 2 162 83 84
864 2 2 97 50 51
866 1 0 95 49 48
867 1 0 1 1 49
867 2 2 2 1 50
869 2 2 99 51 52
870 2 2 101 52 53
874 2 2 103 53 54
875 2 2 105 54 55
885 1 2 156 80 81
886 1 2 158 81 82
904 0 3 251 140 139
905 0 3 252 141 140
908 2 0 132 68 67
909 2 0 134 69 68
913 2 0 136 70 69
914 2 0 138 71 70
928 0 3 235 124 123
929 0 3 236 125 124
940 0 1 228 116 117
942 1 2 224 114 115
943 0 1 5 3 116
943 1 2 226 115 3
945 1 2 152 78 79
946 1 2 154 79 80
958 0 3 265 154 153
959 1 0 11 7 0
959 0 3 0 0 154
960 1 0 13 8 7
963 1 2 208 106 107
964 1 2 210 107 108
1000 0 1 253 141 142
1001 0 1 254 142 143
1012 1 0 83 43 42
1013 1 0 85 44 43
1020 1 2 144 74 75
1021 1 2 146 75 76
1025 0 1 234 122 123
1028 0 1 233 121 122
1043 0 3 255 144 143
1044 0 3 256 145 144
1046 1 0 81 42 41
1049 1 0 79 41 40
1050 1 0 151 78 77
1053 1 0 149 77 76
1063 0 3 257 146 145
1064 0 3 258 147 146
1069 0 3 259 148 147
1070 0 3 260 149 148
1073 0 3 261 150 149
1074 0 3 262 151 150
1078 0 3 263 152 151
1079 0 3 264 153 152
1090 1 2 88 45 46
1093 1 2 86 44 45
1095 1 0 91 47 46
1096 1 0 93 48 47
1105 1 2 14 8 9
1110 1 2 222 113 114
1135 0 1 230 118 119
1138 0 1 229 117 118
4102 2 0 6648 58 3365
4104 2 0 6649 3365 57
4238 2 0 6644 57 3363
4240 2 0 6645 3363 56
4366 1 0 6638 14 3360
4368 1 0 6639 3360 13
4530 2 0 6676 65 3379
4532 2 0 6677 3379 64
4598 2 2 6678 65 3380
4599 2 2 6679 3380 66
4602 2 2 6682 66 3382
4603 2 2 6683 3382 67
4722 1 0 6690 109 3386
4724 1 0 6691 3386 108
5074 1 2 6620 9 3351
5075 1 2 6621 3351 10
5102 1 2 6704 112 3393
5103 1 2 6705 3393 113
8906 2 0 22896 59 9516
8908 2 0 22897 9516 3367
8914 2 0 22898 3367 9517
8916 2 0 22899 9517 58
9322 1 0 22884 13 9510
9324 1 0 22885 9510 3358
9330 1 0 22886 3358 9511
9332 1 0 22887 9511 12
9466 2 0 22936 64 9536
9468 2 0 22937 9536 3377
9474 2 0 22938 3377 9537
9476 2 0 22939 9537 63
9786 1 0 22948 110 9542
9788 1 0 22949 9542 3388
9794 1 0 22950 3388 9543
9796 1 0 22951 9543 109
9834 1 2 22960 111 9548
9835 1 2 22961 9548 3391
9838 1 2 22962 3391 9549
9839 1 2 22963 9549 112
10058 1 0 22876 12 9506
10060 1 0 22877 9506 3356
10066 1 0 22878 3356 9507
10068 1 0 22879 9507 11
10106 1 0 22868 11 9502
10108 1 0 22869 9502 3354
10114 1 0 22870 3354 9503
10116 1 0 22871 9503 10
15471 3 1 46604 157 18590
15473 3 1 46605 18590 9556
15479 3 1 46606 9556 18591
15481 3 1 46607 18591 3397
15503 3 1 46608 3397 18592
15505 3 1 46609 18592 9557
15511 3 1 46610 9557 18593
15513 3 1 46611 18593 156
15663 3 1 46476 5 18526
15665 3 1 46477 18526 9494
15671 3 1 46478 9494 18527
15673 3 1 46479 18527 3348
15695 3 1 46480 3348 18528
15697 3 1 46481 18528 9495
15703 3 1 46482 9495 18529
15705 3 1 46483 18529 157
22682 2 2 46500 59 18538
22683 2 2 46501 18538 9518
22686 2 2 46502 9518 18539
22687 2 2 46503 18539 3368
22698 2 2 46504 3368 18540
22699 2 2 46505 18540 9519
22702 2 2 46506 9519 18541
22703 2 2 46507 18541 60
22746 2 2 46516 60 18546
22747 2 2 46517 18546 9522
22750 2 2 46518 9522 18547
22751 2 2 46519 18547 3370
22762 2 2 46520 3370 18548
22763 2 2 46521 18548 9523
22766 2 2 46522 9523 18549
22767 2 2 46523 18549 61
23386 2 0 46540 62 18558
23388 2 0 46541 18558 9528
23394 2 0 46542 9528 18559
23396 2 0 46543 18559 3373
23418 2 0 46544 3373 18560
23420 2 0 46545 18560 9529
23426 2 0 46546 9529 18561
23428 2 0 46547 18561 61
23450 2 0 46556 63 18566
23452 2 0 46557 18566 9532
23458 2 0 46558 9532 18567
23460 2 0 46559 18567 3375
23482 2 0 46560 3375 18568
23484 2 0 46561 18568 9533
23490 2 0 46562 9533 18569
23492 2 0 46563 18569 62
24026 1 2 46572 110 18574
24027 1 2 46573 18574 9544
24030 1 2 46574 9544 18575
24031 1 2 46575 18575 3389
24042 1 2 46576 3389 18576
24043 1 2 46577 18576 9545
24046 1 2 46578 9545 18577
24047 1 2 46579 18577 111
25071 3 1 46636 162 18606
25073 3 1 46637 18606 9564
25079 3 1 46638 9564 18607
25081 3 1 46639 18607 3401
25103 3 1 46640 3401 18608
25105 3 1 46641 18608 9565
25111 3 1 46642 9565 18609
25113 3 1 46643 18609 161
25135 3 1 46628 161 18602
25137 3 1 46629 18602 9562
25143 3 1 46630 9562 18603
25145 3 1 46631 18603 3400
25167 3 1 46632 3400 18604
25169 3 1 46633 18604 9563
25175 3 1 46634 9563 18605
25177 3 1 46635 18605 6
25391 3 1 46468 4 18522
25393 3 1 46469 18522 9492
25399 3 1 46470 9492 18523
25401 3 1 46471 18523 3347
25423 3 1 46472 3347 18524
25425 3 1 46473 18524 9493
25431 3 1 46474 9493 18525
25433 3 1 46475 18525 163
25455 3 1 46644 163 18610
25457 3 1 46645 18610 9566
25463 3 1 46646 9566 18611
25465 3 1 46647 18611 3402
25487 3 1 46648 3402 18612
25489 3 1 46649 18612 9567
25495 3 1 46650 9567 18613
25497 3 1 46651 18613 162
26692 3 3 46460 4 18518
26693 3 3 46461 18518 9490
26696 3 3 46462 9490 18519
26697 3 3 46463 18519 3346
26708 3 3 46464 3346 18520
26709 3 3 46465 18520 9491
26712 3 3 46466 9491 18521
26713 3 3 46467 18521 155
26884 3 3 46596 155 18586
26885 3 3 46597 18586 9554
26888 3 3 46598 9554 18587
26889 3 3 46599 18587 3396
26900 3 3 46600 3396 18588
26901 3 3 46601 18588 9555
26904 3 3 46602 9555 18589
26905 3 3 46603 18589 156
31599 3 1 46492 6 18534
31601 3 1 46493 18534 9498
31607 3 1 46494 9498 18535
31609 3 1 46495 18535 3350
31631 3 1 46496 3350 18536
31633 3 1 46497 18536 9499
31639 3 1 46498 9499 18537
31641 3 1 46499 18537 160
31663 3 1 46620 160 18598
31665 3 1 46621 18598 9560
31671 3 1 46622 9560 18599
31673 3 1 46623 18599 3399
31695 3 1 46624 3399 18600
31697 3 1 46625 18600 9561
31703 3 1 46626 9561 18601
31705 3 1 46627 18601 159
32132 3 3 46612 158 18594
32133 3 3 46613 18594 9558
32136 3 3 46614 9558 18595
32137 3 3 46615 18595 3398
32148 3 3 46616 3398 18596
32149 3 3 46617 18596 9559
32152 3 3 46618 9559 18597
32153 3 3 46619 18597 159
32196 3 3 46484 5 18530
32197 3 3 46485 18530 9496
32200 3 3 46486 9496 18531
32201 3 3 46487 18531 3349
32212 3 3 46488 3349 18532
32213 3 3 46489 18532 9497
32216 3 3 46490 9497 18533
32217 3 3 46491 18533 158
