260 3 1 267 157 156
263 3 1 8 5 157
1237 1 2 184 94 95
1238 1 2 186 95 96
1245 1 0 181 93 92
1246 1 0 183 94 93
1261 1 2 172 88 89
1262 1 2 174 89 90
1292 0 1 231 119 120
1293 0 1 232 120 121
1305 1 2 176 90 91
1306 1 2 178 91 92
1337 1 0 193 99 98
1338 1 0 195 100 99
1357 1 2 188 96 97
1358 1 2 190 97 98
1389 1 0 35 19 18
1390 1 0 37 20 19
1393 1 0 197 101 100
1394 1 0 199 102 101
1409 1 2 42 22 23
1410 1 2 44 23 24
1429 1 0 51 27 26
1430 1 0 53 28 27
1441 1 2 58 30 31
1442 1 2 60 31 32
1445 1 0 39 21 20
1446 1 0 41 22 21
1449 1 2 66 34 35
1450 1 2 68 35 36
1473 1 0 47 25 24
1474 1 0 49 26 25
1481 1 2 54 28 29
1482 1 2 56 29 30
1485 1 0 63 33 32
1486 1 0 65 34 33
1505 1 2 168 86 87
1506 1 2 170 87 88
1649 1 0 31 17 16
1650 1 0 33 18 17
1681 1 0 201 103 102
1682 1 0 203 104 103
1693 1 0 71 37 36
1694 1 0 73 38 37
1717 0 3 247 136 135
1718 0 3 248 137 136
1722 0 1 249 137 138
1723 0 1 250 138 139
1766 2 2 115 59 60
1767 2 2 117 60 61
1769 2 0 112 58 57
1770 2 0 114 59 58
1777 1 2 164 84 85
1778 1 2 166 85 86
1809 0 1 245 133 134
1810 0 1 246 134 135
1856 2 0 140 72 71
1857 2 0 3 2 72
1857 1 2 4 2 73
1858 1 2 142 73 74
1869 0 1 241 129 130
1870 0 1 242 130 131
1874 0 1 243 131 132
1875 0 1 244 132 133
1901 2 0 108 56 55
1902 2 0 110 57 56
1905 1 0 27 15 14
1906 1 0 29 16 15
1913 1 0 75 39 38
1914 1 0 77 40 39
1941 0 1 239 127 128
1942 0 1 240 128 129
1949 1 0 205 105 104
1950 1 0 207 106 105
1977 0 1 237 125 126
1978 0 1 238 126 127
1988 1 0 23 13 12
1989 1 0 25 14 13
2009 2 0 120 62 61
2010 2 0 122 63 62
2013 1 2 160 82 83
2014 1 2 162 83 84
2068 2 2 97 50 51
2070 1 0 95 49 48
2071 1 0 1 1 49
2071 2 2 2 1 50
2077 2 2 99 51 52
2078 2 2 101 52 53
2082 2 2 103 53 54
2083 2 2 105 54 55
2089 2 0 124 64 63
2090 2 0 126 65 64
2101 1 2 156 80 81
2102 1 2 158 81 82
2137 2 2 127 65 66
2138 2 2 129 66 67
2149 0 3 251 140 139
2150 0 3 252 141 140
2157 2 0 132 68 67
2158 2 0 134 69 68
2162 2 0 136 70 69
2163 2 0 138 71 70
2177 0 3 235 124 123
2178 0 3 236 125 124
2208 0 1 228 116 117
2210 1 2 224 114 115
2211 0 1 5 3 116
2211 1 2 226 115 3
2217 1 2 152 78 79
2218 1 2 154 79 80
2236 0 3 265 154 153
2237 1 0 11 7 0
2237 0 3 0 0 154
2238 1 0 13 8 7
2241 1 2 208 106 107
2242 1 2 210 107 108
2257 1 0 213 109 108
2258 1 0 215 110 109
2293 1 2 216 110 111
2294 1 2 218 111 112
2325 0 1 253 141 142
2326 0 1 254 142 143
2341 1 0 83 43 42
2342 1 0 85 44 43
2349 1 2 144 74 75
2350 1 2 146 75 76
2356 0 1 234 122 123
2359 0 1 233 121 122
2393 0 3 255 144 143
2394 0 3 256 145 144
2396 1 0 81 42 41
2399 1 0 79 41 40
2400 1 0 151 78 77
2403 1 0 149 77 76
2424 1 0 21 12 11
2427 1 0 19 11 10
2445 0 3 257 146 145
2446 0 3 258 147 146
2453 0 3 259 148 147
2454 0 3 260 149 148
2461 0 3 261 150 149
2462 0 3 262 151 150
2466 0 3 263 152 151
2467 0 3 264 153 152
2496 1 2 88 45 46
2499 1 2 86 44 45
2508 3 1 271 162 161
2509 3 1 270 161 6
2513 1 0 91 47 46
2514 1 0 93 48 47
2537 3 1 7 4 163
2538 3 1 272 163 162
2540 1 2 16 9 10
2543 1 2 14 8 9
2552 1 2 222 113 114
2555 1 2 220 112 113
2604 0 1 230 118 119
2607 0 1 229 117 118
2764 3 3 6 4 155
2767 3 3 266 155 156
3046 3 1 10 6 160
3047 3 1 269 160 159
3058 3 3 268 158 159
3059 3 3 9 5 158
