58 2 1 16 16 17
61 2 1 15 15 16
84 2 3 11 12 11
85 2 3 12 13 12
142 2 1 13 13 14
143 2 1 14 14 15
261 1 2 1388 75 719
262 1 2 1389 719 76
317 1 2 1456 92 753
318 1 2 1457 753 93
321 1 2 1460 93 755
322 1 2 1461 755 94
377 1 2 1464 94 757
378 1 2 1465 757 95
381 1 2 1468 95 759
382 2 1 1200 0 625
382 1 2 1469 759 0
384 2 1 1201 625 4
386 2 1 1208 4 629
388 2 1 1209 629 5
451 2 3 1238 26 644
452 2 3 1239 644 25
453 3 0 1240 27 645
455 3 0 1241 645 1
455 2 3 1202 1 626
456 2 3 1203 626 26
457 3 0 1244 28 647
459 3 0 1245 647 27
569 1 2 1444 89 747
570 1 2 1445 747 90
593 1 2 1448 90 749
594 1 2 1449 749 91
597 1 2 1452 91 751
598 1 2 1453 751 92
674 2 1 1226 19 638
676 2 1 1227 638 20
678 2 1 1228 20 639
680 2 1 1229 639 21
695 2 3 1230 22 640
696 2 3 1231 640 21
699 2 3 1232 23 641
700 2 3 1233 641 22
727 2 3 1224 19 637
728 2 3 1225 637 18
739 2 3 1222 18 636
740 2 3 1223 636 17
743 2 3 1234 24 642
744 2 3 1235 642 23
747 2 3 1236 25 643
748 2 3 1237 643 24
845 3 0 1248 29 649
847 3 0 1249 649 28
849 3 0 1252 30 651
851 3 0 1253 651 29
927 2 3 1214 8 632
928 2 3 1215 632 7
931 2 3 1216 9 633
932 2 3 1217 633 8
947 2 3 1218 10 634
948 2 3 1219 634 9
951 2 3 1220 11 635
952 2 3 1221 635 10
1022 2 1 1210 5 630
1024 2 1 1211 630 6
1026 2 1 1212 6 631
1028 2 1 1213 631 7
1041 3 0 1256 31 653
1043 3 0 1257 653 30
1045 3 0 1260 32 655
1047 3 0 1261 655 31
1097 1 0 1402 79 726
1099 1 0 1403 726 78
1101 1 0 1406 80 728
1103 1 0 1407 728 79
1129 1 0 1398 78 724
1131 1 0 1399 724 77
1141 1 0 1394 77 722
1143 1 0 1395 722 76
1225 1 2 4956 74 2084
1226 1 2 4957 2084 717
1229 1 2 4958 717 2085
1230 1 2 4959 2085 75
1321 1 0 5020 87 2116
1323 1 0 5021 2116 742
1329 1 0 5022 742 2117
1331 1 0 5023 2117 86
1337 1 0 5028 88 2120
1339 1 0 5029 2120 744
1345 1 0 5030 744 2121
1347 1 0 5031 2121 87
1641 1 2 5032 88 2122
1642 1 2 5033 2122 745
1645 1 2 5034 745 2123
1646 1 2 5035 2123 89
1817 3 2 4760 38 1986
1818 3 2 4761 1986 668
1821 3 2 4762 668 1987
1822 3 2 4763 1987 39
1833 3 2 4768 39 1990
1834 3 2 4769 1990 670
1837 3 2 4770 670 1991
1838 3 2 4771 1991 40
1897 1 0 4972 81 2092
1899 1 0 4973 2092 730
1905 1 0 4974 730 2093
1907 1 0 4975 2093 80
1913 1 0 4980 82 2096
1915 1 0 4981 2096 732
1921 1 0 4982 732 2097
1923 1 0 4983 2097 81
1961 1 2 5000 84 2106
1962 1 2 5001 2106 737
1965 1 2 5002 737 2107
1966 1 2 5003 2107 85
1977 1 2 5008 85 2110
1978 1 2 5009 2110 739
1981 1 2 5010 739 2111
1982 1 2 5011 2111 86
2105 3 0 4748 37 1980
2107 3 0 4749 1980 665
2113 3 0 4750 665 1981
2115 3 0 4751 1981 36
2121 3 0 4756 38 1984
2123 3 0 4757 1984 667
2129 3 0 4758 667 1985
2131 3 0 4759 1985 37
2169 1 0 4988 83 2100
2171 1 0 4989 2100 734
2177 1 0 4990 734 2101
2179 1 0 4991 2101 82
2185 1 0 4996 84 2104
2187 1 0 4997 2104 736
2193 1 0 4998 736 2105
2195 1 0 4999 2105 83
2313 3 0 4716 33 1964
2315 3 0 4717 1964 657
2321 3 0 4718 657 1965
2323 3 0 4719 1965 32
2329 3 0 4724 34 1968
2331 3 0 4725 1968 659
2337 3 0 4726 659 1969
2339 3 0 4727 1969 33
2393 3 2 4728 34 1970
2394 3 2 4729 1970 660
2397 3 2 4730 660 1971
2398 3 2 4731 1971 35
2409 3 2 4736 35 1974
2410 3 2 4737 1974 662
2413 3 2 4738 662 1975
2414 3 2 4739 1975 36
2787 0 3 10548 63 4244
2788 0 3 10549 4244 2058
2791 0 3 10550 2058 4245
2792 0 3 10551 4245 704
2803 0 3 10552 704 4246
2804 0 3 10553 4246 2059
2807 0 3 10554 2059 4247
2808 0 3 10555 4247 62
2979 0 3 10540 62 4240
2980 0 3 10541 4240 2056
2983 0 3 10542 2056 4241
2984 0 3 10543 4241 703
2995 0 3 10544 703 4242
2996 0 3 10545 4242 2057
2999 0 3 10546 2057 4243
3000 0 3 10547 4243 61
3257 3 0 10396 47 4168
3259 3 0 10397 4168 2020
3265 3 0 10398 2020 4169
3267 3 0 10399 4169 685
3289 3 0 10400 685 4170
3291 3 0 10401 4170 2021
3297 3 0 10402 2021 4171
3299 3 0 10403 4171 46
3321 3 0 10412 48 4176
3323 3 0 10413 4176 2024
3329 3 0 10414 2024 4177
3331 3 0 10415 4177 687
3353 3 0 10416 687 4178
3355 3 0 10417 4178 2025
3361 3 0 10418 2025 4179
3363 3 0 10419 4179 47
3406 0 1 10468 52 4204
3408 0 1 10469 4204 2038
3414 0 1 10470 2038 4205
3416 0 1 10471 4205 694
3438 0 1 10472 694 4206
3440 0 1 10473 4206 2039
3446 0 1 10474 2039 4207
3448 0 1 10475 4207 53
3598 0 1 10460 51 4200
3600 0 1 10461 4200 2036
3606 0 1 10462 2036 4201
3608 0 1 10463 4201 693
3630 0 1 10464 693 4202
3632 0 1 10465 4202 2037
3638 0 1 10466 2037 4203
3640 0 1 10467 4203 52
3833 3 2 10292 40 4116
3834 3 2 10293 4116 1994
3837 3 2 10294 1994 4117
3838 3 2 10295 4117 672
3849 3 2 10296 672 4118
3850 3 2 10297 4118 1995
3853 3 2 10298 1995 4119
3854 3 2 10299 4119 41
3897 3 2 10308 41 4124
3898 3 2 10309 4124 1998
3901 3 2 10310 1998 4125
3902 3 2 10311 4125 674
3913 3 2 10312 674 4126
3914 3 2 10313 4126 1999
3917 3 2 10314 1999 4127
3918 3 2 10315 4127 42
3961 1 0 10644 74 4292
3963 1 0 10645 4292 2082
3969 1 0 10646 2082 4293
3971 1 0 10647 4293 716
3993 1 0 10648 716 4294
3995 1 0 10649 4294 2083
4001 1 0 10650 2083 4295
4003 1 0 10651 4295 73
4131 0 3 10620 72 4280
4132 0 3 10621 4280 2076
4135 0 3 10622 2076 4281
4136 0 3 10623 4281 713
4147 0 3 10624 713 4282
4148 0 3 10625 4282 2077
4151 0 3 10626 2077 4283
4152 0 3 10627 4283 71
4153 1 0 10628 73 4284
4155 1 0 10629 4284 2078
4161 1 0 10630 2078 4285
4163 1 0 10631 4285 714
4185 1 0 10632 714 4286
4187 1 0 10633 4286 2079
4193 1 0 10634 2079 4287
4195 1 0 10635 4287 2
4195 0 3 10276 2 4108
4196 0 3 10277 4108 1958
4199 0 3 10278 1958 4109
4200 0 3 10279 4109 627
4211 0 3 10280 627 4110
4212 0 3 10281 4110 1959
4215 0 3 10282 1959 4111
4216 0 3 10283 4111 72
4281 3 2 10324 42 4132
4282 3 2 10325 4132 2002
4285 3 2 10326 2002 4133
4286 3 2 10327 4133 676
4297 3 2 10328 676 4134
4298 3 2 10329 4134 2003
4301 3 2 10330 2003 4135
4302 3 2 10331 4135 43
4345 3 2 10340 43 4140
4346 3 2 10341 4140 2006
4349 3 2 10342 2006 4141
4350 3 2 10343 4141 678
4361 3 2 10344 678 4142
4362 3 2 10345 4142 2007
4365 3 2 10346 2007 4143
4366 3 2 10347 4143 44
4494 0 1 10452 50 4196
4496 0 1 10453 4196 2034
4502 0 1 10454 2034 4197
4504 0 1 10455 4197 692
4526 0 1 10456 692 4198
4528 0 1 10457 4198 2035
4534 0 1 10458 2035 4199
4536 0 1 10459 4199 51
4601 3 2 10420 48 4180
4602 3 2 10421 4180 2026
4605 3 2 10422 2026 4181
4606 3 2 10423 4181 688
4617 3 2 10424 688 4182
4618 3 2 10425 4182 2027
4621 3 2 10426 2027 4183
4622 3 2 10427 4183 49
4665 3 2 10436 49 4188
4666 3 2 10437 4188 2030
4669 3 2 10438 2030 4189
4670 3 2 10439 4189 690
4681 3 2 10440 690 4190
4682 3 2 10441 4190 2031
4685 3 2 10442 2031 4191
4686 0 1 10284 3 4112
4686 3 2 10443 4191 3
4688 0 1 10285 4112 1960
4694 0 1 10286 1960 4113
4696 0 1 10287 4113 628
4718 0 1 10288 628 4114
4720 0 1 10289 4114 1961
4726 0 1 10290 1961 4115
4728 0 1 10291 4115 50
4793 3 2 10356 44 4148
4794 3 2 10357 4148 2010
4797 3 2 10358 2010 4149
4798 3 2 10359 4149 680
4809 3 2 10360 680 4150
4810 3 2 10361 4150 2011
4813 3 2 10362 2011 4151
4814 3 2 10363 4151 45
4857 3 2 10372 45 4156
4858 3 2 10373 4156 2014
4861 3 2 10374 2014 4157
4862 3 2 10375 4157 682
4873 3 2 10376 682 4158
4874 3 2 10377 4158 2015
4877 3 2 10378 2015 4159
4878 3 2 10379 4159 46
5070 0 1 10572 65 4256
5072 0 1 10573 4256 2064
5078 0 1 10574 2064 4257
5080 0 1 10575 4257 707
5102 0 1 10576 707 4258
5104 0 1 10577 4258 2065
5110 0 1 10578 2065 4259
5112 0 1 10579 4259 66
5134 0 1 10580 66 4260
5136 0 1 10581 4260 2066
5142 0 1 10582 2066 4261
5144 0 1 10583 4261 708
5166 0 1 10584 708 4262
5168 0 1 10585 4262 2067
5174 0 1 10586 2067 4263
5176 0 1 10587 4263 67
5390 0 1 10588 67 4264
5392 0 1 10589 4264 2068
5398 0 1 10590 2068 4265
5400 0 1 10591 4265 709
5422 0 1 10592 709 4266
5424 0 1 10593 4266 2069
5430 0 1 10594 2069 4267
5432 0 1 10595 4267 68
5454 0 1 10596 68 4268
5456 0 1 10597 4268 2070
5462 0 1 10598 2070 4269
5464 0 1 10599 4269 710
5486 0 1 10600 710 4270
5488 0 1 10601 4270 2071
5494 0 1 10602 2071 4271
5496 0 1 10603 4271 69
5646 0 1 10564 64 4252
5648 0 1 10565 4252 2062
5654 0 1 10566 2062 4253
5656 0 1 10567 4253 706
5678 0 1 10568 706 4254
5680 0 1 10569 4254 2063
5686 0 1 10570 2063 4255
5688 0 1 10571 4255 65
5838 0 1 10556 63 4248
5840 0 1 10557 4248 2060
5846 0 1 10558 2060 4249
5848 0 1 10559 4249 705
5870 0 1 10560 705 4250
5872 0 1 10561 4250 2061
5878 0 1 10562 2061 4251
5880 0 1 10563 4251 64
5923 0 3 10604 70 4272
5924 0 3 10605 4272 2072
5927 0 3 10606 2072 4273
5928 0 3 10607 4273 711
5939 0 3 10608 711 4274
5940 0 3 10609 4274 2073
5943 0 3 10610 2073 4275
5944 0 3 10611 4275 69
5987 0 3 10612 71 4276
5988 0 3 10613 4276 2074
5991 0 3 10614 2074 4277
5992 0 3 10615 4277 712
6003 0 3 10616 712 4278
6004 0 3 10617 4278 2075
6007 0 3 10618 2075 4279
6008 0 3 10619 4279 70
6414 0 1 10508 57 4224
6416 0 1 10509 4224 2048
6422 0 1 10510 2048 4225
6424 0 1 10511 4225 699
6446 0 1 10512 699 4226
6448 0 1 10513 4226 2049
6454 0 1 10514 2049 4227
6456 0 1 10515 4227 58
6478 0 1 10516 58 4228
6480 0 1 10517 4228 2050
6486 0 1 10518 2050 4229
6488 0 1 10519 4229 700
6510 0 1 10520 700 4230
6512 0 1 10521 4230 2051
6518 0 1 10522 2051 4231
6520 0 1 10523 4231 59
6670 0 1 10476 53 4208
6672 0 1 10477 4208 2040
6678 0 1 10478 2040 4209
6680 0 1 10479 4209 695
6702 0 1 10480 695 4210
6704 0 1 10481 4210 2041
6710 0 1 10482 2041 4211
6712 0 1 10483 4211 54
6734 0 1 10484 54 4212
6736 0 1 10485 4212 2042
6742 0 1 10486 2042 4213
6744 0 1 10487 4213 696
6766 0 1 10488 696 4214
6768 0 1 10489 4214 2043
6774 0 1 10490 2043 4215
6776 0 1 10491 4215 55
7011 0 3 10492 56 4216
7012 0 3 10493 4216 2044
7015 0 3 10494 2044 4217
7016 0 3 10495 4217 697
7027 0 3 10496 697 4218
7028 0 3 10497 4218 2045
7031 0 3 10498 2045 4219
7032 0 3 10499 4219 55
7075 0 3 10500 57 4220
7076 0 3 10501 4220 2046
7079 0 3 10502 2046 4221
7080 0 3 10503 4221 698
7091 0 3 10504 698 4222
7092 0 3 10505 4222 2047
7095 0 3 10506 2047 4223
7096 0 3 10507 4223 56
7139 0 3 10524 60 4232
7140 0 3 10525 4232 2052
7143 0 3 10526 2052 4233
7144 0 3 10527 4233 701
7155 0 3 10528 701 4234
7156 0 3 10529 4234 2053
7159 0 3 10530 2053 4235
7160 0 3 10531 4235 59
7203 0 3 10532 61 4236
7204 0 3 10533 4236 2054
7207 0 3 10534 2054 4237
7208 0 3 10535 4237 702
7219 0 3 10536 702 4238
7220 0 3 10537 4238 2055
7223 0 3 10538 2055 4239
7224 0 3 10539 4239 60
