58 2 1 16 16 17
61 2 1 15 15 16
84 2 3 11 12 11
85 2 3 12 13 12
142 2 1 13 13 14
143 2 1 14 14 15
277 1 2 1388 75 719
278 1 2 1389 719 76
349 1 2 1456 92 753
350 1 2 1457 753 93
353 1 2 1460 93 755
354 1 2 1461 755 94
417 1 2 1464 94 757
418 1 2 1465 757 95
421 1 2 1468 95 759
422 2 1 1200 0 625
422 1 2 1469 759 0
424 2 1 1201 625 4
426 2 1 1208 4 629
428 2 1 1209 629 5
491 2 3 1238 26 644
492 2 3 1239 644 25
493 3 0 1240 27 645
495 3 0 1241 645 1
495 2 3 1202 1 626
496 2 3 1203 626 26
497 3 0 1244 28 647
499 3 0 1245 647 27
609 1 2 1444 89 747
610 1 2 1445 747 90
633 1 2 1448 90 749
634 1 2 1449 749 91
637 1 2 1452 91 751
638 1 2 1453 751 92
714 2 1 1226 19 638
716 2 1 1227 638 20
718 2 1 1228 20 639
720 2 1 1229 639 21
735 2 3 1230 22 640
736 2 3 1231 640 21
739 2 3 1232 23 641
740 2 3 1233 641 22
767 2 3 1224 19 637
768 2 3 1225 637 18
779 2 3 1222 18 636
780 2 3 1223 636 17
783 2 3 1234 24 642
784 2 3 1235 642 23
787 2 3 1236 25 643
788 2 3 1237 643 24
885 3 0 1248 29 649
887 3 0 1249 649 28
889 3 0 1252 30 651
891 3 0 1253 651 29
975 2 3 1214 8 632
976 2 3 1215 632 7
979 2 3 1216 9 633
980 2 3 1217 633 8
995 2 3 1218 10 634
996 2 3 1219 634 9
999 2 3 1220 11 635
1000 2 3 1221 635 10
1070 2 1 1210 5 630
1072 2 1 1211 630 6
1074 2 1 1212 6 631
1076 2 1 1213 631 7
1089 3 0 1256 31 653
1091 3 0 1257 653 30
1093 3 0 1260 32 655
1095 3 0 1261 655 31
1145 1 0 1402 79 726
1147 1 0 1403 726 78
1149 1 0 1406 80 728
1151 1 0 1407 728 79
1181 1 0 1398 78 724
1183 1 0 1399 724 77
1193 1 0 1394 77 722
1195 1 0 1395 722 76
1271 0 3 4904 63 2058
1272 0 3 4905 2058 704
1275 0 3 4906 704 2059
1276 0 3 4907 2059 62
1319 0 3 4900 62 2056
1320 0 3 4901 2056 703
1323 0 3 4902 703 2057
1324 0 3 4903 2057 61
1341 1 2 4956 74 2084
1342 1 2 4957 2084 717
1345 1 2 4958 717 2085
1346 1 2 4959 2085 75
1485 3 0 4828 47 2020
1487 3 0 4829 2020 685
1493 3 0 4830 685 2021
1495 3 0 4831 2021 46
1501 3 0 4836 48 2024
1503 3 0 4837 2024 687
1509 3 0 4838 687 2025
1511 3 0 4839 2025 47
1522 0 1 4864 52 2038
1524 0 1 4865 2038 694
1530 0 1 4866 694 2039
1532 0 1 4867 2039 53
1570 0 1 4860 51 2036
1572 0 1 4861 2036 693
1578 0 1 4862 693 2037
1580 0 1 4863 2037 52
1597 1 0 5020 87 2116
1599 1 0 5021 2116 742
1605 1 0 5022 742 2117
1607 1 0 5023 2117 86
1613 1 0 5028 88 2120
1615 1 0 5029 2120 744
1621 1 0 5030 744 2121
1623 1 0 5031 2121 87
1773 3 2 4776 40 1994
1774 3 2 4777 1994 672
1777 3 2 4778 672 1995
1778 3 2 4779 1995 41
1789 3 2 4784 41 1998
1790 3 2 4785 1998 674
1793 3 2 4786 674 1999
1794 3 2 4787 1999 42
1869 1 0 4952 74 2082
1871 1 0 4953 2082 716
1877 1 0 4954 716 2083
1879 1 0 4955 2083 73
1911 0 3 4940 72 2076
1912 0 3 4941 2076 713
1915 0 3 4942 713 2077
1916 0 3 4943 2077 71
1917 1 0 4944 73 2078
1919 1 0 4945 2078 714
1925 1 0 4946 714 2079
1927 1 0 4947 2079 2
1927 0 3 4704 2 1958
1928 0 3 4705 1958 627
1931 0 3 4706 627 1959
1932 0 3 4707 1959 72
2061 1 2 5032 88 2122
2062 1 2 5033 2122 745
2065 1 2 5034 745 2123
2066 1 2 5035 2123 89
2093 3 2 4792 42 2002
2094 3 2 4793 2002 676
2097 3 2 4794 676 2003
2098 3 2 4795 2003 43
2109 3 2 4800 43 2006
2110 3 2 4801 2006 678
2113 3 2 4802 678 2007
2114 3 2 4803 2007 44
2146 0 1 4856 50 2034
2148 0 1 4857 2034 692
2154 0 1 4858 692 2035
2156 0 1 4859 2035 51
2173 3 2 4840 48 2026
2174 3 2 4841 2026 688
2177 3 2 4842 688 2027
2178 3 2 4843 2027 49
2189 3 2 4848 49 2030
2190 3 2 4849 2030 690
2193 3 2 4850 690 2031
2194 0 1 4708 3 1960
2194 3 2 4851 2031 3
2196 0 1 4709 1960 628
2202 0 1 4710 628 1961
2204 0 1 4711 1961 50
2221 3 2 4808 44 2010
2222 3 2 4809 2010 680
2225 3 2 4810 680 2011
2226 3 2 4811 2011 45
2237 3 2 4816 45 2014
2238 3 2 4817 2014 682
2241 3 2 4818 682 2015
2242 3 2 4819 2015 46
2418 0 1 4916 65 2064
2420 0 1 4917 2064 707
2426 0 1 4918 707 2065
2428 0 1 4919 2065 66
2434 0 1 4920 66 2066
2436 0 1 4921 2066 708
2442 0 1 4922 708 2067
2444 0 1 4923 2067 67
2498 0 1 4924 67 2068
2500 0 1 4925 2068 709
2506 0 1 4926 709 2069
2508 0 1 4927 2069 68
2514 0 1 4928 68 2070
2516 0 1 4929 2070 710
2522 0 1 4930 710 2071
2524 0 1 4931 2071 69
2557 3 2 4760 38 1986
2558 3 2 4761 1986 668
2561 3 2 4762 668 1987
2562 3 2 4763 1987 39
2573 3 2 4768 39 1990
2574 3 2 4769 1990 670
2577 3 2 4770 670 1991
2578 3 2 4771 1991 40
2669 1 0 4972 81 2092
2671 1 0 4973 2092 730
2677 1 0 4974 730 2093
2679 1 0 4975 2093 80
2685 1 0 4980 82 2096
2687 1 0 4981 2096 732
2693 1 0 4982 732 2097
2695 1 0 4983 2097 81
2733 1 2 5000 84 2106
2734 1 2 5001 2106 737
2737 1 2 5002 737 2107
2738 1 2 5003 2107 85
2749 1 2 5008 85 2110
2750 1 2 5009 2110 739
2753 1 2 5010 739 2111
2754 1 2 5011 2111 86
2802 0 1 4912 64 2062
2804 0 1 4913 2062 706
2810 0 1 4914 706 2063
2812 0 1 4915 2063 65
2850 0 1 4908 63 2060
2852 0 1 4909 2060 705
2858 0 1 4910 705 2061
2860 0 1 4911 2061 64
2935 0 3 4932 70 2072
2936 0 3 4933 2072 711
2939 0 3 4934 711 2073
2940 0 3 4935 2073 69
2951 0 3 4936 71 2074
2952 0 3 4937 2074 712
2955 0 3 4938 712 2075
2956 0 3 4939 2075 70
3021 3 0 4748 37 1980
3023 3 0 4749 1980 665
3029 3 0 4750 665 1981
3031 3 0 4751 1981 36
3037 3 0 4756 38 1984
3039 3 0 4757 1984 667
3045 3 0 4758 667 1985
3047 3 0 4759 1985 37
3085 1 0 4988 83 2100
3087 1 0 4989 2100 734
3093 1 0 4990 734 2101
3095 1 0 4991 2101 82
3101 1 0 4996 84 2104
3103 1 0 4997 2104 736
3109 1 0 4998 736 2105
3111 1 0 4999 2105 83
3261 3 0 4716 33 1964
3263 3 0 4717 1964 657
3269 3 0 4718 657 1965
3271 3 0 4719 1965 32
3277 3 0 4724 34 1968
3279 3 0 4725 1968 659
3285 3 0 4726 659 1969
3287 3 0 4727 1969 33
3341 3 2 4728 34 1970
3342 3 2 4729 1970 660
3345 3 2 4730 660 1971
3346 3 2 4731 1971 35
3357 3 2 4736 35 1974
3358 3 2 4737 1974 662
3361 3 2 4738 662 1975
3362 3 2 4739 1975 36
3394 0 1 4884 57 2048
3396 0 1 4885 2048 699
3402 0 1 4886 699 2049
3404 0 1 4887 2049 58
3410 0 1 4888 58 2050
3412 0 1 4889 2050 700
3418 0 1 4890 700 2051
3420 0 1 4891 2051 59
3458 0 1 4868 53 2040
3460 0 1 4869 2040 695
3466 0 1 4870 695 2041
3468 0 1 4871 2041 54
3474 0 1 4872 54 2042
3476 0 1 4873 2042 696
3482 0 1 4874 696 2043
3484 0 1 4875 2043 55
3543 0 3 4876 56 2044
3544 0 3 4877 2044 697
3547 0 3 4878 697 2045
3548 0 3 4879 2045 55
3559 0 3 4880 57 2046
3560 0 3 4881 2046 698
3563 0 3 4882 698 2047
3564 0 3 4883 2047 56
3671 0 3 4892 60 2052
3672 0 3 4893 2052 701
3675 0 3 4894 701 2053
3676 0 3 4895 2053 59
3687 0 3 4896 61 2054
3688 0 3 4897 2054 702
3691 0 3 4898 702 2055
3692 0 3 4899 2055 60
