cellnum  0 12 
 0 
 1 
 1250 
 2 
 3 
 1251 
 4 
 5 
 1252 
 6 
 7 
 1253 
 0.125000 0.125000 0.166666 0.166667
 0.124999 0.083332 0.124998 0.083332
cellnum  1 12 
 8 
 9 
 1254 
 0 
 1 
 1250 
 10 
 11 
 1255 
 4 
 5 
 1252 
 0.125000 0.125000 0.166666 0.166666
 0.166665 0.124999 0.166664 0.124998
cellnum  2 12 
 12 
 13 
 1256 
 14 
 15 
 1257 
 8 
 9 
 1254 
 0 
 1 
 1250 
 0.083333 0.083333 0.125000 0.125000
 0.166666 0.124999 0.166665 0.124999
cellnum  3 12 
 14 
 15 
 1257 
 16 
 17 
 1258 
 0 
 1 
 1250 
 2 
 3 
 1251 
 0.083333 0.083333 0.125000 0.125000
 0.124999 0.083333 0.124999 0.083332
cellnum  4 12 
 18 
 19 
 1259 
 20 
 21 
 1260 
 22 
 23 
 1261 
 24 
 25 
 1262 
 0.458332 0.499999 0.458332 0.499999
 0.541659 0.541659 0.583326 0.583326
cellnum  5 12 
 26 
 27 
 1263 
 18 
 19 
 1259 
 28 
 29 
 1264 
 22 
 23 
 1261 
 0.416666 0.458332 0.416666 0.458332
 0.541659 0.541659 0.583326 0.583326
cellnum  6 12 
 30 
 31 
 1265 
 32 
 33 
 1266 
 26 
 27 
 1263 
 18 
 19 
 1259 
 0.416666 0.458332 0.416666 0.458332
 0.499992 0.499992 0.541659 0.541659
cellnum  7 12 
 32 
 33 
 1266 
 34 
 35 
 1267 
 18 
 19 
 1259 
 20 
 21 
 1260 
 0.458332 0.499999 0.458332 0.499999
 0.499992 0.499992 0.541659 0.541659
cellnum  8 12 
 36 
 37 
 1268 
 38 
 39 
 1269 
 40 
 41 
 1270 
 42 
 43 
 1271 
 0.541666 0.583332 0.541666 0.583332
 0.624993 0.624993 0.666660 0.666660
cellnum  9 12 
 44 
 45 
 1272 
 36 
 37 
 1268 
 46 
 47 
 1273 
 40 
 41 
 1270 
 0.499999 0.541666 0.499999 0.541666
 0.624993 0.624993 0.666660 0.666660
cellnum  10 12 
 24 
 25 
 1262 
 48 
 49 
 1274 
 44 
 45 
 1272 
 36 
 37 
 1268 
 0.499999 0.541666 0.499999 0.541666
 0.583326 0.583326 0.624993 0.624993
cellnum  11 12 
 48 
 49 
 1274 
 50 
 51 
 1275 
 36 
 37 
 1268 
 38 
 39 
 1269 
 0.541666 0.583332 0.541666 0.583332
 0.583326 0.583326 0.624993 0.624993
cellnum  12 12 
 20 
 21 
 1260 
 52 
 53 
 1276 
 24 
 25 
 1262 
 48 
 49 
 1274 
 0.499999 0.541666 0.499999 0.541666
 0.541659 0.541659 0.583326 0.583326
cellnum  13 12 
 34 
 35 
 1267 
 54 
 55 
 1277 
 20 
 21 
 1260 
 52 
 53 
 1276 
 0.499999 0.541666 0.499999 0.541666
 0.499992 0.499992 0.541659 0.541659
cellnum  14 12 
 54 
 55 
 1277 
 56 
 57 
 1278 
 52 
 53 
 1276 
 58 
 59 
 1279 
 0.541666 0.583332 0.541666 0.583332
 0.499992 0.499992 0.541659 0.541659
cellnum  15 12 
 52 
 53 
 1276 
 58 
 59 
 1279 
 48 
 49 
 1274 
 50 
 51 
 1275 
 0.541666 0.583332 0.541666 0.583332
 0.541659 0.541659 0.583326 0.583326
cellnum  16 12 
 60 
 61 
 1280 
 62 
 63 
 1281 
 64 
 65 
 1282 
 66 
 67 
 1283 
 0.499999 0.499999 0.541666 0.541666
 0.458326 0.416659 0.458326 0.416659
cellnum  17 12 
 64 
 65 
 1282 
 66 
 67 
 1283 
 68 
 69 
 1284 
 70 
 71 
 1285 
 0.541666 0.541666 0.583332 0.583332
 0.458326 0.416659 0.458326 0.416659
cellnum  18 12 
 54 
 55 
 1277 
 64 
 65 
 1282 
 56 
 57 
 1278 
 68 
 69 
 1284 
 0.541666 0.541666 0.583332 0.583332
 0.499992 0.458326 0.499992 0.458326
cellnum  19 12 
 34 
 35 
 1267 
 60 
 61 
 1280 
 54 
 55 
 1277 
 64 
 65 
 1282 
 0.499999 0.499999 0.541666 0.541666
 0.499992 0.458326 0.499992 0.458326
cellnum  20 12 
 72 
 73 
 1286 
 74 
 75 
 1287 
 76 
 77 
 1288 
 10 
 11 
 1255 
 0.208333 0.166666 0.208333 0.166666
 0.208330 0.208331 0.166664 0.166664
cellnum  21 12 
 78 
 79 
 1289 
 72 
 73 
 1286 
 80 
 81 
 1290 
 76 
 77 
 1288 
 0.250000 0.208333 0.250000 0.208333
 0.208330 0.208330 0.166664 0.166664
cellnum  22 12 
 82 
 83 
 1291 
 84 
 85 
 1292 
 78 
 79 
 1289 
 72 
 73 
 1286 
 0.249999 0.208333 0.250000 0.208333
 0.249996 0.249996 0.208330 0.208330
cellnum  23 12 
 84 
 85 
 1292 
 86 
 87 
 1293 
 72 
 73 
 1286 
 74 
 75 
 1287 
 0.208333 0.166666 0.208333 0.166666
 0.249996 0.249997 0.208330 0.208331
cellnum  24 12 
 88 
 89 
 1294 
 90 
 91 
 1295 
 92 
 93 
 1296 
 94 
 95 
 1297 
 0.291666 0.250000 0.291666 0.250000
 0.874997 0.874998 0.833330 0.833330
cellnum  25 12 
 96 
 97 
 1298 
 88 
 89 
 1294 
 98 
 99 
 1299 
 92 
 93 
 1296 
 0.333333 0.291666 0.333333 0.291666
 0.874997 0.874997 0.833330 0.833330
cellnum  26 12 
 100 
 101 
 1300 
 102 
 103 
 1301 
 96 
 97 
 1298 
 88 
 89 
 1294 
 0.333333 0.291666 0.333333 0.291666
 0.916665 0.916665 0.874997 0.874997
cellnum  27 12 
 102 
 103 
 1301 
 104 
 105 
 1302 
 88 
 89 
 1294 
 90 
 91 
 1295 
 0.291666 0.250000 0.291666 0.250000
 0.916665 0.916665 0.874997 0.874998
cellnum  28 12 
 106 
 107 
 1303 
 108 
 109 
 1304 
 62 
 63 
 1281 
 66 
 67 
 1283 
 0.499999 0.541666 0.499999 0.541666
 0.374993 0.374993 0.416659 0.416659
cellnum  29 12 
 110 
 111 
 1305 
 112 
 113 
 1306 
 106 
 107 
 1303 
 108 
 109 
 1304 
 0.499999 0.541666 0.499999 0.541666
 0.333326 0.333326 0.374993 0.374993
cellnum  30 12 
 112 
 113 
 1306 
 114 
 115 
 1307 
 108 
 109 
 1304 
 116 
 117 
 1308 
 0.541666 0.583332 0.541666 0.583332
 0.333326 0.333327 0.374993 0.374993
cellnum  31 12 
 108 
 109 
 1304 
 116 
 117 
 1308 
 66 
 67 
 1283 
 70 
 71 
 1285 
 0.541666 0.583332 0.541666 0.583332
 0.374993 0.374993 0.416659 0.416659
cellnum  32 12 
 32 
 33 
 1266 
 118 
 119 
 1309 
 34 
 35 
 1267 
 60 
 61 
 1280 
 0.458332 0.458332 0.499999 0.499999
 0.499992 0.458326 0.499992 0.458326
cellnum  33 12 
 30 
 31 
 1265 
 120 
 121 
 1310 
 32 
 33 
 1266 
 118 
 119 
 1309 
 0.416666 0.416666 0.458332 0.458332
 0.499992 0.458326 0.499992 0.458326
cellnum  34 12 
 120 
 121 
 1310 
 122 
 123 
 1311 
 118 
 119 
 1309 
 124 
 125 
 1312 
 0.416666 0.416666 0.458332 0.458332
 0.458326 0.416659 0.458326 0.416659
cellnum  35 12 
 118 
 119 
 1309 
 124 
 125 
 1312 
 60 
 61 
 1280 
 62 
 63 
 1281 
 0.458332 0.458332 0.499999 0.499999
 0.458326 0.416659 0.458326 0.416659
cellnum  36 12 
 126 
 127 
 1313 
 128 
 129 
 1314 
 130 
 131 
 1315 
 132 
 133 
 1316 
 0.708333 0.708333 0.750000 0.750000
 0.166663 0.124997 0.166664 0.124998
cellnum  37 12 
 134 
 135 
 1317 
 136 
 137 
 1318 
 126 
 127 
 1313 
 128 
 129 
 1314 
 0.666666 0.666666 0.708333 0.708333
 0.166663 0.124997 0.166663 0.124997
cellnum  38 12 
 136 
 137 
 1318 
 138 
 139 
 1319 
 128 
 129 
 1314 
 140 
 141 
 1320 
 0.666666 0.666666 0.708333 0.708333
 0.124997 0.083331 0.124997 0.083332
cellnum  39 12 
 128 
 129 
 1314 
 140 
 141 
 1320 
 132 
 133 
 1316 
 142 
 143 
 1321 
 0.708333 0.708333 0.750000 0.750000
 0.124997 0.083332 0.124998 0.083332
cellnum  40 12 
 144 
 145 
 1322 
 146 
 147 
 1323 
 148 
 149 
 1324 
 150 
 151 
 1325 
 0.499999 0.499999 0.541666 0.541666
 0.291660 0.249994 0.291660 0.249994
cellnum  41 12 
 148 
 149 
 1324 
 150 
 151 
 1325 
 152 
 153 
 1326 
 154 
 155 
 1327 
 0.541666 0.541666 0.583333 0.583333
 0.291660 0.249994 0.291660 0.249994
cellnum  42 12 
 112 
 113 
 1306 
 148 
 149 
 1324 
 114 
 115 
 1307 
 152 
 153 
 1326 
 0.541666 0.541666 0.583332 0.583333
 0.333326 0.291660 0.333327 0.291660
cellnum  43 12 
 110 
 111 
 1305 
 144 
 145 
 1322 
 112 
 113 
 1306 
 148 
 149 
 1324 
 0.499999 0.499999 0.541666 0.541666
 0.333326 0.291660 0.333326 0.291660
cellnum  44 12 
 156 
 157 
 1328 
 8 
 9 
 1254 
 74 
 75 
 1287 
 10 
 11 
 1255 
 0.125000 0.125000 0.166666 0.166666
 0.208331 0.166665 0.208331 0.166664
cellnum  45 12 
 158 
 159 
 1329 
 156 
 157 
 1328 
 86 
 87 
 1293 
 74 
 75 
 1287 
 0.125000 0.125000 0.166666 0.166666
 0.249998 0.208331 0.249997 0.208331
cellnum  46 12 
 160 
 161 
 1330 
 162 
 163 
 1331 
 158 
 159 
 1329 
 156 
 157 
 1328 
 0.083333 0.083333 0.125000 0.125000
 0.249998 0.208332 0.249998 0.208331
cellnum  47 12 
 162 
 163 
 1331 
 12 
 13 
 1256 
 156 
 157 
 1328 
 8 
 9 
 1254 
 0.083333 0.083333 0.125000 0.125000
 0.208332 0.166666 0.208331 0.166665
cellnum  48 12 
 164 
 165 
 1332 
 166 
 167 
 1333 
 168 
 169 
 1334 
 170 
 171 
 1335 
 0.875000 0.875000 0.833333 0.833333
 0.791665 0.833332 0.791664 0.833331
cellnum  49 12 
 172 
 173 
 1336 
 164 
 165 
 1332 
 174 
 175 
 1337 
 168 
 169 
 1334 
 0.875000 0.875000 0.833333 0.833333
 0.749998 0.791665 0.749997 0.791664
cellnum  50 12 
 176 
 177 
 1338 
 178 
 179 
 1339 
 172 
 173 
 1336 
 164 
 165 
 1332 
 0.916666 0.916666 0.875000 0.875000
 0.749998 0.791665 0.749998 0.791665
cellnum  51 12 
 178 
 179 
 1339 
 180 
 181 
 1340 
 164 
 165 
 1332 
 166 
 167 
 1333 
 0.916666 0.916667 0.875000 0.875000
 0.791665 0.833332 0.791665 0.833332
cellnum  52 12 
 182 
 183 
 1341 
 184 
 185 
 1342 
 186 
 187 
 1343 
 188 
 189 
 1344 
 0.249999 0.208333 0.249999 0.208333
 0.458327 0.458328 0.416661 0.416662
cellnum  53 12 
 190 
 191 
 1345 
 192 
 193 
 1346 
 182 
 183 
 1341 
 184 
 185 
 1342 
 0.249999 0.208333 0.249999 0.208333
 0.499994 0.499995 0.458327 0.458328
cellnum  54 12 
 192 
 193 
 1346 
 194 
 195 
 1347 
 184 
 185 
 1342 
 196 
 197 
 1348 
 0.208333 0.166666 0.208333 0.166666
 0.499995 0.499996 0.458328 0.458329
cellnum  55 12 
 184 
 185 
 1342 
 196 
 197 
 1348 
 188 
 189 
 1344 
 198 
 199 
 1349 
 0.208333 0.166666 0.208333 0.166666
 0.458328 0.458329 0.416662 0.416662
cellnum  56 12 
 200 
 201 
 1350 
 202 
 203 
 1351 
 204 
 205 
 1352 
 206 
 207 
 1353 
 0.708333 0.708333 0.749999 0.749999
 0.458327 0.416660 0.458328 0.416661
cellnum  57 12 
 208 
 209 
 1354 
 200 
 201 
 1350 
 210 
 211 
 1355 
 204 
 205 
 1352 
 0.708332 0.708333 0.749999 0.749999
 0.499994 0.458327 0.499994 0.458328
cellnum  58 12 
 212 
 213 
 1356 
 214 
 215 
 1357 
 208 
 209 
 1354 
 200 
 201 
 1350 
 0.666666 0.666666 0.708332 0.708333
 0.499993 0.458327 0.499994 0.458327
cellnum  59 12 
 214 
 215 
 1357 
 216 
 217 
 1358 
 200 
 201 
 1350 
 202 
 203 
 1351 
 0.666666 0.666666 0.708333 0.708333
 0.458327 0.416660 0.458327 0.416660
cellnum  60 12 
 28 
 29 
 1264 
 22 
 23 
 1261 
 218 
 219 
 1359 
 220 
 221 
 1360 
 0.416666 0.458332 0.416666 0.458332
 0.583326 0.583326 0.624993 0.624993
cellnum  61 12 
 22 
 23 
 1261 
 24 
 25 
 1262 
 220 
 221 
 1360 
 44 
 45 
 1272 
 0.458332 0.499999 0.458332 0.499999
 0.583326 0.583326 0.624993 0.624993
cellnum  62 12 
 220 
 221 
 1360 
 44 
 45 
 1272 
 222 
 223 
 1361 
 46 
 47 
 1273 
 0.458332 0.499999 0.458332 0.499999
 0.624993 0.624993 0.666660 0.666660
cellnum  63 12 
 218 
 219 
 1359 
 220 
 221 
 1360 
 224 
 225 
 1362 
 222 
 223 
 1361 
 0.416666 0.458332 0.416666 0.458332
 0.624993 0.624993 0.666660 0.666660
cellnum  64 12 
 226 
 227 
 1363 
 228 
 229 
 1364 
 230 
 231 
 1365 
 232 
 233 
 1366 
 0.458333 0.499999 0.458333 0.499999
 0.708327 0.708327 0.749994 0.749994
cellnum  65 12 
 234 
 235 
 1367 
 226 
 227 
 1363 
 236 
 237 
 1368 
 230 
 231 
 1365 
 0.416666 0.458333 0.416666 0.458333
 0.708327 0.708327 0.749994 0.749994
cellnum  66 12 
 224 
 225 
 1362 
 222 
 223 
 1361 
 234 
 235 
 1367 
 226 
 227 
 1363 
 0.416666 0.458332 0.416666 0.458333
 0.666660 0.666660 0.708327 0.708327
cellnum  67 12 
 222 
 223 
 1361 
 46 
 47 
 1273 
 226 
 227 
 1363 
 228 
 229 
 1364 
 0.458332 0.499999 0.458333 0.499999
 0.666660 0.666660 0.708327 0.708327
cellnum  68 12 
 238 
 239 
 1369 
 240 
 241 
 1370 
 242 
 243 
 1371 
 244 
 245 
 1372 
 0.416667 0.458333 0.416667 0.458333
 0.958332 0.958332 1.000000 1.000000
cellnum  69 12 
 246 
 247 
 1373 
 248 
 249 
 1374 
 238 
 239 
 1369 
 240 
 241 
 1370 
 0.416666 0.458333 0.416667 0.458333
 0.916665 0.916665 0.958332 0.958332
cellnum  70 12 
 248 
 249 
 1374 
 250 
 251 
 1375 
 240 
 241 
 1370 
 252 
 253 
 1376 
 0.458333 0.500000 0.458333 0.500000
 0.916665 0.916665 0.958332 0.958332
cellnum  71 12 
 240 
 241 
 1370 
 252 
 253 
 1376 
 244 
 245 
 1372 
 254 
 255 
 1377 
 0.458333 0.500000 0.458333 0.500000
 0.958332 0.958332 1.000000 1.000000
cellnum  72 12 
 104 
 105 
 1302 
 256 
 257 
 1378 
 90 
 91 
 1295 
 258 
 259 
 1379 
 0.250000 0.208333 0.250000 0.208333
 0.916665 0.916665 0.874998 0.874998
cellnum  73 12 
 256 
 257 
 1378 
 260 
 261 
 1380 
 258 
 259 
 1379 
 262 
 263 
 1381 
 0.208333 0.166667 0.208333 0.166666
 0.916665 0.916666 0.874998 0.874998
cellnum  74 12 
 258 
 259 
 1379 
 262 
 263 
 1381 
 264 
 265 
 1382 
 266 
 267 
 1383 
 0.208333 0.166666 0.208333 0.166666
 0.874998 0.874998 0.833331 0.833331
cellnum  75 12 
 90 
 91 
 1295 
 258 
 259 
 1379 
 94 
 95 
 1297 
 264 
 265 
 1382 
 0.250000 0.208333 0.250000 0.208333
 0.874998 0.874998 0.833330 0.833331
cellnum  76 12 
 268 
 269 
 1384 
 270 
 271 
 1385 
 272 
 273 
 1386 
 274 
 275 
 1387 
 0.041667 0.041667 0.083333 0.083333
 0.916666 0.875000 0.916666 0.874999
cellnum  77 12 
 276 
 277 
 1388 
 278 
 279 
 1389 
 268 
 269 
 1384 
 270 
 271 
 1385 
 0.000000 0.000000 0.041667 0.041667
 0.916667 0.875000 0.916666 0.875000
cellnum  78 12 
 278 
 279 
 1389 
 280 
 281 
 1390 
 270 
 271 
 1385 
 282 
 283 
 1391 
 0.000000 0.000000 0.041667 0.041667
 0.875000 0.833333 0.875000 0.833333
cellnum  79 12 
 270 
 271 
 1385 
 282 
 283 
 1391 
 274 
 275 
 1387 
 284 
 285 
 1392 
 0.041667 0.041667 0.083333 0.083333
 0.875000 0.833333 0.874999 0.833332
cellnum  80 12 
 286 
 287 
 1393 
 110 
 111 
 1305 
 288 
 289 
 1394 
 106 
 107 
 1303 
 0.458332 0.499999 0.458332 0.499999
 0.333326 0.333326 0.374993 0.374993
cellnum  81 12 
 288 
 289 
 1394 
 106 
 107 
 1303 
 124 
 125 
 1312 
 62 
 63 
 1281 
 0.458332 0.499999 0.458332 0.499999
 0.374993 0.374993 0.416659 0.416659
cellnum  82 12 
 290 
 291 
 1395 
 288 
 289 
 1394 
 122 
 123 
 1311 
 124 
 125 
 1312 
 0.416666 0.458332 0.416666 0.458332
 0.374993 0.374993 0.416659 0.416659
cellnum  83 12 
 292 
 293 
 1396 
 286 
 287 
 1393 
 290 
 291 
 1395 
 288 
 289 
 1394 
 0.416666 0.458332 0.416666 0.458332
 0.333327 0.333326 0.374993 0.374993
cellnum  84 12 
 294 
 295 
 1397 
 296 
 297 
 1398 
 196 
 197 
 1348 
 198 
 199 
 1349 
 0.125000 0.125000 0.166666 0.166666
 0.458330 0.416663 0.458329 0.416662
cellnum  85 12 
 298 
 299 
 1399 
 294 
 295 
 1397 
 194 
 195 
 1347 
 196 
 197 
 1348 
 0.125000 0.125000 0.166666 0.166666
 0.499997 0.458330 0.499996 0.458329
cellnum  86 12 
 300 
 301 
 1400 
 302 
 303 
 1401 
 298 
 299 
 1399 
 294 
 295 
 1397 
 0.083333 0.083333 0.125000 0.125000
 0.499998 0.458331 0.499997 0.458330
cellnum  87 12 
 302 
 303 
 1401 
 304 
 305 
 1402 
 294 
 295 
 1397 
 296 
 297 
 1398 
 0.083333 0.083333 0.125000 0.125000
 0.458331 0.416664 0.458330 0.416663
cellnum  88 12 
 306 
 307 
 1403 
 96 
 97 
 1298 
 308 
 309 
 1404 
 98 
 99 
 1299 
 0.375000 0.333333 0.374999 0.333333
 0.874997 0.874997 0.833330 0.833330
cellnum  89 12 
 310 
 311 
 1405 
 306 
 307 
 1403 
 312 
 313 
 1406 
 308 
 309 
 1404 
 0.416666 0.375000 0.416666 0.374999
 0.874997 0.874997 0.833329 0.833330
cellnum  90 12 
 246 
 247 
 1373 
 314 
 315 
 1407 
 310 
 311 
 1405 
 306 
 307 
 1403 
 0.416666 0.375000 0.416666 0.375000
 0.916665 0.916665 0.874997 0.874997
cellnum  91 12 
 314 
 315 
 1407 
 100 
 101 
 1300 
 306 
 307 
 1403 
 96 
 97 
 1298 
 0.375000 0.333333 0.375000 0.333333
 0.916665 0.916665 0.874997 0.874997
cellnum  92 12 
 316 
 317 
 1408 
 318 
 319 
 1409 
 320 
 321 
 1410 
 322 
 323 
 1411 
 0.374999 0.374999 0.333332 0.333332
 0.374993 0.416659 0.374993 0.416660
cellnum  93 12 
 324 
 325 
 1412 
 316 
 317 
 1408 
 326 
 327 
 1413 
 320 
 321 
 1410 
 0.374999 0.374999 0.333333 0.333332
 0.333327 0.374993 0.333327 0.374993
cellnum  94 12 
 292 
 293 
 1396 
 290 
 291 
 1395 
 324 
 325 
 1412 
 316 
 317 
 1408 
 0.416666 0.416666 0.374999 0.374999
 0.333327 0.374993 0.333327 0.374993
cellnum  95 12 
 290 
 291 
 1395 
 122 
 123 
 1311 
 316 
 317 
 1408 
 318 
 319 
 1409 
 0.416666 0.416666 0.374999 0.374999
 0.374993 0.416659 0.374993 0.416659
cellnum  96 12 
 328 
 329 
 1414 
 330 
 331 
 1415 
 332 
 333 
 1416 
 334 
 335 
 1417 
 0.791666 0.749999 0.791666 0.749999
 0.333329 0.333328 0.291663 0.291662
cellnum  97 12 
 332 
 333 
 1416 
 334 
 335 
 1417 
 336 
 337 
 1418 
 338 
 339 
 1419 
 0.791666 0.749999 0.791666 0.749999
 0.291663 0.291662 0.249996 0.249996
cellnum  98 12 
 340 
 341 
 1420 
 332 
 333 
 1416 
 342 
 343 
 1421 
 336 
 337 
 1418 
 0.833333 0.791666 0.833333 0.791666
 0.291663 0.291663 0.249997 0.249996
cellnum  99 12 
 344 
 345 
 1422 
 328 
 329 
 1414 
 340 
 341 
 1420 
 332 
 333 
 1416 
 0.833333 0.791666 0.833333 0.791666
 0.333330 0.333329 0.291663 0.291663
cellnum  100 12 
 174 
 175 
 1337 
 168 
 169 
 1334 
 346 
 347 
 1423 
 348 
 349 
 1424 
 0.833333 0.833333 0.791666 0.791666
 0.749997 0.791664 0.749997 0.791664
cellnum  101 12 
 168 
 169 
 1334 
 170 
 171 
 1335 
 348 
 349 
 1424 
 350 
 351 
 1425 
 0.833333 0.833333 0.791666 0.791666
 0.791664 0.833331 0.791664 0.833331
cellnum  102 12 
 348 
 349 
 1424 
 350 
 351 
 1425 
 352 
 353 
 1426 
 354 
 355 
 1427 
 0.791666 0.791666 0.750000 0.750000
 0.791664 0.833331 0.791663 0.833330
cellnum  103 12 
 346 
 347 
 1423 
 348 
 349 
 1424 
 356 
 357 
 1428 
 352 
 353 
 1426 
 0.791666 0.791666 0.749999 0.750000
 0.749997 0.791664 0.749996 0.791663
cellnum  104 12 
 358 
 359 
 1429 
 360 
 361 
 1430 
 362 
 363 
 1431 
 364 
 365 
 1432 
 0.291666 0.291666 0.249999 0.249999
 0.624994 0.666661 0.624995 0.666662
cellnum  105 12 
 366 
 367 
 1433 
 358 
 359 
 1429 
 368 
 369 
 1434 
 362 
 363 
 1431 
 0.291666 0.291666 0.249999 0.249999
 0.583327 0.624994 0.583328 0.624995
cellnum  106 12 
 370 
 371 
 1435 
 372 
 373 
 1436 
 366 
 367 
 1433 
 358 
 359 
 1429 
 0.333332 0.333332 0.291666 0.291666
 0.583326 0.624994 0.583327 0.624994
cellnum  107 12 
 372 
 373 
 1436 
 374 
 375 
 1437 
 358 
 359 
 1429 
 360 
 361 
 1430 
 0.333332 0.333333 0.291666 0.291666
 0.624994 0.666661 0.624994 0.666661
cellnum  108 12 
 292 
 293 
 1396 
 324 
 325 
 1412 
 376 
 377 
 1438 
 378 
 379 
 1439 
 0.416666 0.374999 0.416666 0.374999
 0.333327 0.333327 0.291660 0.291661
cellnum  109 12 
 324 
 325 
 1412 
 326 
 327 
 1413 
 378 
 379 
 1439 
 380 
 381 
 1440 
 0.374999 0.333333 0.374999 0.333333
 0.333327 0.333327 0.291661 0.291661
cellnum  110 12 
 378 
 379 
 1439 
 380 
 381 
 1440 
 382 
 383 
 1441 
 384 
 385 
 1442 
 0.374999 0.333333 0.374999 0.333333
 0.291661 0.291661 0.249995 0.249995
cellnum  111 12 
 376 
 377 
 1438 
 378 
 379 
 1439 
 386 
 387 
 1443 
 382 
 383 
 1441 
 0.416666 0.374999 0.416666 0.374999
 0.291660 0.291661 0.249994 0.249995
cellnum  112 12 
 388 
 389 
 1444 
 390 
 391 
 1445 
 42 
 43 
 1271 
 392 
 393 
 1446 
 0.624999 0.624999 0.583332 0.583333
 0.666660 0.708328 0.666660 0.708327
cellnum  113 12 
 394 
 395 
 1447 
 396 
 397 
 1448 
 388 
 389 
 1444 
 390 
 391 
 1445 
 0.666666 0.666666 0.624999 0.624999
 0.666661 0.708328 0.666660 0.708328
cellnum  114 12 
 396 
 397 
 1448 
 398 
 399 
 1449 
 390 
 391 
 1445 
 400 
 401 
 1450 
 0.666666 0.666666 0.624999 0.624999
 0.708328 0.749995 0.708328 0.749995
cellnum  115 12 
 390 
 391 
 1445 
 400 
 401 
 1450 
 392 
 393 
 1446 
 402 
 403 
 1451 
 0.624999 0.624999 0.583333 0.583333
 0.708328 0.749995 0.708327 0.749995
cellnum  116 12 
 404 
 405 
 1452 
 406 
 407 
 1453 
 408 
 409 
 1454 
 410 
 411 
 1455 
 0.875000 0.875000 0.833333 0.833333
 0.541664 0.583330 0.541663 0.583329
cellnum  117 12 
 412 
 413 
 1456 
 404 
 405 
 1452 
 414 
 415 
 1457 
 408 
 409 
 1454 
 0.875000 0.875000 0.833333 0.833333
 0.499997 0.541664 0.499996 0.541663
cellnum  118 12 
 416 
 417 
 1458 
 418 
 419 
 1459 
 412 
 413 
 1456 
 404 
 405 
 1452 
 0.916666 0.916666 0.875000 0.875000
 0.499998 0.541665 0.499997 0.541664
cellnum  119 12 
 418 
 419 
 1459 
 420 
 421 
 1460 
 404 
 405 
 1452 
 406 
 407 
 1453 
 0.916666 0.916666 0.875000 0.875000
 0.541665 0.583331 0.541664 0.583330
cellnum  120 12 
 422 
 423 
 1461 
 424 
 425 
 1462 
 426 
 427 
 1463 
 428 
 429 
 1464 
 0.958333 0.916667 0.958333 0.916667
 0.916666 0.916666 0.875000 0.874999
cellnum  121 12 
 426 
 427 
 1463 
 428 
 429 
 1464 
 430 
 431 
 1465 
 180 
 181 
 1340 
 0.958333 0.916667 0.958333 0.916667
 0.875000 0.874999 0.833333 0.833332
cellnum  122 12 
 432 
 433 
 1466 
 426 
 427 
 1463 
 434 
 435 
 1467 
 430 
 431 
 1465 
 1.000000 0.958333 1.000000 0.958333
 0.875000 0.875000 0.833333 0.833333
cellnum  123 12 
 436 
 437 
 1468 
 422 
 423 
 1461 
 432 
 433 
 1466 
 426 
 427 
 1463 
 1.000000 0.958333 1.000000 0.958333
 0.916667 0.916666 0.875000 0.875000
cellnum  124 12 
 438 
 439 
 1469 
 440 
 441 
 1470 
 14 
 15 
 1257 
 16 
 17 
 1258 
 0.041667 0.041667 0.083333 0.083333
 0.125000 0.083333 0.124999 0.083333
cellnum  125 12 
 442 
 443 
 1471 
 438 
 439 
 1469 
 12 
 13 
 1256 
 14 
 15 
 1257 
 0.041667 0.041667 0.083333 0.083333
 0.166666 0.125000 0.166666 0.124999
cellnum  126 12 
 444 
 445 
 1472 
 446 
 447 
 1473 
 442 
 443 
 1471 
 438 
 439 
 1469 
 0.000000 0.000000 0.041667 0.041667
 0.166667 0.125000 0.166666 0.125000
cellnum  127 12 
 446 
 447 
 1473 
 448 
 449 
 1474 
 438 
 439 
 1469 
 440 
 441 
 1470 
 0.000000 0.000000 0.041667 0.041667
 0.125000 0.083333 0.125000 0.083333
cellnum  128 12 
 274 
 275 
 1387 
 284 
 285 
 1392 
 450 
 451 
 1475 
 452 
 453 
 1476 
 0.083333 0.083333 0.125000 0.125000
 0.874999 0.833332 0.874999 0.833332
cellnum  129 12 
 450 
 451 
 1475 
 452 
 453 
 1476 
 262 
 263 
 1381 
 266 
 267 
 1383 
 0.125000 0.125000 0.166666 0.166666
 0.874999 0.833332 0.874998 0.833331
cellnum  130 12 
 454 
 455 
 1477 
 450 
 451 
 1475 
 260 
 261 
 1380 
 262 
 263 
 1381 
 0.125000 0.125000 0.166667 0.166666
 0.916666 0.874999 0.916666 0.874998
cellnum  131 12 
 272 
 273 
 1386 
 274 
 275 
 1387 
 454 
 455 
 1477 
 450 
 451 
 1475 
 0.083333 0.083333 0.125000 0.125000
 0.916666 0.874999 0.916666 0.874999
cellnum  132 12 
 456 
 457 
 1478 
 458 
 459 
 1479 
 460 
 461 
 1480 
 462 
 463 
 1481 
 0.541667 0.541667 0.583333 0.583333
 0.041666 0.000000 0.041666 0.000000
cellnum  133 12 
 464 
 465 
 1482 
 456 
 457 
 1478 
 466 
 467 
 1483 
 460 
 461 
 1480 
 0.541666 0.541667 0.583333 0.583333
 0.083331 0.041666 0.083331 0.041666
cellnum  134 12 
 468 
 469 
 1484 
 470 
 471 
 1485 
 464 
 465 
 1482 
 456 
 457 
 1478 
 0.500000 0.500000 0.541666 0.541667
 0.083331 0.041666 0.083331 0.041666
cellnum  135 12 
 470 
 471 
 1485 
 472 
 473 
 1486 
 456 
 457 
 1478 
 458 
 459 
 1479 
 0.500000 0.500000 0.541667 0.541667
 0.041666 0.000000 0.041666 0.000000
cellnum  136 12 
 474 
 475 
 1487 
 476 
 477 
 1488 
 478 
 479 
 1489 
 480 
 481 
 1490 
 0.875000 0.875000 0.833333 0.833333
 0.958333 1.000000 0.958333 1.000000
cellnum  137 12 
 482 
 483 
 1491 
 474 
 475 
 1487 
 484 
 485 
 1492 
 478 
 479 
 1489 
 0.875000 0.875000 0.833333 0.833333
 0.916666 0.958333 0.916666 0.958333
cellnum  138 12 
 424 
 425 
 1462 
 486 
 487 
 1493 
 482 
 483 
 1491 
 474 
 475 
 1487 
 0.916667 0.916667 0.875000 0.875000
 0.916666 0.958333 0.916666 0.958333
cellnum  139 12 
 486 
 487 
 1493 
 488 
 489 
 1494 
 474 
 475 
 1487 
 476 
 477 
 1488 
 0.916667 0.916667 0.875000 0.875000
 0.958333 1.000000 0.958333 1.000000
cellnum  140 12 
 490 
 491 
 1495 
 492 
 493 
 1496 
 494 
 495 
 1497 
 496 
 497 
 1498 
 0.041667 0.083333 0.041667 0.083333
 0.333332 0.333331 0.374999 0.374998
cellnum  141 12 
 494 
 495 
 1497 
 496 
 497 
 1498 
 498 
 499 
 1499 
 304 
 305 
 1402 
 0.041667 0.083333 0.041667 0.083333
 0.374999 0.374998 0.416666 0.416664
cellnum  142 12 
 500 
 501 
 1500 
 494 
 495 
 1497 
 502 
 503 
 1501 
 498 
 499 
 1499 
 0.000000 0.041667 0.000000 0.041667
 0.375000 0.374999 0.416667 0.416666
cellnum  143 12 
 504 
 505 
 1502 
 490 
 491 
 1495 
 500 
 501 
 1500 
 494 
 495 
 1497 
 0.000000 0.041667 0.000000 0.041667
 0.333333 0.333332 0.375000 0.374999
cellnum  144 12 
 506 
 507 
 1503 
 508 
 509 
 1504 
 216 
 217 
 1358 
 202 
 203 
 1351 
 0.666666 0.708333 0.666666 0.708333
 0.374994 0.374994 0.416660 0.416660
cellnum  145 12 
 510 
 511 
 1505 
 512 
 513 
 1506 
 506 
 507 
 1503 
 508 
 509 
 1504 
 0.666666 0.708333 0.666666 0.708333
 0.333327 0.333328 0.374994 0.374994
cellnum  146 12 
 512 
 513 
 1506 
 330 
 331 
 1415 
 508 
 509 
 1504 
 514 
 515 
 1507 
 0.708333 0.749999 0.708333 0.749999
 0.333328 0.333328 0.374994 0.374995
cellnum  147 12 
 508 
 509 
 1504 
 514 
 515 
 1507 
 202 
 203 
 1351 
 206 
 207 
 1353 
 0.708333 0.749999 0.708333 0.749999
 0.374994 0.374995 0.416660 0.416661
cellnum  148 12 
 516 
 517 
 1508 
 134 
 135 
 1317 
 518 
 519 
 1509 
 126 
 127 
 1313 
 0.666666 0.666666 0.708333 0.708333
 0.208329 0.166663 0.208329 0.166663
cellnum  149 12 
 518 
 519 
 1509 
 126 
 127 
 1313 
 520 
 521 
 1510 
 130 
 131 
 1315 
 0.708333 0.708333 0.750000 0.750000
 0.208329 0.166663 0.208330 0.166664
cellnum  150 12 
 522 
 523 
 1511 
 518 
 519 
 1509 
 338 
 339 
 1419 
 520 
 521 
 1510 
 0.708333 0.708333 0.749999 0.750000
 0.249995 0.208329 0.249996 0.208330
cellnum  151 12 
 524 
 525 
 1512 
 516 
 517 
 1508 
 522 
 523 
 1511 
 518 
 519 
 1509 
 0.666666 0.666666 0.708333 0.708333
 0.249995 0.208329 0.249995 0.208329
cellnum  152 12 
 326 
 327 
 1413 
 320 
 321 
 1410 
 526 
 527 
 1513 
 528 
 529 
 1514 
 0.333333 0.333332 0.291666 0.291666
 0.333327 0.374993 0.333328 0.374994
cellnum  153 12 
 320 
 321 
 1410 
 322 
 323 
 1411 
 528 
 529 
 1514 
 530 
 531 
 1515 
 0.333332 0.333332 0.291666 0.291666
 0.374993 0.416660 0.374994 0.416660
cellnum  154 12 
 528 
 529 
 1514 
 530 
 531 
 1515 
 532 
 533 
 1516 
 186 
 187 
 1343 
 0.291666 0.291666 0.249999 0.249999
 0.374994 0.416660 0.374994 0.416661
cellnum  155 12 
 526 
 527 
 1513 
 528 
 529 
 1514 
 534 
 535 
 1517 
 532 
 533 
 1516 
 0.291666 0.291666 0.249999 0.249999
 0.333328 0.374994 0.333328 0.374994
cellnum  156 12 
 420 
 421 
 1460 
 536 
 537 
 1518 
 406 
 407 
 1453 
 538 
 539 
 1519 
 0.916666 0.916666 0.875000 0.875000
 0.583331 0.624998 0.583330 0.624997
cellnum  157 12 
 536 
 537 
 1518 
 540 
 541 
 1520 
 538 
 539 
 1519 
 542 
 543 
 1521 
 0.916666 0.916666 0.875000 0.875000
 0.624998 0.666665 0.624997 0.666664
cellnum  158 12 
 538 
 539 
 1519 
 542 
 543 
 1521 
 544 
 545 
 1522 
 546 
 547 
 1523 
 0.875000 0.875000 0.833333 0.833333
 0.624997 0.666664 0.624996 0.666663
cellnum  159 12 
 406 
 407 
 1453 
 538 
 539 
 1519 
 410 
 411 
 1455 
 544 
 545 
 1522 
 0.875000 0.875000 0.833333 0.833333
 0.583330 0.624997 0.583329 0.624996
cellnum  160 12 
 134 
 135 
 1317 
 548 
 549 
 1524 
 136 
 137 
 1318 
 550 
 551 
 1525 
 0.666666 0.624999 0.666666 0.625000
 0.166663 0.166663 0.124997 0.124997
cellnum  161 12 
 548 
 549 
 1524 
 552 
 553 
 1526 
 550 
 551 
 1525 
 554 
 555 
 1527 
 0.624999 0.583333 0.625000 0.583333
 0.166663 0.166663 0.124997 0.124997
cellnum  162 12 
 550 
 551 
 1525 
 554 
 555 
 1527 
 556 
 557 
 1528 
 466 
 467 
 1483 
 0.625000 0.583333 0.625000 0.583333
 0.124997 0.124997 0.083331 0.083331
cellnum  163 12 
 136 
 137 
 1318 
 550 
 551 
 1525 
 138 
 139 
 1319 
 556 
 557 
 1528 
 0.666666 0.625000 0.666666 0.625000
 0.124997 0.124997 0.083331 0.083331
cellnum  164 12 
 448 
 449 
 1474 
 558 
 559 
 1529 
 440 
 441 
 1470 
 560 
 561 
 1530 
 0.000000 0.000000 0.041667 0.041667
 0.083333 0.041667 0.083333 0.041667
cellnum  165 12 
 558 
 559 
 1529 
 562 
 563 
 1531 
 560 
 561 
 1530 
 564 
 565 
 1532 
 0.000000 0.000000 0.041667 0.041667
 0.041667 0.000000 0.041667 0.000000
cellnum  166 12 
 560 
 561 
 1530 
 564 
 565 
 1532 
 566 
 567 
 1533 
 568 
 569 
 1534 
 0.041667 0.041667 0.083333 0.083333
 0.041667 0.000000 0.041666 0.000000
cellnum  167 12 
 440 
 441 
 1470 
 560 
 561 
 1530 
 16 
 17 
 1258 
 566 
 567 
 1533 
 0.041667 0.041667 0.083333 0.083333
 0.083333 0.041667 0.083333 0.041666
cellnum  168 12 
 570 
 571 
 1535 
 572 
 573 
 1536 
 536 
 537 
 1518 
 540 
 541 
 1520 
 0.958333 0.958333 0.916666 0.916666
 0.624999 0.666666 0.624998 0.666665
cellnum  169 12 
 574 
 575 
 1537 
 570 
 571 
 1535 
 420 
 421 
 1460 
 536 
 537 
 1518 
 0.958333 0.958333 0.916666 0.916666
 0.583332 0.624999 0.583331 0.624998
cellnum  170 12 
 576 
 577 
 1538 
 578 
 579 
 1539 
 574 
 575 
 1537 
 570 
 571 
 1535 
 1.000000 1.000000 0.958333 0.958333
 0.583333 0.625000 0.583332 0.624999
cellnum  171 12 
 578 
 579 
 1539 
 580 
 581 
 1540 
 570 
 571 
 1535 
 572 
 573 
 1536 
 1.000000 1.000000 0.958333 0.958333
 0.625000 0.666667 0.624999 0.666666
cellnum  172 12 
 582 
 583 
 1541 
 132 
 133 
 1316 
 584 
 585 
 1542 
 142 
 143 
 1321 
 0.791666 0.750000 0.791666 0.750000
 0.124998 0.124998 0.083332 0.083332
cellnum  173 12 
 586 
 587 
 1543 
 582 
 583 
 1541 
 588 
 589 
 1544 
 584 
 585 
 1542 
 0.833333 0.791666 0.833333 0.791666
 0.124998 0.124998 0.083332 0.083332
cellnum  174 12 
 590 
 591 
 1545 
 592 
 593 
 1546 
 586 
 587 
 1543 
 582 
 583 
 1541 
 0.833333 0.791666 0.833333 0.791666
 0.166665 0.166664 0.124998 0.124998
cellnum  175 12 
 592 
 593 
 1546 
 130 
 131 
 1315 
 582 
 583 
 1541 
 132 
 133 
 1316 
 0.791666 0.750000 0.791666 0.750000
 0.166664 0.166664 0.124998 0.124998
cellnum  176 12 
 594 
 595 
 1547 
 344 
 345 
 1422 
 596 
 597 
 1548 
 340 
 341 
 1420 
 0.875000 0.833333 0.875000 0.833333
 0.333331 0.333330 0.291664 0.291663
cellnum  177 12 
 596 
 597 
 1548 
 340 
 341 
 1420 
 598 
 599 
 1549 
 342 
 343 
 1421 
 0.875000 0.833333 0.875000 0.833333
 0.291664 0.291663 0.249998 0.249997
cellnum  178 12 
 600 
 601 
 1550 
 596 
 597 
 1548 
 602 
 603 
 1551 
 598 
 599 
 1549 
 0.916666 0.875000 0.916666 0.875000
 0.291665 0.291664 0.249998 0.249998
cellnum  179 12 
 604 
 605 
 1552 
 594 
 595 
 1547 
 600 
 601 
 1550 
 596 
 597 
 1548 
 0.916666 0.875000 0.916666 0.875000
 0.333331 0.333331 0.291665 0.291664
cellnum  180 12 
 606 
 607 
 1553 
 608 
 609 
 1554 
 610 
 611 
 1555 
 612 
 613 
 1556 
 0.791666 0.750000 0.791666 0.750000
 0.916665 0.916665 0.874998 0.874998
cellnum  181 12 
 610 
 611 
 1555 
 612 
 613 
 1556 
 350 
 351 
 1425 
 354 
 355 
 1427 
 0.791666 0.750000 0.791666 0.750000
 0.874998 0.874998 0.833331 0.833330
cellnum  182 12 
 614 
 615 
 1557 
 610 
 611 
 1555 
 170 
 171 
 1335 
 350 
 351 
 1425 
 0.833333 0.791666 0.833333 0.791666
 0.874998 0.874998 0.833331 0.833331
cellnum  183 12 
 484 
 485 
 1492 
 606 
 607 
 1553 
 614 
 615 
 1557 
 610 
 611 
 1555 
 0.833333 0.791666 0.833333 0.791666
 0.916666 0.916665 0.874998 0.874998
cellnum  184 12 
 616 
 617 
 1558 
 618 
 619 
 1559 
 82 
 83 
 1291 
 84 
 85 
 1292 
 0.249999 0.208333 0.249999 0.208333
 0.291662 0.291663 0.249996 0.249996
cellnum  185 12 
 534 
 535 
 1517 
 620 
 621 
 1560 
 616 
 617 
 1558 
 618 
 619 
 1559 
 0.249999 0.208333 0.249999 0.208333
 0.333328 0.333329 0.291662 0.291663
cellnum  186 12 
 620 
 621 
 1560 
 622 
 623 
 1561 
 618 
 619 
 1559 
 624 
 625 
 1562 
 0.208333 0.166666 0.208333 0.166666
 0.333329 0.333330 0.291663 0.291663
cellnum  187 12 
 618 
 619 
 1559 
 624 
 625 
 1562 
 84 
 85 
 1292 
 86 
 87 
 1293 
 0.208333 0.166666 0.208333 0.166666
 0.291663 0.291663 0.249996 0.249997
cellnum  188 12 
 626 
 627 
 1563 
 346 
 347 
 1423 
 628 
 629 
 1564 
 356 
 357 
 1428 
 0.791666 0.791666 0.749999 0.749999
 0.708330 0.749997 0.708329 0.749996
cellnum  189 12 
 630 
 631 
 1565 
 626 
 627 
 1563 
 632 
 633 
 1566 
 628 
 629 
 1564 
 0.791666 0.791666 0.749999 0.749999
 0.666663 0.708330 0.666662 0.708329
cellnum  190 12 
 546 
 547 
 1523 
 634 
 635 
 1567 
 630 
 631 
 1565 
 626 
 627 
 1563 
 0.833333 0.833333 0.791666 0.791666
 0.666663 0.708330 0.666663 0.708330
cellnum  191 12 
 634 
 635 
 1567 
 174 
 175 
 1337 
 626 
 627 
 1563 
 346 
 347 
 1423 
 0.833333 0.833333 0.791666 0.791666
 0.708330 0.749997 0.708330 0.749997
cellnum  192 12 
 636 
 637 
 1568 
 638 
 639 
 1569 
 640 
 641 
 1570 
 642 
 643 
 1571 
 0.958333 0.916667 0.958333 0.916667
 0.041667 0.041666 0.000000 0.000000
cellnum  193 12 
 644 
 645 
 1572 
 636 
 637 
 1568 
 646 
 647 
 1573 
 640 
 641 
 1570 
 1.000000 0.958333 1.000000 0.958333
 0.041667 0.041667 0.000000 0.000000
cellnum  194 12 
 648 
 649 
 1574 
 650 
 651 
 1575 
 644 
 645 
 1572 
 636 
 637 
 1568 
 1.000000 0.958333 1.000000 0.958333
 0.083333 0.083333 0.041667 0.041667
cellnum  195 12 
 650 
 651 
 1575 
 652 
 653 
 1576 
 636 
 637 
 1568 
 638 
 639 
 1569 
 0.958333 0.916667 0.958333 0.916667
 0.083333 0.083333 0.041667 0.041666
cellnum  196 12 
 276 
 277 
 1388 
 268 
 269 
 1384 
 654 
 655 
 1577 
 656 
 657 
 1578 
 0.000000 0.041667 0.000000 0.041667
 0.916667 0.916666 0.958333 0.958333
cellnum  197 12 
 268 
 269 
 1384 
 272 
 273 
 1386 
 656 
 657 
 1578 
 658 
 659 
 1579 
 0.041667 0.083333 0.041667 0.083333
 0.916666 0.916666 0.958333 0.958333
cellnum  198 12 
 656 
 657 
 1578 
 658 
 659 
 1579 
 660 
 661 
 1580 
 662 
 663 
 1581 
 0.041667 0.083333 0.041667 0.083333
 0.958333 0.958333 1.000000 1.000000
cellnum  199 12 
 654 
 655 
 1577 
 656 
 657 
 1578 
 664 
 665 
 1582 
 660 
 661 
 1580 
 0.000000 0.041667 0.000000 0.041667
 0.958333 0.958333 1.000000 1.000000
cellnum  200 12 
 666 
 667 
 1583 
 176 
 177 
 1338 
 668 
 669 
 1584 
 172 
 173 
 1336 
 0.916666 0.916666 0.875000 0.875000
 0.708332 0.749998 0.708331 0.749998
cellnum  201 12 
 668 
 669 
 1584 
 172 
 173 
 1336 
 634 
 635 
 1567 
 174 
 175 
 1337 
 0.875000 0.875000 0.833333 0.833333
 0.708331 0.749998 0.708330 0.749997
cellnum  202 12 
 542 
 543 
 1521 
 668 
 669 
 1584 
 546 
 547 
 1523 
 634 
 635 
 1567 
 0.875000 0.875000 0.833333 0.833333
 0.666664 0.708331 0.666663 0.708330
cellnum  203 12 
 540 
 541 
 1520 
 666 
 667 
 1583 
 542 
 543 
 1521 
 668 
 669 
 1584 
 0.916666 0.916666 0.875000 0.875000
 0.666665 0.708332 0.666664 0.708331
cellnum  204 12 
 336 
 337 
 1418 
 338 
 339 
 1419 
 670 
 671 
 1585 
 520 
 521 
 1510 
 0.791666 0.749999 0.791666 0.750000
 0.249996 0.249996 0.208330 0.208330
cellnum  205 12 
 670 
 671 
 1585 
 520 
 521 
 1510 
 592 
 593 
 1546 
 130 
 131 
 1315 
 0.791666 0.750000 0.791666 0.750000
 0.208330 0.208330 0.166664 0.166664
cellnum  206 12 
 672 
 673 
 1586 
 670 
 671 
 1585 
 590 
 591 
 1545 
 592 
 593 
 1546 
 0.833333 0.791666 0.833333 0.791666
 0.208331 0.208330 0.166665 0.166664
cellnum  207 12 
 342 
 343 
 1421 
 336 
 337 
 1418 
 672 
 673 
 1586 
 670 
 671 
 1585 
 0.833333 0.791666 0.833333 0.791666
 0.249997 0.249996 0.208331 0.208330
cellnum  208 12 
 674 
 675 
 1587 
 676 
 677 
 1588 
 514 
 515 
 1507 
 206 
 207 
 1353 
 0.791666 0.791666 0.749999 0.749999
 0.374995 0.416662 0.374995 0.416661
cellnum  209 12 
 328 
 329 
 1414 
 674 
 675 
 1587 
 330 
 331 
 1415 
 514 
 515 
 1507 
 0.791666 0.791666 0.749999 0.749999
 0.333329 0.374995 0.333328 0.374995
cellnum  210 12 
 344 
 345 
 1422 
 678 
 679 
 1589 
 328 
 329 
 1414 
 674 
 675 
 1587 
 0.833333 0.833333 0.791666 0.791666
 0.333330 0.374996 0.333329 0.374995
cellnum  211 12 
 678 
 679 
 1589 
 680 
 681 
 1590 
 674 
 675 
 1587 
 676 
 677 
 1588 
 0.833333 0.833333 0.791666 0.791666
 0.374996 0.416663 0.374995 0.416662
cellnum  212 12 
 682 
 683 
 1591 
 160 
 161 
 1330 
 684 
 685 
 1592 
 158 
 159 
 1329 
 0.083333 0.083333 0.125000 0.125000
 0.291665 0.249998 0.291664 0.249998
cellnum  213 12 
 684 
 685 
 1592 
 158 
 159 
 1329 
 624 
 625 
 1562 
 86 
 87 
 1293 
 0.125000 0.125000 0.166666 0.166666
 0.291664 0.249998 0.291663 0.249997
cellnum  214 12 
 686 
 687 
 1593 
 684 
 685 
 1592 
 622 
 623 
 1561 
 624 
 625 
 1562 
 0.125000 0.125000 0.166666 0.166666
 0.333330 0.291664 0.333330 0.291663
cellnum  215 12 
 492 
 493 
 1496 
 682 
 683 
 1591 
 686 
 687 
 1593 
 684 
 685 
 1592 
 0.083333 0.083333 0.125000 0.125000
 0.333331 0.291665 0.333330 0.291664
cellnum  216 12 
 688 
 689 
 1594 
 188 
 189 
 1344 
 690 
 691 
 1595 
 198 
 199 
 1349 
 0.208333 0.208333 0.166666 0.166666
 0.374995 0.416662 0.374996 0.416662
cellnum  217 12 
 620 
 621 
 1560 
 688 
 689 
 1594 
 622 
 623 
 1561 
 690 
 691 
 1595 
 0.208333 0.208333 0.166666 0.166666
 0.333329 0.374995 0.333330 0.374996
cellnum  218 12 
 534 
 535 
 1517 
 532 
 533 
 1516 
 620 
 621 
 1560 
 688 
 689 
 1594 
 0.249999 0.249999 0.208333 0.208333
 0.333328 0.374994 0.333329 0.374995
cellnum  219 12 
 532 
 533 
 1516 
 186 
 187 
 1343 
 688 
 689 
 1594 
 188 
 189 
 1344 
 0.249999 0.249999 0.208333 0.208333
 0.374994 0.416661 0.374995 0.416662
cellnum  220 12 
 692 
 693 
 1596 
 98 
 99 
 1299 
 694 
 695 
 1597 
 92 
 93 
 1296 
 0.333333 0.333333 0.291666 0.291666
 0.791662 0.833330 0.791663 0.833330
cellnum  221 12 
 694 
 695 
 1597 
 92 
 93 
 1296 
 696 
 697 
 1598 
 94 
 95 
 1297 
 0.291666 0.291666 0.250000 0.250000
 0.791663 0.833330 0.791663 0.833330
cellnum  222 12 
 698 
 699 
 1599 
 694 
 695 
 1597 
 700 
 701 
 1600 
 696 
 697 
 1598 
 0.291666 0.291666 0.249999 0.250000
 0.749995 0.791663 0.749996 0.791663
cellnum  223 12 
 702 
 703 
 1601 
 692 
 693 
 1596 
 698 
 699 
 1599 
 694 
 695 
 1597 
 0.333333 0.333333 0.291666 0.291666
 0.749995 0.791662 0.749995 0.791663
cellnum  224 12 
 496 
 497 
 1498 
 704 
 705 
 1602 
 304 
 305 
 1402 
 296 
 297 
 1398 
 0.083333 0.125000 0.083333 0.125000
 0.374998 0.374997 0.416664 0.416663
cellnum  225 12 
 492 
 493 
 1496 
 686 
 687 
 1593 
 496 
 497 
 1498 
 704 
 705 
 1602 
 0.083333 0.125000 0.083333 0.125000
 0.333331 0.333330 0.374998 0.374997
cellnum  226 12 
 686 
 687 
 1593 
 622 
 623 
 1561 
 704 
 705 
 1602 
 690 
 691 
 1595 
 0.125000 0.166666 0.125000 0.166666
 0.333330 0.333330 0.374997 0.374996
cellnum  227 12 
 704 
 705 
 1602 
 690 
 691 
 1595 
 296 
 297 
 1398 
 198 
 199 
 1349 
 0.125000 0.166666 0.125000 0.166666
 0.374997 0.374996 0.416663 0.416662
cellnum  228 12 
 364 
 365 
 1432 
 706 
 707 
 1603 
 708 
 709 
 1604 
 710 
 711 
 1605 
 0.249999 0.249999 0.208333 0.208333
 0.666662 0.708329 0.666662 0.708329
cellnum  229 12 
 706 
 707 
 1603 
 700 
 701 
 1600 
 710 
 711 
 1605 
 712 
 713 
 1606 
 0.249999 0.249999 0.208333 0.208333
 0.708329 0.749996 0.708329 0.749996
cellnum  230 12 
 710 
 711 
 1605 
 712 
 713 
 1606 
 714 
 715 
 1607 
 716 
 717 
 1608 
 0.208333 0.208333 0.166666 0.166666
 0.708329 0.749996 0.708330 0.749997
cellnum  231 12 
 708 
 709 
 1604 
 710 
 711 
 1605 
 718 
 719 
 1609 
 714 
 715 
 1607 
 0.208333 0.208333 0.166666 0.166666
 0.666662 0.708329 0.666663 0.708330
cellnum  232 12 
 214 
 215 
 1357 
 720 
 721 
 1610 
 216 
 217 
 1358 
 722 
 723 
 1611 
 0.666666 0.624999 0.666666 0.624999
 0.458327 0.458326 0.416660 0.416660
cellnum  233 12 
 212 
 213 
 1356 
 724 
 725 
 1612 
 214 
 215 
 1357 
 720 
 721 
 1610 
 0.666666 0.624999 0.666666 0.624999
 0.499993 0.499993 0.458327 0.458326
cellnum  234 12 
 724 
 725 
 1612 
 56 
 57 
 1278 
 720 
 721 
 1610 
 68 
 69 
 1284 
 0.624999 0.583332 0.624999 0.583332
 0.499993 0.499992 0.458326 0.458326
cellnum  235 12 
 720 
 721 
 1610 
 68 
 69 
 1284 
 722 
 723 
 1611 
 70 
 71 
 1285 
 0.624999 0.583332 0.624999 0.583332
 0.458326 0.458326 0.416660 0.416659
cellnum  236 12 
 726 
 727 
 1613 
 728 
 729 
 1614 
 682 
 683 
 1591 
 160 
 161 
 1330 
 0.041667 0.041667 0.083333 0.083333
 0.291666 0.249999 0.291665 0.249998
cellnum  237 12 
 490 
 491 
 1495 
 726 
 727 
 1613 
 492 
 493 
 1496 
 682 
 683 
 1591 
 0.041667 0.041667 0.083333 0.083333
 0.333332 0.291666 0.333331 0.291665
cellnum  238 12 
 504 
 505 
 1502 
 730 
 731 
 1615 
 490 
 491 
 1495 
 726 
 727 
 1613 
 0.000000 0.000000 0.041667 0.041667
 0.333333 0.291667 0.333332 0.291666
cellnum  239 12 
 730 
 731 
 1615 
 732 
 733 
 1616 
 726 
 727 
 1613 
 728 
 729 
 1614 
 0.000000 0.000000 0.041667 0.041667
 0.291667 0.250000 0.291666 0.249999
cellnum  240 12 
 734 
 735 
 1617 
 264 
 265 
 1382 
 736 
 737 
 1618 
 266 
 267 
 1383 
 0.208333 0.208333 0.166666 0.166666
 0.791664 0.833331 0.791664 0.833331
cellnum  241 12 
 712 
 713 
 1606 
 734 
 735 
 1617 
 716 
 717 
 1608 
 736 
 737 
 1618 
 0.208333 0.208333 0.166666 0.166666
 0.749996 0.791664 0.749997 0.791664
cellnum  242 12 
 700 
 701 
 1600 
 696 
 697 
 1598 
 712 
 713 
 1606 
 734 
 735 
 1617 
 0.249999 0.250000 0.208333 0.208333
 0.749996 0.791663 0.749996 0.791664
cellnum  243 12 
 696 
 697 
 1598 
 94 
 95 
 1297 
 734 
 735 
 1617 
 264 
 265 
 1382 
 0.250000 0.250000 0.208333 0.208333
 0.791663 0.833330 0.791664 0.833331
cellnum  244 12 
 572 
 573 
 1536 
 738 
 739 
 1619 
 540 
 541 
 1520 
 666 
 667 
 1583 
 0.958333 0.958333 0.916666 0.916666
 0.666666 0.708332 0.666665 0.708332
cellnum  245 12 
 580 
 581 
 1540 
 740 
 741 
 1620 
 572 
 573 
 1536 
 738 
 739 
 1619 
 1.000000 1.000000 0.958333 0.958333
 0.666667 0.708333 0.666666 0.708332
cellnum  246 12 
 740 
 741 
 1620 
 742 
 743 
 1621 
 738 
 739 
 1619 
 744 
 745 
 1622 
 1.000000 1.000000 0.958333 0.958333
 0.708333 0.750000 0.708332 0.749999
cellnum  247 12 
 738 
 739 
 1619 
 744 
 745 
 1622 
 666 
 667 
 1583 
 176 
 177 
 1338 
 0.958333 0.958333 0.916666 0.916666
 0.708332 0.749999 0.708332 0.749998
cellnum  248 12 
 746 
 747 
 1623 
 748 
 749 
 1624 
 486 
 487 
 1493 
 488 
 489 
 1494 
 0.958333 0.958333 0.916667 0.916667
 0.958333 1.000000 0.958333 1.000000
cellnum  249 12 
 422 
 423 
 1461 
 746 
 747 
 1623 
 424 
 425 
 1462 
 486 
 487 
 1493 
 0.958333 0.958333 0.916667 0.916667
 0.916666 0.958333 0.916666 0.958333
cellnum  250 12 
 436 
 437 
 1468 
 750 
 751 
 1625 
 422 
 423 
 1461 
 746 
 747 
 1623 
 1.000000 1.000000 0.958333 0.958333
 0.916667 0.958333 0.916666 0.958333
cellnum  251 12 
 750 
 751 
 1625 
 752 
 753 
 1626 
 746 
 747 
 1623 
 748 
 749 
 1624 
 1.000000 1.000000 0.958333 0.958333
 0.958333 1.000000 0.958333 1.000000
cellnum  252 12 
 744 
 745 
 1622 
 754 
 755 
 1627 
 176 
 177 
 1338 
 178 
 179 
 1339 
 0.958333 0.958333 0.916666 0.916666
 0.749999 0.791666 0.749998 0.791665
cellnum  253 12 
 742 
 743 
 1621 
 756 
 757 
 1628 
 744 
 745 
 1622 
 754 
 755 
 1627 
 1.000000 1.000000 0.958333 0.958333
 0.750000 0.791667 0.749999 0.791666
cellnum  254 12 
 756 
 757 
 1628 
 434 
 435 
 1467 
 754 
 755 
 1627 
 430 
 431 
 1465 
 1.000000 1.000000 0.958333 0.958333
 0.791667 0.833333 0.791666 0.833333
cellnum  255 12 
 754 
 755 
 1627 
 430 
 431 
 1465 
 178 
 179 
 1339 
 180 
 181 
 1340 
 0.958333 0.958333 0.916666 0.916667
 0.791666 0.833333 0.791665 0.833332
cellnum  256 12 
 428 
 429 
 1464 
 758 
 759 
 1629 
 180 
 181 
 1340 
 166 
 167 
 1333 
 0.916667 0.875000 0.916667 0.875000
 0.874999 0.874999 0.833332 0.833332
cellnum  257 12 
 424 
 425 
 1462 
 482 
 483 
 1491 
 428 
 429 
 1464 
 758 
 759 
 1629 
 0.916667 0.875000 0.916667 0.875000
 0.916666 0.916666 0.874999 0.874999
cellnum  258 12 
 482 
 483 
 1491 
 484 
 485 
 1492 
 758 
 759 
 1629 
 614 
 615 
 1557 
 0.875000 0.833333 0.875000 0.833333
 0.916666 0.916666 0.874999 0.874998
cellnum  259 12 
 758 
 759 
 1629 
 614 
 615 
 1557 
 166 
 167 
 1333 
 170 
 171 
 1335 
 0.875000 0.833333 0.875000 0.833333
 0.874999 0.874998 0.833332 0.833331
cellnum  260 12 
 760 
 761 
 1630 
 190 
 191 
 1345 
 762 
 763 
 1631 
 182 
 183 
 1341 
 0.291666 0.249999 0.291666 0.249999
 0.499994 0.499994 0.458327 0.458327
cellnum  261 12 
 762 
 763 
 1631 
 182 
 183 
 1341 
 530 
 531 
 1515 
 186 
 187 
 1343 
 0.291666 0.249999 0.291666 0.249999
 0.458327 0.458327 0.416660 0.416661
cellnum  262 12 
 764 
 765 
 1632 
 762 
 763 
 1631 
 322 
 323 
 1411 
 530 
 531 
 1515 
 0.333332 0.291666 0.333332 0.291666
 0.458326 0.458327 0.416660 0.416660
cellnum  263 12 
 766 
 767 
 1633 
 760 
 761 
 1630 
 764 
 765 
 1632 
 762 
 763 
 1631 
 0.333332 0.291666 0.333332 0.291666
 0.499993 0.499994 0.458326 0.458327
cellnum  264 12 
 728 
 729 
 1614 
 768 
 769 
 1634 
 160 
 161 
 1330 
 162 
 163 
 1331 
 0.041667 0.041667 0.083333 0.083333
 0.249999 0.208333 0.249998 0.208332
cellnum  265 12 
 732 
 733 
 1616 
 770 
 771 
 1635 
 728 
 729 
 1614 
 768 
 769 
 1634 
 0.000000 0.000000 0.041667 0.041667
 0.250000 0.208333 0.249999 0.208333
cellnum  266 12 
 770 
 771 
 1635 
 444 
 445 
 1472 
 768 
 769 
 1634 
 442 
 443 
 1471 
 0.000000 0.000000 0.041667 0.041667
 0.208333 0.166667 0.208333 0.166666
cellnum  267 12 
 768 
 769 
 1634 
 442 
 443 
 1471 
 162 
 163 
 1331 
 12 
 13 
 1256 
 0.041667 0.041667 0.083333 0.083333
 0.208333 0.166666 0.208332 0.166666
cellnum  268 12 
 526 
 527 
 1513 
 534 
 535 
 1517 
 772 
 773 
 1636 
 616 
 617 
 1558 
 0.291666 0.249999 0.291666 0.249999
 0.333328 0.333328 0.291661 0.291662
cellnum  269 12 
 772 
 773 
 1636 
 616 
 617 
 1558 
 774 
 775 
 1637 
 82 
 83 
 1291 
 0.291666 0.249999 0.291666 0.249999
 0.291661 0.291662 0.249995 0.249996
cellnum  270 12 
 380 
 381 
 1440 
 772 
 773 
 1636 
 384 
 385 
 1442 
 774 
 775 
 1637 
 0.333333 0.291666 0.333333 0.291666
 0.291661 0.291661 0.249995 0.249995
cellnum  271 12 
 326 
 327 
 1413 
 526 
 527 
 1513 
 380 
 381 
 1440 
 772 
 773 
 1636 
 0.333333 0.291666 0.333333 0.291666
 0.333327 0.333328 0.291661 0.291661
cellnum  272 12 
 776 
 777 
 1638 
 778 
 779 
 1639 
 548 
 549 
 1524 
 552 
 553 
 1526 
 0.624999 0.583333 0.624999 0.583333
 0.208329 0.208328 0.166663 0.166663
cellnum  273 12 
 516 
 517 
 1508 
 776 
 777 
 1638 
 134 
 135 
 1317 
 548 
 549 
 1524 
 0.666666 0.624999 0.666666 0.624999
 0.208329 0.208329 0.166663 0.166663
cellnum  274 12 
 524 
 525 
 1512 
 780 
 781 
 1640 
 516 
 517 
 1508 
 776 
 777 
 1638 
 0.666666 0.624999 0.666666 0.624999
 0.249995 0.249995 0.208329 0.208329
cellnum  275 12 
 780 
 781 
 1640 
 154 
 155 
 1327 
 776 
 777 
 1638 
 778 
 779 
 1639 
 0.624999 0.583333 0.624999 0.583333
 0.249995 0.249994 0.208329 0.208328
cellnum  276 12 
 782 
 783 
 1641 
 632 
 633 
 1566 
 784 
 785 
 1642 
 628 
 629 
 1564 
 0.708333 0.749999 0.708333 0.749999
 0.666661 0.666662 0.708328 0.708329
cellnum  277 12 
 784 
 785 
 1642 
 628 
 629 
 1564 
 786 
 787 
 1643 
 356 
 357 
 1428 
 0.708333 0.749999 0.708333 0.749999
 0.708328 0.708329 0.749996 0.749996
cellnum  278 12 
 396 
 397 
 1448 
 784 
 785 
 1642 
 398 
 399 
 1449 
 786 
 787 
 1643 
 0.666666 0.708333 0.666666 0.708333
 0.708328 0.708328 0.749995 0.749996
cellnum  279 12 
 394 
 395 
 1447 
 782 
 783 
 1641 
 396 
 397 
 1448 
 784 
 785 
 1642 
 0.666666 0.708333 0.666666 0.708333
 0.666661 0.666661 0.708328 0.708328
cellnum  280 12 
 100 
 101 
 1300 
 788 
 789 
 1644 
 102 
 103 
 1301 
 790 
 791 
 1645 
 0.333333 0.333333 0.291666 0.291667
 0.916665 0.958332 0.916665 0.958332
cellnum  281 12 
 788 
 789 
 1644 
 792 
 793 
 1646 
 790 
 791 
 1645 
 794 
 795 
 1647 
 0.333333 0.333333 0.291667 0.291667
 0.958332 1.000000 0.958332 1.000000
cellnum  282 12 
 790 
 791 
 1645 
 794 
 795 
 1647 
 796 
 797 
 1648 
 798 
 799 
 1649 
 0.291667 0.291667 0.250000 0.250000
 0.958332 1.000000 0.958333 1.000000
cellnum  283 12 
 102 
 103 
 1301 
 790 
 791 
 1645 
 104 
 105 
 1302 
 796 
 797 
 1648 
 0.291666 0.291667 0.250000 0.250000
 0.916665 0.958332 0.916665 0.958333
cellnum  284 12 
 256 
 257 
 1378 
 800 
 801 
 1650 
 260 
 261 
 1380 
 802 
 803 
 1651 
 0.208333 0.208333 0.166667 0.166667
 0.916665 0.958333 0.916666 0.958333
cellnum  285 12 
 104 
 105 
 1302 
 796 
 797 
 1648 
 256 
 257 
 1378 
 800 
 801 
 1650 
 0.250000 0.250000 0.208333 0.208333
 0.916665 0.958333 0.916665 0.958333
cellnum  286 12 
 796 
 797 
 1648 
 798 
 799 
 1649 
 800 
 801 
 1650 
 804 
 805 
 1652 
 0.250000 0.250000 0.208333 0.208333
 0.958333 1.000000 0.958333 1.000000
cellnum  287 12 
 800 
 801 
 1650 
 804 
 805 
 1652 
 802 
 803 
 1651 
 806 
 807 
 1653 
 0.208333 0.208333 0.166667 0.166667
 0.958333 1.000000 0.958333 1.000000
cellnum  288 12 
 808 
 809 
 1654 
 810 
 811 
 1655 
 812 
 813 
 1656 
 814 
 815 
 1657 
 0.083333 0.125000 0.083333 0.125000
 0.624998 0.624997 0.666665 0.666664
cellnum  289 12 
 816 
 817 
 1658 
 818 
 819 
 1659 
 808 
 809 
 1654 
 810 
 811 
 1655 
 0.083333 0.125000 0.083333 0.125000
 0.583331 0.583330 0.624998 0.624997
cellnum  290 12 
 818 
 819 
 1659 
 820 
 821 
 1660 
 810 
 811 
 1655 
 822 
 823 
 1661 
 0.125000 0.166666 0.125000 0.166666
 0.583330 0.583329 0.624997 0.624996
cellnum  291 12 
 810 
 811 
 1655 
 822 
 823 
 1661 
 814 
 815 
 1657 
 718 
 719 
 1609 
 0.125000 0.166666 0.125000 0.166666
 0.624997 0.624996 0.666664 0.666663
cellnum  292 12 
 824 
 825 
 1662 
 826 
 827 
 1663 
 828 
 829 
 1664 
 830 
 831 
 1665 
 1.000000 1.000000 0.958333 0.958333
 0.500000 0.541667 0.499999 0.541666
cellnum  293 12 
 826 
 827 
 1663 
 576 
 577 
 1538 
 830 
 831 
 1665 
 574 
 575 
 1537 
 1.000000 1.000000 0.958333 0.958333
 0.541667 0.583333 0.541666 0.583332
cellnum  294 12 
 830 
 831 
 1665 
 574 
 575 
 1537 
 418 
 419 
 1459 
 420 
 421 
 1460 
 0.958333 0.958333 0.916666 0.916666
 0.541666 0.583332 0.541665 0.583331
cellnum  295 12 
 828 
 829 
 1664 
 830 
 831 
 1665 
 416 
 417 
 1458 
 418 
 419 
 1459 
 0.958333 0.958333 0.916666 0.916666
 0.499999 0.541666 0.499998 0.541665
cellnum  296 12 
 832 
 833 
 1666 
 312 
 313 
 1406 
 834 
 835 
 1667 
 308 
 309 
 1404 
 0.416666 0.416666 0.374999 0.374999
 0.791662 0.833329 0.791662 0.833330
cellnum  297 12 
 834 
 835 
 1667 
 308 
 309 
 1404 
 692 
 693 
 1596 
 98 
 99 
 1299 
 0.374999 0.374999 0.333333 0.333333
 0.791662 0.833330 0.791662 0.833330
cellnum  298 12 
 836 
 837 
 1668 
 834 
 835 
 1667 
 702 
 703 
 1601 
 692 
 693 
 1596 
 0.374999 0.374999 0.333333 0.333333
 0.749995 0.791662 0.749995 0.791662
cellnum  299 12 
 236 
 237 
 1368 
 832 
 833 
 1666 
 836 
 837 
 1668 
 834 
 835 
 1667 
 0.416666 0.416666 0.374999 0.374999
 0.749994 0.791662 0.749995 0.791662
cellnum  300 12 
 150 
 151 
 1325 
 838 
 839 
 1669 
 154 
 155 
 1327 
 778 
 779 
 1639 
 0.541666 0.541666 0.583333 0.583333
 0.249994 0.208328 0.249994 0.208328
cellnum  301 12 
 146 
 147 
 1323 
 840 
 841 
 1670 
 150 
 151 
 1325 
 838 
 839 
 1669 
 0.499999 0.499999 0.541666 0.541666
 0.249994 0.208328 0.249994 0.208328
cellnum  302 12 
 840 
 841 
 1670 
 842 
 843 
 1671 
 838 
 839 
 1669 
 844 
 845 
 1672 
 0.499999 0.499999 0.541666 0.541666
 0.208328 0.166662 0.208328 0.166662
cellnum  303 12 
 838 
 839 
 1669 
 844 
 845 
 1672 
 778 
 779 
 1639 
 552 
 553 
 1526 
 0.541666 0.541666 0.583333 0.583333
 0.208328 0.166662 0.208328 0.166663
cellnum  304 12 
 846 
 847 
 1673 
 848 
 849 
 1674 
 850 
 851 
 1675 
 852 
 853 
 1676 
 0.000000 0.041667 0.000000 0.041667
 0.625000 0.624999 0.666667 0.666666
cellnum  305 12 
 854 
 855 
 1677 
 856 
 857 
 1678 
 846 
 847 
 1673 
 848 
 849 
 1674 
 0.000000 0.041667 0.000000 0.041667
 0.583333 0.583332 0.625000 0.624999
cellnum  306 12 
 856 
 857 
 1678 
 816 
 817 
 1658 
 848 
 849 
 1674 
 808 
 809 
 1654 
 0.041667 0.083333 0.041667 0.083333
 0.583332 0.583331 0.624999 0.624998
cellnum  307 12 
 848 
 849 
 1674 
 808 
 809 
 1654 
 852 
 853 
 1676 
 812 
 813 
 1656 
 0.041667 0.083333 0.041667 0.083333
 0.624999 0.624998 0.666666 0.666665
cellnum  308 12 
 858 
 859 
 1679 
 210 
 211 
 1355 
 860 
 861 
 1680 
 204 
 205 
 1352 
 0.791666 0.749999 0.791666 0.749999
 0.499995 0.499994 0.458328 0.458328
cellnum  309 12 
 860 
 861 
 1680 
 204 
 205 
 1352 
 676 
 677 
 1588 
 206 
 207 
 1353 
 0.791666 0.749999 0.791666 0.749999
 0.458328 0.458328 0.416662 0.416661
cellnum  310 12 
 862 
 863 
 1681 
 860 
 861 
 1680 
 680 
 681 
 1590 
 676 
 677 
 1588 
 0.833333 0.791666 0.833333 0.791666
 0.458329 0.458328 0.416663 0.416662
cellnum  311 12 
 414 
 415 
 1457 
 858 
 859 
 1679 
 862 
 863 
 1681 
 860 
 861 
 1680 
 0.833333 0.791666 0.833333 0.791666
 0.499996 0.499995 0.458329 0.458328
cellnum  312 12 
 864 
 865 
 1682 
 866 
 867 
 1683 
 868 
 869 
 1684 
 870 
 871 
 1685 
 0.000000 0.000000 0.041667 0.041667
 0.500000 0.458333 0.499999 0.458332
cellnum  313 12 
 866 
 867 
 1683 
 502 
 503 
 1501 
 870 
 871 
 1685 
 498 
 499 
 1499 
 0.000000 0.000000 0.041667 0.041667
 0.458333 0.416667 0.458332 0.416666
cellnum  314 12 
 870 
 871 
 1685 
 498 
 499 
 1499 
 302 
 303 
 1401 
 304 
 305 
 1402 
 0.041667 0.041667 0.083333 0.083333
 0.458332 0.416666 0.458331 0.416664
cellnum  315 12 
 868 
 869 
 1684 
 870 
 871 
 1685 
 300 
 301 
 1400 
 302 
 303 
 1401 
 0.041667 0.041667 0.083333 0.083333
 0.499999 0.458332 0.499998 0.458331
cellnum  316 12 
 872 
 873 
 1686 
 874 
 875 
 1687 
 788 
 789 
 1644 
 792 
 793 
 1646 
 0.375000 0.375000 0.333333 0.333333
 0.958332 1.000000 0.958332 1.000000
cellnum  317 12 
 314 
 315 
 1407 
 872 
 873 
 1686 
 100 
 101 
 1300 
 788 
 789 
 1644 
 0.375000 0.375000 0.333333 0.333333
 0.916665 0.958332 0.916665 0.958332
cellnum  318 12 
 246 
 247 
 1373 
 238 
 239 
 1369 
 314 
 315 
 1407 
 872 
 873 
 1686 
 0.416666 0.416667 0.375000 0.375000
 0.916665 0.958332 0.916665 0.958332
cellnum  319 12 
 238 
 239 
 1369 
 242 
 243 
 1371 
 872 
 873 
 1686 
 874 
 875 
 1687 
 0.416667 0.416667 0.375000 0.375000
 0.958332 1.000000 0.958332 1.000000
cellnum  320 12 
 414 
 415 
 1457 
 408 
 409 
 1454 
 858 
 859 
 1679 
 876 
 877 
 1688 
 0.833333 0.833333 0.791666 0.791666
 0.499996 0.541663 0.499995 0.541662
cellnum  321 12 
 408 
 409 
 1454 
 410 
 411 
 1455 
 876 
 877 
 1688 
 878 
 879 
 1689 
 0.833333 0.833333 0.791666 0.791666
 0.541663 0.583329 0.541662 0.583329
cellnum  322 12 
 876 
 877 
 1688 
 878 
 879 
 1689 
 880 
 881 
 1690 
 882 
 883 
 1691 
 0.791666 0.791666 0.749999 0.749999
 0.541662 0.583329 0.541661 0.583328
cellnum  323 12 
 858 
 859 
 1679 
 876 
 877 
 1688 
 210 
 211 
 1355 
 880 
 881 
 1690 
 0.791666 0.791666 0.749999 0.749999
 0.499995 0.541662 0.499994 0.541661
cellnum  324 12 
 138 
 139 
 1319 
 884 
 885 
 1692 
 140 
 141 
 1320 
 886 
 887 
 1693 
 0.666666 0.666667 0.708333 0.708333
 0.083331 0.041666 0.083332 0.041666
cellnum  325 12 
 884 
 885 
 1692 
 888 
 889 
 1694 
 886 
 887 
 1693 
 890 
 891 
 1695 
 0.666667 0.666667 0.708333 0.708333
 0.041666 0.000000 0.041666 0.000000
cellnum  326 12 
 886 
 887 
 1693 
 890 
 891 
 1695 
 892 
 893 
 1696 
 894 
 895 
 1697 
 0.708333 0.708333 0.750000 0.750000
 0.041666 0.000000 0.041666 0.000000
cellnum  327 12 
 140 
 141 
 1320 
 886 
 887 
 1693 
 142 
 143 
 1321 
 892 
 893 
 1696 
 0.708333 0.708333 0.750000 0.750000
 0.083332 0.041666 0.083332 0.041666
cellnum  328 12 
 588 
 589 
 1544 
 584 
 585 
 1542 
 896 
 897 
 1698 
 898 
 899 
 1699 
 0.833333 0.791666 0.833333 0.791667
 0.083332 0.083332 0.041666 0.041666
cellnum  329 12 
 584 
 585 
 1542 
 142 
 143 
 1321 
 898 
 899 
 1699 
 892 
 893 
 1696 
 0.791666 0.750000 0.791667 0.750000
 0.083332 0.083332 0.041666 0.041666
cellnum  330 12 
 898 
 899 
 1699 
 892 
 893 
 1696 
 900 
 901 
 1700 
 894 
 895 
 1697 
 0.791667 0.750000 0.791667 0.750000
 0.041666 0.041666 0.000000 0.000000
cellnum  331 12 
 896 
 897 
 1698 
 898 
 899 
 1699 
 902 
 903 
 1701 
 900 
 901 
 1700 
 0.833333 0.791667 0.833333 0.791667
 0.041666 0.041666 0.000000 0.000000
cellnum  332 12 
 904 
 905 
 1702 
 906 
 907 
 1703 
 908 
 909 
 1704 
 910 
 911 
 1705 
 0.416666 0.375000 0.416667 0.375000
 0.083331 0.083331 0.041666 0.041666
cellnum  333 12 
 906 
 907 
 1703 
 912 
 913 
 1706 
 910 
 911 
 1705 
 914 
 915 
 1707 
 0.375000 0.333333 0.375000 0.333333
 0.083331 0.083331 0.041666 0.041666
cellnum  334 12 
 910 
 911 
 1705 
 914 
 915 
 1707 
 916 
 917 
 1708 
 918 
 919 
 1709 
 0.375000 0.333333 0.375000 0.333333
 0.041666 0.041666 0.000000 0.000000
cellnum  335 12 
 908 
 909 
 1704 
 910 
 911 
 1705 
 920 
 921 
 1710 
 916 
 917 
 1708 
 0.416667 0.375000 0.416667 0.375000
 0.041666 0.041666 0.000000 0.000000
cellnum  336 12 
 922 
 923 
 1711 
 924 
 925 
 1712 
 678 
 679 
 1589 
 680 
 681 
 1590 
 0.875000 0.875000 0.833333 0.833333
 0.374997 0.416664 0.374996 0.416663
cellnum  337 12 
 594 
 595 
 1547 
 922 
 923 
 1711 
 344 
 345 
 1422 
 678 
 679 
 1589 
 0.875000 0.875000 0.833333 0.833333
 0.333331 0.374997 0.333330 0.374996
cellnum  338 12 
 604 
 605 
 1552 
 926 
 927 
 1713 
 594 
 595 
 1547 
 922 
 923 
 1711 
 0.916666 0.916666 0.875000 0.875000
 0.333331 0.374998 0.333331 0.374997
cellnum  339 12 
 926 
 927 
 1713 
 928 
 929 
 1714 
 922 
 923 
 1711 
 924 
 925 
 1712 
 0.916666 0.916666 0.875000 0.875000
 0.374998 0.416665 0.374997 0.416664
cellnum  340 12 
 236 
 237 
 1368 
 230 
 231 
 1365 
 832 
 833 
 1666 
 930 
 931 
 1715 
 0.416666 0.458333 0.416666 0.458333
 0.749994 0.749994 0.791662 0.791662
cellnum  341 12 
 230 
 231 
 1365 
 232 
 233 
 1366 
 930 
 931 
 1715 
 932 
 933 
 1716 
 0.458333 0.499999 0.458333 0.499999
 0.749994 0.749994 0.791662 0.791662
cellnum  342 12 
 930 
 931 
 1715 
 932 
 933 
 1716 
 934 
 935 
 1717 
 936 
 937 
 1718 
 0.458333 0.499999 0.458333 0.499999
 0.791662 0.791662 0.833329 0.833329
cellnum  343 12 
 832 
 833 
 1666 
 930 
 931 
 1715 
 312 
 313 
 1406 
 934 
 935 
 1717 
 0.416666 0.458333 0.416666 0.458333
 0.791662 0.791662 0.833329 0.833329
cellnum  344 12 
 938 
 939 
 1719 
 940 
 941 
 1720 
 394 
 395 
 1447 
 782 
 783 
 1641 
 0.666666 0.708333 0.666666 0.708333
 0.624994 0.624994 0.666661 0.666661
cellnum  345 12 
 942 
 943 
 1721 
 944 
 945 
 1722 
 938 
 939 
 1719 
 940 
 941 
 1720 
 0.666666 0.708333 0.666666 0.708333
 0.583327 0.583327 0.624994 0.624994
cellnum  346 12 
 944 
 945 
 1722 
 882 
 883 
 1691 
 940 
 941 
 1720 
 946 
 947 
 1723 
 0.708333 0.749999 0.708333 0.749999
 0.583327 0.583328 0.624994 0.624995
cellnum  347 12 
 940 
 941 
 1720 
 946 
 947 
 1723 
 782 
 783 
 1641 
 632 
 633 
 1566 
 0.708333 0.749999 0.708333 0.749999
 0.624994 0.624995 0.666661 0.666662
cellnum  348 12 
 948 
 949 
 1724 
 802 
 803 
 1651 
 950 
 951 
 1725 
 806 
 807 
 1653 
 0.125000 0.166667 0.125000 0.166667
 0.958333 0.958333 1.000000 1.000000
cellnum  349 12 
 658 
 659 
 1579 
 948 
 949 
 1724 
 662 
 663 
 1581 
 950 
 951 
 1725 
 0.083333 0.125000 0.083333 0.125000
 0.958333 0.958333 1.000000 1.000000
cellnum  350 12 
 272 
 273 
 1386 
 454 
 455 
 1477 
 658 
 659 
 1579 
 948 
 949 
 1724 
 0.083333 0.125000 0.083333 0.125000
 0.916666 0.916666 0.958333 0.958333
cellnum  351 12 
 454 
 455 
 1477 
 260 
 261 
 1380 
 948 
 949 
 1724 
 802 
 803 
 1651 
 0.125000 0.166667 0.125000 0.166667
 0.916666 0.916666 0.958333 0.958333
cellnum  352 12 
 952 
 953 
 1726 
 78 
 79 
 1289 
 954 
 955 
 1727 
 80 
 81 
 1290 
 0.291666 0.250000 0.291666 0.250000
 0.208329 0.208330 0.166663 0.166664
cellnum  353 12 
 956 
 957 
 1728 
 952 
 953 
 1726 
 958 
 959 
 1729 
 954 
 955 
 1727 
 0.333333 0.291666 0.333333 0.291666
 0.208329 0.208329 0.166663 0.166663
cellnum  354 12 
 384 
 385 
 1442 
 774 
 775 
 1637 
 956 
 957 
 1728 
 952 
 953 
 1726 
 0.333333 0.291666 0.333333 0.291666
 0.249995 0.249995 0.208329 0.208329
cellnum  355 12 
 774 
 775 
 1637 
 82 
 83 
 1291 
 952 
 953 
 1726 
 78 
 79 
 1289 
 0.291666 0.249999 0.291666 0.250000
 0.249995 0.249996 0.208329 0.208330
cellnum  356 12 
 410 
 411 
 1455 
 544 
 545 
 1522 
 878 
 879 
 1689 
 960 
 961 
 1730 
 0.833333 0.833333 0.791666 0.791666
 0.583329 0.624996 0.583329 0.624996
cellnum  357 12 
 544 
 545 
 1522 
 546 
 547 
 1523 
 960 
 961 
 1730 
 630 
 631 
 1565 
 0.833333 0.833333 0.791666 0.791666
 0.624996 0.666663 0.624996 0.666663
cellnum  358 12 
 960 
 961 
 1730 
 630 
 631 
 1565 
 946 
 947 
 1723 
 632 
 633 
 1566 
 0.791666 0.791666 0.749999 0.749999
 0.624996 0.666663 0.624995 0.666662
cellnum  359 12 
 878 
 879 
 1689 
 960 
 961 
 1730 
 882 
 883 
 1691 
 946 
 947 
 1723 
 0.791666 0.791666 0.749999 0.749999
 0.583329 0.624996 0.583328 0.624995
cellnum  360 12 
 828 
 829 
 1664 
 416 
 417 
 1458 
 962 
 963 
 1731 
 964 
 965 
 1732 
 0.958333 0.916666 0.958333 0.916666
 0.499999 0.499998 0.458332 0.458331
cellnum  361 12 
 962 
 963 
 1731 
 964 
 965 
 1732 
 966 
 967 
 1733 
 928 
 929 
 1714 
 0.958333 0.916666 0.958333 0.916666
 0.458332 0.458331 0.416666 0.416665
cellnum  362 12 
 968 
 969 
 1734 
 962 
 963 
 1731 
 970 
 971 
 1735 
 966 
 967 
 1733 
 1.000000 0.958333 1.000000 0.958333
 0.458333 0.458332 0.416667 0.416666
cellnum  363 12 
 824 
 825 
 1662 
 828 
 829 
 1664 
 968 
 969 
 1734 
 962 
 963 
 1731 
 1.000000 0.958333 1.000000 0.958333
 0.500000 0.499999 0.458333 0.458332
cellnum  364 12 
 884 
 885 
 1692 
 972 
 973 
 1736 
 888 
 889 
 1694 
 974 
 975 
 1737 
 0.666667 0.625000 0.666667 0.625000
 0.041666 0.041666 0.000000 0.000000
cellnum  365 12 
 138 
 139 
 1319 
 556 
 557 
 1528 
 884 
 885 
 1692 
 972 
 973 
 1736 
 0.666666 0.625000 0.666667 0.625000
 0.083331 0.083331 0.041666 0.041666
cellnum  366 12 
 556 
 557 
 1528 
 466 
 467 
 1483 
 972 
 973 
 1736 
 460 
 461 
 1480 
 0.625000 0.583333 0.625000 0.583333
 0.083331 0.083331 0.041666 0.041666
cellnum  367 12 
 972 
 973 
 1736 
 460 
 461 
 1480 
 974 
 975 
 1737 
 462 
 463 
 1481 
 0.625000 0.583333 0.625000 0.583333
 0.041666 0.041666 0.000000 0.000000
cellnum  368 12 
 976 
 977 
 1738 
 766 
 767 
 1633 
 978 
 979 
 1739 
 764 
 765 
 1632 
 0.374999 0.333332 0.374999 0.333332
 0.499993 0.499993 0.458326 0.458326
cellnum  369 12 
 978 
 979 
 1739 
 764 
 765 
 1632 
 318 
 319 
 1409 
 322 
 323 
 1411 
 0.374999 0.333332 0.374999 0.333332
 0.458326 0.458326 0.416659 0.416660
cellnum  370 12 
 120 
 121 
 1310 
 978 
 979 
 1739 
 122 
 123 
 1311 
 318 
 319 
 1409 
 0.416666 0.374999 0.416666 0.374999
 0.458326 0.458326 0.416659 0.416659
cellnum  371 12 
 30 
 31 
 1265 
 976 
 977 
 1738 
 120 
 121 
 1310 
 978 
 979 
 1739 
 0.416666 0.374999 0.416666 0.374999
 0.499992 0.499993 0.458326 0.458326
cellnum  372 12 
 980 
 981 
 1740 
 982 
 983 
 1741 
 58 
 59 
 1279 
 50 
 51 
 1275 
 0.624999 0.624999 0.583332 0.583332
 0.541660 0.583326 0.541659 0.583326
cellnum  373 12 
 724 
 725 
 1612 
 980 
 981 
 1740 
 56 
 57 
 1278 
 58 
 59 
 1279 
 0.624999 0.624999 0.583332 0.583332
 0.499993 0.541660 0.499992 0.541659
cellnum  374 12 
 212 
 213 
 1356 
 984 
 985 
 1742 
 724 
 725 
 1612 
 980 
 981 
 1740 
 0.666666 0.666666 0.624999 0.624999
 0.499993 0.541660 0.499993 0.541660
cellnum  375 12 
 984 
 985 
 1742 
 942 
 943 
 1721 
 980 
 981 
 1740 
 982 
 983 
 1741 
 0.666666 0.666666 0.624999 0.624999
 0.541660 0.583327 0.541660 0.583326
cellnum  376 12 
 986 
 987 
 1743 
 896 
 897 
 1698 
 988 
 989 
 1744 
 902 
 903 
 1701 
 0.875000 0.833333 0.875000 0.833333
 0.041666 0.041666 0.000000 0.000000
cellnum  377 12 
 638 
 639 
 1569 
 986 
 987 
 1743 
 642 
 643 
 1571 
 988 
 989 
 1744 
 0.916667 0.875000 0.916667 0.875000
 0.041666 0.041666 0.000000 0.000000
cellnum  378 12 
 652 
 653 
 1576 
 990 
 991 
 1745 
 638 
 639 
 1569 
 986 
 987 
 1743 
 0.916667 0.875000 0.916667 0.875000
 0.083333 0.083332 0.041666 0.041666
cellnum  379 12 
 990 
 991 
 1745 
 588 
 589 
 1544 
 986 
 987 
 1743 
 896 
 897 
 1698 
 0.875000 0.833333 0.875000 0.833333
 0.083332 0.083332 0.041666 0.041666
cellnum  380 12 
 992 
 993 
 1746 
 468 
 469 
 1484 
 994 
 995 
 1747 
 464 
 465 
 1482 
 0.500000 0.500000 0.541666 0.541666
 0.124997 0.083331 0.124997 0.083331
cellnum  381 12 
 994 
 995 
 1747 
 464 
 465 
 1482 
 554 
 555 
 1527 
 466 
 467 
 1483 
 0.541666 0.541666 0.583333 0.583333
 0.124997 0.083331 0.124997 0.083331
cellnum  382 12 
 844 
 845 
 1672 
 994 
 995 
 1747 
 552 
 553 
 1526 
 554 
 555 
 1527 
 0.541666 0.541666 0.583333 0.583333
 0.166662 0.124997 0.166663 0.124997
cellnum  383 12 
 842 
 843 
 1671 
 992 
 993 
 1746 
 844 
 845 
 1672 
 994 
 995 
 1747 
 0.499999 0.500000 0.541666 0.541666
 0.166662 0.124997 0.166662 0.124997
cellnum  384 12 
 868 
 869 
 1684 
 300 
 301 
 1400 
 996 
 997 
 1748 
 998 
 999 
 1749 
 0.041667 0.083333 0.041667 0.083333
 0.499999 0.499998 0.541666 0.541664
cellnum  385 12 
 996 
 997 
 1748 
 998 
 999 
 1749 
 856 
 857 
 1678 
 816 
 817 
 1658 
 0.041667 0.083333 0.041667 0.083333
 0.541666 0.541664 0.583332 0.583331
cellnum  386 12 
 1000 
 1001 
 1750 
 996 
 997 
 1748 
 854 
 855 
 1677 
 856 
 857 
 1678 
 0.000000 0.041667 0.000000 0.041667
 0.541667 0.541666 0.583333 0.583332
cellnum  387 12 
 864 
 865 
 1682 
 868 
 869 
 1684 
 1000 
 1001 
 1750 
 996 
 997 
 1748 
 0.000000 0.041667 0.000000 0.041667
 0.500000 0.499999 0.541667 0.541666
cellnum  388 12 
 1002 
 1003 
 1751 
 1004 
 1005 
 1752 
 1006 
 1007 
 1753 
 1008 
 1009 
 1754 
 0.416666 0.416666 0.458333 0.458333
 0.208328 0.166663 0.208328 0.166662
cellnum  389 12 
 1006 
 1007 
 1753 
 1008 
 1009 
 1754 
 840 
 841 
 1670 
 842 
 843 
 1671 
 0.458333 0.458333 0.499999 0.499999
 0.208328 0.166662 0.208328 0.166662
cellnum  390 12 
 1010 
 1011 
 1755 
 1006 
 1007 
 1753 
 146 
 147 
 1323 
 840 
 841 
 1670 
 0.458333 0.458333 0.499999 0.499999
 0.249994 0.208328 0.249994 0.208328
cellnum  391 12 
 386 
 387 
 1443 
 1002 
 1003 
 1751 
 1010 
 1011 
 1755 
 1006 
 1007 
 1753 
 0.416666 0.416666 0.458333 0.458333
 0.249994 0.208328 0.249994 0.208328
cellnum  392 12 
 1012 
 1013 
 1756 
 1014 
 1015 
 1757 
 114 
 115 
 1307 
 116 
 117 
 1308 
 0.624999 0.624999 0.583332 0.583332
 0.333327 0.374993 0.333327 0.374993
cellnum  393 12 
 510 
 511 
 1505 
 506 
 507 
 1503 
 1012 
 1013 
 1756 
 1014 
 1015 
 1757 
 0.666666 0.666666 0.624999 0.624999
 0.333327 0.374994 0.333327 0.374993
cellnum  394 12 
 506 
 507 
 1503 
 216 
 217 
 1358 
 1014 
 1015 
 1757 
 722 
 723 
 1611 
 0.666666 0.666666 0.624999 0.624999
 0.374994 0.416660 0.374993 0.416660
cellnum  395 12 
 1014 
 1015 
 1757 
 722 
 723 
 1611 
 116 
 117 
 1308 
 70 
 71 
 1285 
 0.624999 0.624999 0.583332 0.583332
 0.374993 0.416660 0.374993 0.416659
cellnum  396 12 
 30 
 31 
 1265 
 26 
 27 
 1263 
 976 
 977 
 1738 
 1016 
 1017 
 1758 
 0.416666 0.416666 0.374999 0.374999
 0.499992 0.541659 0.499993 0.541659
cellnum  397 12 
 26 
 27 
 1263 
 28 
 29 
 1264 
 1016 
 1017 
 1758 
 1018 
 1019 
 1759 
 0.416666 0.416666 0.374999 0.374999
 0.541659 0.583326 0.541659 0.583326
cellnum  398 12 
 1016 
 1017 
 1758 
 1018 
 1019 
 1759 
 1020 
 1021 
 1760 
 370 
 371 
 1435 
 0.374999 0.374999 0.333332 0.333332
 0.541659 0.583326 0.541660 0.583326
cellnum  399 12 
 976 
 977 
 1738 
 1016 
 1017 
 1758 
 766 
 767 
 1633 
 1020 
 1021 
 1760 
 0.374999 0.374999 0.333332 0.333332
 0.499993 0.541659 0.499993 0.541660
cellnum  400 12 
 1022 
 1023 
 1761 
 1024 
 1025 
 1762 
 1026 
 1027 
 1763 
 1028 
 1029 
 1764 
 0.916666 0.875000 0.916667 0.875000
 0.208332 0.208331 0.166666 0.166665
cellnum  401 12 
 602 
 603 
 1551 
 598 
 599 
 1549 
 1022 
 1023 
 1761 
 1024 
 1025 
 1762 
 0.916666 0.875000 0.916666 0.875000
 0.249998 0.249998 0.208332 0.208331
cellnum  402 12 
 598 
 599 
 1549 
 342 
 343 
 1421 
 1024 
 1025 
 1762 
 672 
 673 
 1586 
 0.875000 0.833333 0.875000 0.833333
 0.249998 0.249997 0.208331 0.208331
cellnum  403 12 
 1024 
 1025 
 1762 
 672 
 673 
 1586 
 1028 
 1029 
 1764 
 590 
 591 
 1545 
 0.875000 0.833333 0.875000 0.833333
 0.208331 0.208331 0.166665 0.166665
cellnum  404 12 
 1030 
 1031 
 1765 
 152 
 153 
 1326 
 780 
 781 
 1640 
 154 
 155 
 1327 
 0.624999 0.583333 0.624999 0.583333
 0.291661 0.291660 0.249995 0.249994
cellnum  405 12 
 1032 
 1033 
 1766 
 1030 
 1031 
 1765 
 524 
 525 
 1512 
 780 
 781 
 1640 
 0.666666 0.624999 0.666666 0.624999
 0.291661 0.291661 0.249995 0.249995
cellnum  406 12 
 510 
 511 
 1505 
 1012 
 1013 
 1756 
 1032 
 1033 
 1766 
 1030 
 1031 
 1765 
 0.666666 0.624999 0.666666 0.624999
 0.333327 0.333327 0.291661 0.291661
cellnum  407 12 
 1012 
 1013 
 1756 
 114 
 115 
 1307 
 1030 
 1031 
 1765 
 152 
 153 
 1326 
 0.624999 0.583332 0.624999 0.583333
 0.333327 0.333327 0.291661 0.291660
cellnum  408 12 
 218 
 219 
 1359 
 224 
 225 
 1362 
 1034 
 1035 
 1767 
 1036 
 1037 
 1768 
 0.416666 0.416666 0.374999 0.374999
 0.624993 0.666660 0.624993 0.666660
cellnum  409 12 
 1034 
 1035 
 1767 
 1036 
 1037 
 1768 
 372 
 373 
 1436 
 374 
 375 
 1437 
 0.374999 0.374999 0.333332 0.333333
 0.624993 0.666660 0.624994 0.666661
cellnum  410 12 
 1018 
 1019 
 1759 
 1034 
 1035 
 1767 
 370 
 371 
 1435 
 372 
 373 
 1436 
 0.374999 0.374999 0.333332 0.333332
 0.583326 0.624993 0.583326 0.624994
cellnum  411 12 
 28 
 29 
 1264 
 218 
 219 
 1359 
 1018 
 1019 
 1759 
 1034 
 1035 
 1767 
 0.416666 0.416666 0.374999 0.374999
 0.583326 0.624993 0.583326 0.624993
cellnum  412 12 
 984 
 985 
 1742 
 1038 
 1039 
 1769 
 942 
 943 
 1721 
 944 
 945 
 1722 
 0.666666 0.708333 0.666666 0.708333
 0.541660 0.541661 0.583327 0.583327
cellnum  413 12 
 212 
 213 
 1356 
 208 
 209 
 1354 
 984 
 985 
 1742 
 1038 
 1039 
 1769 
 0.666666 0.708332 0.666666 0.708333
 0.499993 0.499994 0.541660 0.541661
cellnum  414 12 
 208 
 209 
 1354 
 210 
 211 
 1355 
 1038 
 1039 
 1769 
 880 
 881 
 1690 
 0.708332 0.749999 0.708333 0.749999
 0.499994 0.499994 0.541661 0.541661
cellnum  415 12 
 1038 
 1039 
 1769 
 880 
 881 
 1690 
 944 
 945 
 1722 
 882 
 883 
 1691 
 0.708333 0.749999 0.708333 0.749999
 0.541661 0.541661 0.583327 0.583328
cellnum  416 12 
 286 
 287 
 1393 
 1040 
 1041 
 1770 
 110 
 111 
 1305 
 144 
 145 
 1322 
 0.458332 0.458332 0.499999 0.499999
 0.333326 0.291660 0.333326 0.291660
cellnum  417 12 
 292 
 293 
 1396 
 376 
 377 
 1438 
 286 
 287 
 1393 
 1040 
 1041 
 1770 
 0.416666 0.416666 0.458332 0.458332
 0.333327 0.291660 0.333326 0.291660
cellnum  418 12 
 376 
 377 
 1438 
 386 
 387 
 1443 
 1040 
 1041 
 1770 
 1010 
 1011 
 1755 
 0.416666 0.416666 0.458332 0.458333
 0.291660 0.249994 0.291660 0.249994
cellnum  419 12 
 1040 
 1041 
 1770 
 1010 
 1011 
 1755 
 144 
 145 
 1322 
 146 
 147 
 1323 
 0.458332 0.458333 0.499999 0.499999
 0.291660 0.249994 0.291660 0.249994
cellnum  420 12 
 362 
 363 
 1431 
 364 
 365 
 1432 
 1042 
 1043 
 1771 
 708 
 709 
 1604 
 0.249999 0.249999 0.208333 0.208333
 0.624995 0.666662 0.624995 0.666662
cellnum  421 12 
 1042 
 1043 
 1771 
 708 
 709 
 1604 
 822 
 823 
 1661 
 718 
 719 
 1609 
 0.208333 0.208333 0.166666 0.166666
 0.624995 0.666662 0.624996 0.666663
cellnum  422 12 
 1044 
 1045 
 1772 
 1042 
 1043 
 1771 
 820 
 821 
 1660 
 822 
 823 
 1661 
 0.208333 0.208333 0.166666 0.166666
 0.583328 0.624995 0.583329 0.624996
cellnum  423 12 
 368 
 369 
 1434 
 362 
 363 
 1431 
 1044 
 1045 
 1772 
 1042 
 1043 
 1771 
 0.249999 0.249999 0.208333 0.208333
 0.583328 0.624995 0.583328 0.624995
cellnum  424 12 
 234 
 235 
 1367 
 236 
 237 
 1368 
 1046 
 1047 
 1773 
 836 
 837 
 1668 
 0.416666 0.416666 0.374999 0.374999
 0.708327 0.749994 0.708328 0.749995
cellnum  425 12 
 1046 
 1047 
 1773 
 836 
 837 
 1668 
 1048 
 1049 
 1774 
 702 
 703 
 1601 
 0.374999 0.374999 0.333333 0.333333
 0.708328 0.749995 0.708328 0.749995
cellnum  426 12 
 1036 
 1037 
 1768 
 1046 
 1047 
 1773 
 374 
 375 
 1437 
 1048 
 1049 
 1774 
 0.374999 0.374999 0.333333 0.333333
 0.666660 0.708328 0.666661 0.708328
cellnum  427 12 
 224 
 225 
 1362 
 234 
 235 
 1367 
 1036 
 1037 
 1768 
 1046 
 1047 
 1773 
 0.416666 0.416666 0.374999 0.374999
 0.666660 0.708327 0.666660 0.708328
cellnum  428 12 
 964 
 965 
 1732 
 1050 
 1051 
 1775 
 928 
 929 
 1714 
 924 
 925 
 1712 
 0.916666 0.875000 0.916666 0.875000
 0.458331 0.458330 0.416665 0.416664
cellnum  429 12 
 416 
 417 
 1458 
 412 
 413 
 1456 
 964 
 965 
 1732 
 1050 
 1051 
 1775 
 0.916666 0.875000 0.916666 0.875000
 0.499998 0.499997 0.458331 0.458330
cellnum  430 12 
 412 
 413 
 1456 
 414 
 415 
 1457 
 1050 
 1051 
 1775 
 862 
 863 
 1681 
 0.875000 0.833333 0.875000 0.833333
 0.499997 0.499996 0.458330 0.458329
cellnum  431 12 
 1050 
 1051 
 1775 
 862 
 863 
 1681 
 924 
 925 
 1712 
 680 
 681 
 1590 
 0.875000 0.833333 0.875000 0.833333
 0.458330 0.458329 0.416664 0.416663
cellnum  432 12 
 942 
 943 
 1721 
 938 
 939 
 1719 
 982 
 983 
 1741 
 1052 
 1053 
 1776 
 0.666666 0.666666 0.624999 0.624999
 0.583327 0.624994 0.583326 0.624993
cellnum  433 12 
 938 
 939 
 1719 
 394 
 395 
 1447 
 1052 
 1053 
 1776 
 388 
 389 
 1444 
 0.666666 0.666666 0.624999 0.624999
 0.624994 0.666661 0.624993 0.666660
cellnum  434 12 
 1052 
 1053 
 1776 
 388 
 389 
 1444 
 38 
 39 
 1269 
 42 
 43 
 1271 
 0.624999 0.624999 0.583332 0.583332
 0.624993 0.666660 0.624993 0.666660
cellnum  435 12 
 982 
 983 
 1741 
 1052 
 1053 
 1776 
 50 
 51 
 1275 
 38 
 39 
 1269 
 0.624999 0.624999 0.583332 0.583332
 0.583326 0.624993 0.583326 0.624993
cellnum  436 12 
 1032 
 1033 
 1766 
 524 
 525 
 1512 
 1054 
 1055 
 1777 
 522 
 523 
 1511 
 0.666666 0.666666 0.708333 0.708333
 0.291661 0.249995 0.291662 0.249995
cellnum  437 12 
 1054 
 1055 
 1777 
 522 
 523 
 1511 
 334 
 335 
 1417 
 338 
 339 
 1419 
 0.708333 0.708333 0.749999 0.749999
 0.291662 0.249995 0.291662 0.249996
cellnum  438 12 
 512 
 513 
 1506 
 1054 
 1055 
 1777 
 330 
 331 
 1415 
 334 
 335 
 1417 
 0.708333 0.708333 0.749999 0.749999
 0.333328 0.291662 0.333328 0.291662
cellnum  439 12 
 510 
 511 
 1505 
 1032 
 1033 
 1766 
 512 
 513 
 1506 
 1054 
 1055 
 1777 
 0.666666 0.666666 0.708333 0.708333
 0.333327 0.291661 0.333328 0.291662
cellnum  440 12 
 1056 
 1057 
 1778 
 1058 
 1059 
 1779 
 650 
 651 
 1575 
 652 
 653 
 1576 
 0.958333 0.916667 0.958333 0.916667
 0.125000 0.124999 0.083333 0.083333
cellnum  441 12 
 1060 
 1061 
 1780 
 1056 
 1057 
 1778 
 648 
 649 
 1574 
 650 
 651 
 1575 
 1.000000 0.958333 1.000000 0.958333
 0.125000 0.125000 0.083333 0.083333
cellnum  442 12 
 1062 
 1063 
 1781 
 1064 
 1065 
 1782 
 1060 
 1061 
 1780 
 1056 
 1057 
 1778 
 1.000000 0.958333 1.000000 0.958333
 0.166667 0.166666 0.125000 0.125000
cellnum  443 12 
 1064 
 1065 
 1782 
 1026 
 1027 
 1763 
 1056 
 1057 
 1778 
 1058 
 1059 
 1779 
 0.958333 0.916667 0.958333 0.916667
 0.166666 0.166666 0.125000 0.124999
cellnum  444 12 
 46 
 47 
 1273 
 40 
 41 
 1270 
 228 
 229 
 1364 
 1066 
 1067 
 1783 
 0.499999 0.541666 0.499999 0.541666
 0.666660 0.666660 0.708327 0.708327
cellnum  445 12 
 40 
 41 
 1270 
 42 
 43 
 1271 
 1066 
 1067 
 1783 
 392 
 393 
 1446 
 0.541666 0.583332 0.541666 0.583333
 0.666660 0.666660 0.708327 0.708327
cellnum  446 12 
 1066 
 1067 
 1783 
 392 
 393 
 1446 
 1068 
 1069 
 1784 
 402 
 403 
 1451 
 0.541666 0.583333 0.541666 0.583333
 0.708327 0.708327 0.749994 0.749995
cellnum  447 12 
 228 
 229 
 1364 
 1066 
 1067 
 1783 
 232 
 233 
 1366 
 1068 
 1069 
 1784 
 0.499999 0.541666 0.499999 0.541666
 0.708327 0.708327 0.749994 0.749994
cellnum  448 12 
 1048 
 1049 
 1774 
 702 
 703 
 1601 
 1070 
 1071 
 1785 
 698 
 699 
 1599 
 0.333333 0.333333 0.291666 0.291666
 0.708328 0.749995 0.708328 0.749995
cellnum  449 12 
 1070 
 1071 
 1785 
 698 
 699 
 1599 
 706 
 707 
 1603 
 700 
 701 
 1600 
 0.291666 0.291666 0.249999 0.249999
 0.708328 0.749995 0.708329 0.749996
cellnum  450 12 
 360 
 361 
 1430 
 1070 
 1071 
 1785 
 364 
 365 
 1432 
 706 
 707 
 1603 
 0.291666 0.291666 0.249999 0.249999
 0.666661 0.708328 0.666662 0.708329
cellnum  451 12 
 374 
 375 
 1437 
 1048 
 1049 
 1774 
 360 
 361 
 1430 
 1070 
 1071 
 1785 
 0.333333 0.333333 0.291666 0.291666
 0.666661 0.708328 0.666661 0.708328
cellnum  452 12 
 248 
 249 
 1374 
 1072 
 1073 
 1786 
 250 
 251 
 1375 
 1074 
 1075 
 1787 
 0.458333 0.458333 0.500000 0.500000
 0.916665 0.874997 0.916665 0.874997
cellnum  453 12 
 246 
 247 
 1373 
 310 
 311 
 1405 
 248 
 249 
 1374 
 1072 
 1073 
 1786 
 0.416666 0.416666 0.458333 0.458333
 0.916665 0.874997 0.916665 0.874997
cellnum  454 12 
 310 
 311 
 1405 
 312 
 313 
 1406 
 1072 
 1073 
 1786 
 934 
 935 
 1717 
 0.416666 0.416666 0.458333 0.458333
 0.874997 0.833329 0.874997 0.833329
cellnum  455 12 
 1072 
 1073 
 1786 
 934 
 935 
 1717 
 1074 
 1075 
 1787 
 936 
 937 
 1718 
 0.458333 0.458333 0.500000 0.499999
 0.874997 0.833329 0.874997 0.833329
cellnum  456 12 
 1076 
 1077 
 1788 
 1044 
 1045 
 1772 
 1078 
 1079 
 1789 
 820 
 821 
 1660 
 0.208333 0.208333 0.166666 0.166666
 0.541662 0.583328 0.541662 0.583329
cellnum  457 12 
 192 
 193 
 1346 
 1076 
 1077 
 1788 
 194 
 195 
 1347 
 1078 
 1079 
 1789 
 0.208333 0.208333 0.166666 0.166666
 0.499995 0.541662 0.499996 0.541662
cellnum  458 12 
 190 
 191 
 1345 
 1080 
 1081 
 1790 
 192 
 193 
 1346 
 1076 
 1077 
 1788 
 0.249999 0.249999 0.208333 0.208333
 0.499994 0.541661 0.499995 0.541662
cellnum  459 12 
 1080 
 1081 
 1790 
 368 
 369 
 1434 
 1076 
 1077 
 1788 
 1044 
 1045 
 1772 
 0.249999 0.249999 0.208333 0.208333
 0.541661 0.583328 0.541662 0.583328
cellnum  460 12 
 766 
 767 
 1633 
 1020 
 1021 
 1760 
 760 
 761 
 1630 
 1082 
 1083 
 1791 
 0.333332 0.333332 0.291666 0.291666
 0.499993 0.541660 0.499994 0.541660
cellnum  461 12 
 1020 
 1021 
 1760 
 370 
 371 
 1435 
 1082 
 1083 
 1791 
 366 
 367 
 1433 
 0.333332 0.333332 0.291666 0.291666
 0.541660 0.583326 0.541660 0.583327
cellnum  462 12 
 1082 
 1083 
 1791 
 366 
 367 
 1433 
 1080 
 1081 
 1790 
 368 
 369 
 1434 
 0.291666 0.291666 0.249999 0.249999
 0.541660 0.583327 0.541661 0.583328
cellnum  463 12 
 760 
 761 
 1630 
 1082 
 1083 
 1791 
 190 
 191 
 1345 
 1080 
 1081 
 1790 
 0.291666 0.291666 0.249999 0.249999
 0.499994 0.541660 0.499994 0.541661
cellnum  464 12 
 1084 
 1085 
 1792 
 586 
 587 
 1543 
 990 
 991 
 1745 
 588 
 589 
 1544 
 0.875000 0.833333 0.875000 0.833333
 0.124999 0.124998 0.083332 0.083332
cellnum  465 12 
 1058 
 1059 
 1779 
 1084 
 1085 
 1792 
 652 
 653 
 1576 
 990 
 991 
 1745 
 0.916667 0.875000 0.916667 0.875000
 0.124999 0.124999 0.083333 0.083332
cellnum  466 12 
 1026 
 1027 
 1763 
 1028 
 1029 
 1764 
 1058 
 1059 
 1779 
 1084 
 1085 
 1792 
 0.916667 0.875000 0.916667 0.875000
 0.166666 0.166665 0.124999 0.124999
cellnum  467 12 
 1028 
 1029 
 1764 
 590 
 591 
 1545 
 1084 
 1085 
 1792 
 586 
 587 
 1543 
 0.875000 0.833333 0.875000 0.833333
 0.166665 0.166665 0.124999 0.124998
cellnum  468 12 
 382 
 383 
 1441 
 384 
 385 
 1442 
 1086 
 1087 
 1793 
 956 
 957 
 1728 
 0.374999 0.333333 0.374999 0.333333
 0.249995 0.249995 0.208329 0.208329
cellnum  469 12 
 1086 
 1087 
 1793 
 956 
 957 
 1728 
 1088 
 1089 
 1794 
 958 
 959 
 1729 
 0.374999 0.333333 0.374999 0.333333
 0.208329 0.208329 0.166663 0.166663
cellnum  470 12 
 1002 
 1003 
 1751 
 1086 
 1087 
 1793 
 1004 
 1005 
 1752 
 1088 
 1089 
 1794 
 0.416666 0.374999 0.416666 0.374999
 0.208328 0.208329 0.166663 0.166663
cellnum  471 12 
 386 
 387 
 1443 
 382 
 383 
 1441 
 1002 
 1003 
 1751 
 1086 
 1087 
 1793 
 0.416666 0.374999 0.416666 0.374999
 0.249994 0.249995 0.208328 0.208329
cellnum  472 12 
 904 
 905 
 1702 
 908 
 909 
 1704 
 1090 
 1091 
 1795 
 1092 
 1093 
 1796 
 0.416666 0.416667 0.458333 0.458333
 0.083331 0.041666 0.083331 0.041666
cellnum  473 12 
 908 
 909 
 1704 
 920 
 921 
 1710 
 1092 
 1093 
 1796 
 1094 
 1095 
 1797 
 0.416667 0.416667 0.458333 0.458333
 0.041666 0.000000 0.041666 0.000000
cellnum  474 12 
 1092 
 1093 
 1796 
 1094 
 1095 
 1797 
 470 
 471 
 1485 
 472 
 473 
 1486 
 0.458333 0.458333 0.500000 0.500000
 0.041666 0.000000 0.041666 0.000000
cellnum  475 12 
 1090 
 1091 
 1795 
 1092 
 1093 
 1796 
 468 
 469 
 1484 
 470 
 471 
 1485 
 0.458333 0.458333 0.500000 0.500000
 0.083331 0.041666 0.083331 0.041666
cellnum  476 12 
 1096 
 1097 
 1798 
 1098 
 1099 
 1799 
 1100 
 1101 
 1800 
 1102 
 1103 
 1801 
 0.541666 0.583333 0.541666 0.583333
 0.791662 0.791662 0.833329 0.833329
cellnum  477 12 
 932 
 933 
 1716 
 1096 
 1097 
 1798 
 936 
 937 
 1718 
 1100 
 1101 
 1800 
 0.499999 0.541666 0.499999 0.541666
 0.791662 0.791662 0.833329 0.833329
cellnum  478 12 
 232 
 233 
 1366 
 1068 
 1069 
 1784 
 932 
 933 
 1716 
 1096 
 1097 
 1798 
 0.499999 0.541666 0.499999 0.541666
 0.749994 0.749994 0.791662 0.791662
cellnum  479 12 
 1068 
 1069 
 1784 
 402 
 403 
 1451 
 1096 
 1097 
 1798 
 1098 
 1099 
 1799 
 0.541666 0.583333 0.541666 0.583333
 0.749994 0.749995 0.791662 0.791662
cellnum  480 12 
 1104 
 1105 
 1802 
 600 
 601 
 1550 
 1106 
 1107 
 1803 
 602 
 603 
 1551 
 0.958333 0.916666 0.958333 0.916666
 0.291666 0.291665 0.249999 0.249998
cellnum  481 12 
 1108 
 1109 
 1804 
 1104 
 1105 
 1802 
 1110 
 1111 
 1805 
 1106 
 1107 
 1803 
 1.000000 0.958333 1.000000 0.958333
 0.291667 0.291666 0.250000 0.249999
cellnum  482 12 
 1112 
 1113 
 1806 
 1114 
 1115 
 1807 
 1108 
 1109 
 1804 
 1104 
 1105 
 1802 
 1.000000 0.958333 1.000000 0.958333
 0.333333 0.333332 0.291667 0.291666
cellnum  483 12 
 1114 
 1115 
 1807 
 604 
 605 
 1552 
 1104 
 1105 
 1802 
 600 
 601 
 1550 
 0.958333 0.916666 0.958333 0.916666
 0.333332 0.333331 0.291666 0.291665
cellnum  484 12 
 1116 
 1117 
 1808 
 966 
 967 
 1733 
 926 
 927 
 1713 
 928 
 929 
 1714 
 0.958333 0.958333 0.916666 0.916666
 0.374999 0.416666 0.374998 0.416665
cellnum  485 12 
 1114 
 1115 
 1807 
 1116 
 1117 
 1808 
 604 
 605 
 1552 
 926 
 927 
 1713 
 0.958333 0.958333 0.916666 0.916666
 0.333332 0.374999 0.333331 0.374998
cellnum  486 12 
 1112 
 1113 
 1806 
 1118 
 1119 
 1809 
 1114 
 1115 
 1807 
 1116 
 1117 
 1808 
 1.000000 1.000000 0.958333 0.958333
 0.333333 0.375000 0.333332 0.374999
cellnum  487 12 
 1118 
 1119 
 1809 
 970 
 971 
 1735 
 1116 
 1117 
 1808 
 966 
 967 
 1733 
 1.000000 1.000000 0.958333 0.958333
 0.375000 0.416667 0.374999 0.416666
cellnum  488 12 
 1120 
 1121 
 1810 
 6 
 7 
 1253 
 1122 
 1123 
 1811 
 1124 
 1125 
 1812 
 0.208333 0.166667 0.208333 0.166667
 0.083332 0.083332 0.041666 0.041666
cellnum  489 12 
 1122 
 1123 
 1811 
 1124 
 1125 
 1812 
 1126 
 1127 
 1813 
 1128 
 1129 
 1814 
 0.208333 0.166667 0.208333 0.166667
 0.041666 0.041666 0.000000 0.000000
cellnum  490 12 
 1130 
 1131 
 1815 
 1122 
 1123 
 1811 
 1132 
 1133 
 1816 
 1126 
 1127 
 1813 
 0.250000 0.208333 0.250000 0.208333
 0.041666 0.041666 0.000000 0.000000
cellnum  491 12 
 1134 
 1135 
 1817 
 1120 
 1121 
 1810 
 1130 
 1131 
 1815 
 1122 
 1123 
 1811 
 0.250000 0.208333 0.250000 0.208333
 0.083332 0.083332 0.041666 0.041666
cellnum  492 12 
 912 
 913 
 1706 
 1136 
 1137 
 1818 
 914 
 915 
 1707 
 1138 
 1139 
 1819 
 0.333333 0.291666 0.333333 0.291667
 0.083331 0.083332 0.041666 0.041666
cellnum  493 12 
 1136 
 1137 
 1818 
 1134 
 1135 
 1817 
 1138 
 1139 
 1819 
 1130 
 1131 
 1815 
 0.291666 0.250000 0.291667 0.250000
 0.083332 0.083332 0.041666 0.041666
cellnum  494 12 
 1138 
 1139 
 1819 
 1130 
 1131 
 1815 
 1140 
 1141 
 1820 
 1132 
 1133 
 1816 
 0.291667 0.250000 0.291667 0.250000
 0.041666 0.041666 0.000000 0.000000
cellnum  495 12 
 914 
 915 
 1707 
 1138 
 1139 
 1819 
 918 
 919 
 1709 
 1140 
 1141 
 1820 
 0.333333 0.291667 0.333333 0.291667
 0.041666 0.041666 0.000000 0.000000
cellnum  496 12 
 1142 
 1143 
 1821 
 1144 
 1145 
 1822 
 1098 
 1099 
 1799 
 1102 
 1103 
 1801 
 0.624999 0.625000 0.583333 0.583333
 0.791662 0.833330 0.791662 0.833329
cellnum  497 12 
 400 
 401 
 1450 
 1142 
 1143 
 1821 
 402 
 403 
 1451 
 1098 
 1099 
 1799 
 0.624999 0.624999 0.583333 0.583333
 0.749995 0.791662 0.749995 0.791662
cellnum  498 12 
 398 
 399 
 1449 
 1146 
 1147 
 1823 
 400 
 401 
 1450 
 1142 
 1143 
 1821 
 0.666666 0.666666 0.624999 0.624999
 0.749995 0.791663 0.749995 0.791662
cellnum  499 12 
 1146 
 1147 
 1823 
 1148 
 1149 
 1824 
 1142 
 1143 
 1821 
 1144 
 1145 
 1822 
 0.666666 0.666666 0.624999 0.625000
 0.791663 0.833330 0.791662 0.833330
cellnum  500 12 
 1150 
 1151 
 1825 
 1152 
 1153 
 1826 
 1154 
 1155 
 1827 
 1156 
 1157 
 1828 
 0.666666 0.666667 0.625000 0.625000
 0.916665 0.958332 0.916665 0.958332
cellnum  501 12 
 1152 
 1153 
 1826 
 1158 
 1159 
 1829 
 1156 
 1157 
 1828 
 1160 
 1161 
 1830 
 0.666667 0.666667 0.625000 0.625000
 0.958332 1.000000 0.958332 1.000000
cellnum  502 12 
 1156 
 1157 
 1828 
 1160 
 1161 
 1830 
 1162 
 1163 
 1831 
 1164 
 1165 
 1832 
 0.625000 0.625000 0.583333 0.583333
 0.958332 1.000000 0.958332 1.000000
cellnum  503 12 
 1154 
 1155 
 1827 
 1156 
 1157 
 1828 
 1166 
 1167 
 1833 
 1162 
 1163 
 1831 
 0.625000 0.625000 0.583333 0.583333
 0.916665 0.958332 0.916665 0.958332
cellnum  504 12 
 958 
 959 
 1729 
 954 
 955 
 1727 
 1168 
 1169 
 1834 
 1170 
 1171 
 1835 
 0.333333 0.291666 0.333333 0.291666
 0.166663 0.166663 0.124997 0.124997
cellnum  505 12 
 954 
 955 
 1727 
 80 
 81 
 1290 
 1170 
 1171 
 1835 
 1172 
 1173 
 1836 
 0.291666 0.250000 0.291666 0.250000
 0.166663 0.166664 0.124997 0.124998
cellnum  506 12 
 1170 
 1171 
 1835 
 1172 
 1173 
 1836 
 1136 
 1137 
 1818 
 1134 
 1135 
 1817 
 0.291666 0.250000 0.291666 0.250000
 0.124997 0.124998 0.083332 0.083332
cellnum  507 12 
 1168 
 1169 
 1834 
 1170 
 1171 
 1835 
 912 
 913 
 1706 
 1136 
 1137 
 1818 
 0.333333 0.291666 0.333333 0.291666
 0.124997 0.124997 0.083331 0.083332
cellnum  508 12 
 1088 
 1089 
 1794 
 958 
 959 
 1729 
 1174 
 1175 
 1837 
 1168 
 1169 
 1834 
 0.374999 0.333333 0.375000 0.333333
 0.166663 0.166663 0.124997 0.124997
cellnum  509 12 
 1174 
 1175 
 1837 
 1168 
 1169 
 1834 
 906 
 907 
 1703 
 912 
 913 
 1706 
 0.375000 0.333333 0.375000 0.333333
 0.124997 0.124997 0.083331 0.083331
cellnum  510 12 
 1176 
 1177 
 1838 
 1174 
 1175 
 1837 
 904 
 905 
 1702 
 906 
 907 
 1703 
 0.416666 0.375000 0.416666 0.375000
 0.124997 0.124997 0.083331 0.083331
cellnum  511 12 
 1004 
 1005 
 1752 
 1088 
 1089 
 1794 
 1176 
 1177 
 1838 
 1174 
 1175 
 1837 
 0.416666 0.374999 0.416666 0.375000
 0.166663 0.166663 0.124997 0.124997
cellnum  512 12 
 998 
 999 
 1749 
 1178 
 1179 
 1839 
 816 
 817 
 1658 
 818 
 819 
 1659 
 0.083333 0.125000 0.083333 0.125000
 0.541664 0.541663 0.583331 0.583330
cellnum  513 12 
 300 
 301 
 1400 
 298 
 299 
 1399 
 998 
 999 
 1749 
 1178 
 1179 
 1839 
 0.083333 0.125000 0.083333 0.125000
 0.499998 0.499997 0.541664 0.541663
cellnum  514 12 
 298 
 299 
 1399 
 194 
 195 
 1347 
 1178 
 1179 
 1839 
 1078 
 1079 
 1789 
 0.125000 0.166666 0.125000 0.166666
 0.499997 0.499996 0.541663 0.541662
cellnum  515 12 
 1178 
 1179 
 1839 
 1078 
 1079 
 1789 
 818 
 819 
 1659 
 820 
 821 
 1660 
 0.125000 0.166666 0.125000 0.166666
 0.541663 0.541662 0.583330 0.583329
cellnum  516 12 
 1008 
 1009 
 1754 
 1180 
 1181 
 1840 
 842 
 843 
 1671 
 992 
 993 
 1746 
 0.458333 0.458333 0.499999 0.500000
 0.166662 0.124997 0.166662 0.124997
cellnum  517 12 
 1004 
 1005 
 1752 
 1176 
 1177 
 1838 
 1008 
 1009 
 1754 
 1180 
 1181 
 1840 
 0.416666 0.416666 0.458333 0.458333
 0.166663 0.124997 0.166662 0.124997
cellnum  518 12 
 1176 
 1177 
 1838 
 904 
 905 
 1702 
 1180 
 1181 
 1840 
 1090 
 1091 
 1795 
 0.416666 0.416666 0.458333 0.458333
 0.124997 0.083331 0.124997 0.083331
cellnum  519 12 
 1180 
 1181 
 1840 
 1090 
 1091 
 1795 
 992 
 993 
 1746 
 468 
 469 
 1484 
 0.458333 0.458333 0.500000 0.500000
 0.124997 0.083331 0.124997 0.083331
cellnum  520 12 
 16 
 17 
 1258 
 566 
 567 
 1533 
 2 
 3 
 1251 
 1182 
 1183 
 1841 
 0.083333 0.083333 0.125000 0.125000
 0.083333 0.041666 0.083332 0.041666
cellnum  521 12 
 566 
 567 
 1533 
 568 
 569 
 1534 
 1182 
 1183 
 1841 
 1184 
 1185 
 1842 
 0.083333 0.083333 0.125000 0.125000
 0.041666 0.000000 0.041666 0.000000
cellnum  522 12 
 1182 
 1183 
 1841 
 1184 
 1185 
 1842 
 1124 
 1125 
 1812 
 1128 
 1129 
 1814 
 0.125000 0.125000 0.166667 0.166667
 0.041666 0.000000 0.041666 0.000000
cellnum  523 12 
 2 
 3 
 1251 
 1182 
 1183 
 1841 
 6 
 7 
 1253 
 1124 
 1125 
 1812 
 0.125000 0.125000 0.166667 0.166667
 0.083332 0.041666 0.083332 0.041666
cellnum  524 12 
 1106 
 1107 
 1803 
 602 
 603 
 1551 
 1186 
 1187 
 1843 
 1022 
 1023 
 1761 
 0.958333 0.916666 0.958333 0.916666
 0.249999 0.249998 0.208333 0.208332
cellnum  525 12 
 1186 
 1187 
 1843 
 1022 
 1023 
 1761 
 1064 
 1065 
 1782 
 1026 
 1027 
 1763 
 0.958333 0.916666 0.958333 0.916667
 0.208333 0.208332 0.166666 0.166666
cellnum  526 12 
 1188 
 1189 
 1844 
 1186 
 1187 
 1843 
 1062 
 1063 
 1781 
 1064 
 1065 
 1782 
 1.000000 0.958333 1.000000 0.958333
 0.208333 0.208333 0.166667 0.166666
cellnum  527 12 
 1110 
 1111 
 1805 
 1106 
 1107 
 1803 
 1188 
 1189 
 1844 
 1186 
 1187 
 1843 
 1.000000 0.958333 1.000000 0.958333
 0.250000 0.249999 0.208333 0.208333
cellnum  528 12 
 484 
 485 
 1492 
 478 
 479 
 1489 
 606 
 607 
 1553 
 1190 
 1191 
 1845 
 0.833333 0.833333 0.791666 0.791667
 0.916666 0.958333 0.916665 0.958333
cellnum  529 12 
 478 
 479 
 1489 
 480 
 481 
 1490 
 1190 
 1191 
 1845 
 1192 
 1193 
 1846 
 0.833333 0.833333 0.791667 0.791667
 0.958333 1.000000 0.958333 1.000000
cellnum  530 12 
 1190 
 1191 
 1845 
 1192 
 1193 
 1846 
 1194 
 1195 
 1847 
 1196 
 1197 
 1848 
 0.791667 0.791667 0.750000 0.750000
 0.958333 1.000000 0.958333 1.000000
cellnum  531 12 
 606 
 607 
 1553 
 1190 
 1191 
 1845 
 608 
 609 
 1554 
 1194 
 1195 
 1847 
 0.791666 0.791667 0.750000 0.750000
 0.916665 0.958333 0.916665 0.958333
cellnum  532 12 
 1150 
 1151 
 1825 
 1198 
 1199 
 1849 
 1152 
 1153 
 1826 
 1200 
 1201 
 1850 
 0.666666 0.708333 0.666667 0.708333
 0.916665 0.916665 0.958332 0.958333
cellnum  533 12 
 1198 
 1199 
 1849 
 608 
 609 
 1554 
 1200 
 1201 
 1850 
 1194 
 1195 
 1847 
 0.708333 0.750000 0.708333 0.750000
 0.916665 0.916665 0.958333 0.958333
cellnum  534 12 
 1200 
 1201 
 1850 
 1194 
 1195 
 1847 
 1202 
 1203 
 1851 
 1196 
 1197 
 1848 
 0.708333 0.750000 0.708333 0.750000
 0.958333 0.958333 1.000000 1.000000
cellnum  535 12 
 1152 
 1153 
 1826 
 1200 
 1201 
 1850 
 1158 
 1159 
 1829 
 1202 
 1203 
 1851 
 0.666667 0.708333 0.666667 0.708333
 0.958332 0.958333 1.000000 1.000000
cellnum  536 12 
 1204 
 1205 
 1852 
 1206 
 1207 
 1853 
 1208 
 1209 
 1854 
 1210 
 1211 
 1855 
 0.083333 0.125000 0.083333 0.125000
 0.708332 0.708331 0.749998 0.749998
cellnum  537 12 
 812 
 813 
 1656 
 814 
 815 
 1657 
 1204 
 1205 
 1852 
 1206 
 1207 
 1853 
 0.083333 0.125000 0.083333 0.125000
 0.666665 0.666664 0.708332 0.708331
cellnum  538 12 
 814 
 815 
 1657 
 718 
 719 
 1609 
 1206 
 1207 
 1853 
 714 
 715 
 1607 
 0.125000 0.166666 0.125000 0.166666
 0.666664 0.666663 0.708331 0.708330
cellnum  539 12 
 1206 
 1207 
 1853 
 714 
 715 
 1607 
 1210 
 1211 
 1855 
 716 
 717 
 1608 
 0.125000 0.166666 0.125000 0.166666
 0.708331 0.708330 0.749998 0.749997
cellnum  540 12 
 1212 
 1213 
 1856 
 352 
 353 
 1426 
 1214 
 1215 
 1857 
 354 
 355 
 1427 
 0.708333 0.750000 0.708333 0.750000
 0.791663 0.791663 0.833330 0.833330
cellnum  541 12 
 1146 
 1147 
 1823 
 1212 
 1213 
 1856 
 1148 
 1149 
 1824 
 1214 
 1215 
 1857 
 0.666666 0.708333 0.666666 0.708333
 0.791663 0.791663 0.833330 0.833330
cellnum  542 12 
 398 
 399 
 1449 
 786 
 787 
 1643 
 1146 
 1147 
 1823 
 1212 
 1213 
 1856 
 0.666666 0.708333 0.666666 0.708333
 0.749995 0.749996 0.791663 0.791663
cellnum  543 12 
 786 
 787 
 1643 
 356 
 357 
 1428 
 1212 
 1213 
 1856 
 352 
 353 
 1426 
 0.708333 0.749999 0.708333 0.750000
 0.749996 0.749996 0.791663 0.791663
cellnum  544 12 
 1216 
 1217 
 1858 
 1148 
 1149 
 1824 
 1218 
 1219 
 1859 
 1214 
 1215 
 1857 
 0.666666 0.666666 0.708333 0.708333
 0.874997 0.833330 0.874998 0.833330
cellnum  545 12 
 1218 
 1219 
 1859 
 1214 
 1215 
 1857 
 612 
 613 
 1556 
 354 
 355 
 1427 
 0.708333 0.708333 0.750000 0.750000
 0.874998 0.833330 0.874998 0.833330
cellnum  546 12 
 1198 
 1199 
 1849 
 1218 
 1219 
 1859 
 608 
 609 
 1554 
 612 
 613 
 1556 
 0.708333 0.708333 0.750000 0.750000
 0.916665 0.874998 0.916665 0.874998
cellnum  547 12 
 1150 
 1151 
 1825 
 1216 
 1217 
 1858 
 1198 
 1199 
 1849 
 1218 
 1219 
 1859 
 0.666666 0.666666 0.708333 0.708333
 0.916665 0.874997 0.916665 0.874998
cellnum  548 12 
 1208 
 1209 
 1854 
 1210 
 1211 
 1855 
 1220 
 1221 
 1860 
 1222 
 1223 
 1861 
 0.083333 0.125000 0.083333 0.125000
 0.749998 0.749998 0.791665 0.791665
cellnum  549 12 
 1210 
 1211 
 1855 
 716 
 717 
 1608 
 1222 
 1223 
 1861 
 736 
 737 
 1618 
 0.125000 0.166666 0.125000 0.166666
 0.749998 0.749997 0.791665 0.791664
cellnum  550 12 
 1222 
 1223 
 1861 
 736 
 737 
 1618 
 452 
 453 
 1476 
 266 
 267 
 1383 
 0.125000 0.166666 0.125000 0.166666
 0.791665 0.791664 0.833332 0.833331
cellnum  551 12 
 1220 
 1221 
 1860 
 1222 
 1223 
 1861 
 284 
 285 
 1392 
 452 
 453 
 1476 
 0.083333 0.125000 0.083333 0.125000
 0.791665 0.791665 0.833332 0.833332
cellnum  552 12 
 1216 
 1217 
 1858 
 1224 
 1225 
 1862 
 1148 
 1149 
 1824 
 1144 
 1145 
 1822 
 0.666666 0.625000 0.666666 0.625000
 0.874997 0.874997 0.833330 0.833330
cellnum  553 12 
 1150 
 1151 
 1825 
 1154 
 1155 
 1827 
 1216 
 1217 
 1858 
 1224 
 1225 
 1862 
 0.666666 0.625000 0.666666 0.625000
 0.916665 0.916665 0.874997 0.874997
cellnum  554 12 
 1154 
 1155 
 1827 
 1166 
 1167 
 1833 
 1224 
 1225 
 1862 
 1226 
 1227 
 1863 
 0.625000 0.583333 0.625000 0.583333
 0.916665 0.916665 0.874997 0.874997
cellnum  555 12 
 1224 
 1225 
 1862 
 1226 
 1227 
 1863 
 1144 
 1145 
 1822 
 1102 
 1103 
 1801 
 0.625000 0.583333 0.625000 0.583333
 0.874997 0.874997 0.833330 0.833329
cellnum  556 12 
 852 
 853 
 1676 
 812 
 813 
 1656 
 1228 
 1229 
 1864 
 1204 
 1205 
 1852 
 0.041667 0.083333 0.041667 0.083333
 0.666666 0.666665 0.708332 0.708332
cellnum  557 12 
 1228 
 1229 
 1864 
 1204 
 1205 
 1852 
 1230 
 1231 
 1865 
 1208 
 1209 
 1854 
 0.041667 0.083333 0.041667 0.083333
 0.708332 0.708332 0.749999 0.749998
cellnum  558 12 
 1232 
 1233 
 1866 
 1228 
 1229 
 1864 
 1234 
 1235 
 1867 
 1230 
 1231 
 1865 
 0.000000 0.041667 0.000000 0.041667
 0.708333 0.708332 0.750000 0.749999
cellnum  559 12 
 850 
 851 
 1675 
 852 
 853 
 1676 
 1232 
 1233 
 1866 
 1228 
 1229 
 1864 
 0.000000 0.041667 0.000000 0.041667
 0.666667 0.666666 0.708333 0.708332
cellnum  560 12 
 1236 
 1237 
 1868 
 1162 
 1163 
 1831 
 1238 
 1239 
 1869 
 1164 
 1165 
 1832 
 0.541667 0.583333 0.541667 0.583333
 0.958332 0.958332 1.000000 1.000000
cellnum  561 12 
 252 
 253 
 1376 
 1236 
 1237 
 1868 
 254 
 255 
 1377 
 1238 
 1239 
 1869 
 0.500000 0.541667 0.500000 0.541667
 0.958332 0.958332 1.000000 1.000000
cellnum  562 12 
 250 
 251 
 1375 
 1240 
 1241 
 1870 
 252 
 253 
 1376 
 1236 
 1237 
 1868 
 0.500000 0.541666 0.500000 0.541667
 0.916665 0.916665 0.958332 0.958332
cellnum  563 12 
 1240 
 1241 
 1870 
 1166 
 1167 
 1833 
 1236 
 1237 
 1868 
 1162 
 1163 
 1831 
 0.541666 0.583333 0.541667 0.583333
 0.916665 0.916665 0.958332 0.958332
cellnum  564 12 
 1242 
 1243 
 1871 
 4 
 5 
 1252 
 1120 
 1121 
 1810 
 6 
 7 
 1253 
 0.208333 0.166666 0.208333 0.166667
 0.124998 0.124998 0.083332 0.083332
cellnum  565 12 
 1172 
 1173 
 1836 
 1242 
 1243 
 1871 
 1134 
 1135 
 1817 
 1120 
 1121 
 1810 
 0.250000 0.208333 0.250000 0.208333
 0.124998 0.124998 0.083332 0.083332
cellnum  566 12 
 80 
 81 
 1290 
 76 
 77 
 1288 
 1172 
 1173 
 1836 
 1242 
 1243 
 1871 
 0.250000 0.208333 0.250000 0.208333
 0.166664 0.166664 0.124998 0.124998
cellnum  567 12 
 76 
 77 
 1288 
 10 
 11 
 1255 
 1242 
 1243 
 1871 
 4 
 5 
 1252 
 0.208333 0.166666 0.208333 0.166666
 0.166664 0.166664 0.124998 0.124998
cellnum  568 12 
 1074 
 1075 
 1787 
 936 
 937 
 1718 
 1244 
 1245 
 1872 
 1100 
 1101 
 1800 
 0.500000 0.499999 0.541666 0.541666
 0.874997 0.833329 0.874997 0.833329
cellnum  569 12 
 1244 
 1245 
 1872 
 1100 
 1101 
 1800 
 1226 
 1227 
 1863 
 1102 
 1103 
 1801 
 0.541666 0.541666 0.583333 0.583333
 0.874997 0.833329 0.874997 0.833329
cellnum  570 12 
 1240 
 1241 
 1870 
 1244 
 1245 
 1872 
 1166 
 1167 
 1833 
 1226 
 1227 
 1863 
 0.541666 0.541666 0.583333 0.583333
 0.916665 0.874997 0.916665 0.874997
cellnum  571 12 
 250 
 251 
 1375 
 1074 
 1075 
 1787 
 1240 
 1241 
 1870 
 1244 
 1245 
 1872 
 0.500000 0.500000 0.541666 0.541666
 0.916665 0.874997 0.916665 0.874997
cellnum  572 12 
 1234 
 1235 
 1867 
 1230 
 1231 
 1865 
 1246 
 1247 
 1873 
 1248 
 1249 
 1874 
 0.000000 0.041667 0.000000 0.041667
 0.750000 0.749999 0.791667 0.791666
cellnum  573 12 
 1230 
 1231 
 1865 
 1208 
 1209 
 1854 
 1248 
 1249 
 1874 
 1220 
 1221 
 1860 
 0.041667 0.083333 0.041667 0.083333
 0.749999 0.749998 0.791666 0.791665
cellnum  574 12 
 1248 
 1249 
 1874 
 1220 
 1221 
 1860 
 282 
 283 
 1391 
 284 
 285 
 1392 
 0.041667 0.083333 0.041667 0.083333
 0.791666 0.791665 0.833333 0.833332
cellnum  575 12 
 1246 
 1247 
 1873 
 1248 
 1249 
 1874 
 280 
 281 
 1390 
 282 
 283 
 1391 
 0.000000 0.041667 0.000000 0.041667
 0.791667 0.791666 0.833333 0.833333
