Grid_size  1833
vertices_size  1958
Edge_size  4704
total_DOF  5874
Face_Vertex_Edge 
0 
 226 225 222 211
 403 401 404 393 
1 
 223 226 203 222
 395 403 396 346 
2 
 215 224 223 226
 377 399 378 396 
3 
 224 216 226 225
 399 381 398 404 
4 
 231 230 227 198
 412 411 413 405 
5 
 228 231 199 227
 407 412 408 339 
6 
 211 229 228 231
 371 410 372 408 
7 
 229 213 231 230
 410 375 409 413 
8 
 225 234 211 229
 401 418 402 372 
9 
 216 232 225 234
 381 415 382 402 
10 
 232 212 234 233
 415 373 414 419 
11 
 234 233 229 213
 418 417 419 409 
12 
 237 214 238 235
 423 376 422 424 
13 
 238 235 236 202
 425 420 424 421 
14 
 232 238 212 236
 414 425 416 374 
15 
 216 237 232 238
 382 423 383 416 
16 
 249 252 214 235
 445 451 446 376 
17 
 200 250 249 252
 341 448 342 446 
18 
 250 204 252 251
 448 349 447 452 
19 
 252 251 235 202
 451 450 452 420 
20 
 224 255 216 237
 398 457 400 383 
21 
 215 253 224 255
 378 454 379 400 
22 
 253 201 255 254
 454 344 453 458 
23 
 255 254 237 214
 457 456 458 422 
24 
 250 264 204 262
 447 475 449 350 
25 
 200 263 250 264
 342 473 343 449 
26 
 282 281 278 166
 508 507 509 500 
27 
 279 282 189 278
 501 508 502 315 
28 
 208 280 279 282
 361 505 362 502 
29 
 280 191 282 281
 505 320 504 509 
30 
 203 222 284 285
 347 394 346 513 
31 
 222 211 285 228
 394 371 393 515 
32 
 285 228 283 199
 516 407 515 510 
33 
 284 285 205 283
 512 516 513 351 
34 
 289 288 286 185
 524 522 525 517 
35 
 287 289 183 286
 519 524 520 305 
36 
 205 283 287 289
 352 511 351 520 
37 
 283 199 289 288
 511 340 510 525 
38 
 303 200 304 249
 555 341 554 557 
39 
 304 249 254 214
 558 445 557 456 
40 
 302 304 201 254
 551 558 552 344 
41 
 206 303 302 304
 354 555 355 552 
42 
 316 315 313 187
 582 581 583 576 
43 
 314 316 196 313
 578 582 579 333 
44 
 206 302 314 316
 356 553 354 579 
45 
 302 201 316 315
 553 345 551 583 
46 
 325 322 323 147
 599 594 598 595 
47 
 324 325 171 323
 596 599 597 282 
48 
 330 329 326 178
 608 606 609 600 
49 
 327 330 163 326
 602 608 603 269 
50 
 193 328 327 330
 326 605 327 603 
51 
 328 194 330 329
 605 328 604 609 
52 
 206 314 333 334
 357 580 356 615 
53 
 314 196 334 331
 580 334 578 617 
54 
 335 339 198 338
 619 628 620 338 
55 
 210 336 335 339
 368 622 369 620 
56 
 336 195 339 337
 622 330 621 627 
57 
 339 337 338 165
 628 624 627 626 
58 
 358 16 355 17
 666 16 665 660 
59 
 356 358 114 355
 661 666 662 186 
60 
 133 357 356 358
 220 664 221 662 
61 
 357 15 358 16
 664 15 663 665 
62 
 367 370 191 281
 684 691 685 320 
63 
 196 313 377 378
 335 577 333 705 
64 
 313 187 378 375
 577 312 576 707 
65 
 411 324 408 171
 773 596 772 767 
66 
 409 411 186 408
 768 773 769 311 
67 
 280 441 191 440
 504 831 506 321 
68 
 208 439 280 441
 362 827 363 506 
69 
 439 212 441 236
 827 374 826 830 
70 
 441 236 440 202
 831 421 830 829 
71 
 452 190 453 273
 852 317 851 854 
72 
 453 273 375 167
 855 491 854 701 
73 
 451 453 187 375
 849 855 850 312 
74 
 207 452 451 453
 358 852 359 850 
75 
 461 186 462 408
 870 311 869 871 
76 
 462 408 460 171
 872 767 871 867 
77 
 336 462 195 460
 621 872 623 331 
78 
 210 461 336 462
 369 870 370 623 
79 
 475 477 170 431
 896 902 897 281 
80 
 183 476 475 477
 306 899 307 897 
81 
 492 490 491 169
 933 929 932 931 
82 
 98 498 500 501
 148 945 147 949 
83 
 498 134 501 499
 945 222 944 952 
84 
 501 499 12 11
 951 946 952 11 
85 
 500 501 13 12
 948 951 949 12 
86 
 183 286 476 507
 307 518 305 900 
87 
 286 185 507 505
 518 309 517 961 
88 
 507 505 506 143
 962 958 961 960 
89 
 476 507 174 506
 898 962 900 289 
90 
 508 511 210 461
 963 969 964 370 
91 
 209 509 508 511
 365 967 366 964 
92 
 509 169 511 510
 967 279 966 970 
93 
 511 510 461 186
 969 968 970 869 
94 
 516 409 510 186
 980 768 979 968 
95 
 490 516 169 510
 929 980 930 279 
96 
 521 207 522 451
 989 358 988 992 
97 
 522 451 315 187
 991 849 992 581 
98 
 253 522 201 315
 453 991 455 345 
99 
 215 521 253 522
 379 989 380 455 
100 
 525 524 233 213
 998 996 999 417 
101 
 439 525 212 233
 826 998 828 373 
102 
 208 523 439 525
 363 994 364 828 
103 
 523 209 525 524
 994 367 993 999 
104 
 536 537 204 251
 1021 1024 1022 349 
105 
 192 367 536 537
 324 686 322 1022 
106 
 367 191 537 440
 686 321 684 1025 
107 
 537 440 251 202
 1024 829 1025 450 
108 
 215 223 521 540
 380 397 377 990 
109 
 223 203 540 538
 397 348 395 1030 
110 
 540 538 539 193
 1031 1026 1030 1028 
111 
 521 540 207 539
 988 1031 990 360 
112 
 536 204 545 262
 1023 350 1021 1041 
113 
 284 205 547 546
 514 353 512 1046 
114 
 547 546 328 194
 1045 1043 1046 604 
115 
 538 547 193 328
 1026 1045 1027 327 
116 
 203 284 538 547
 348 514 347 1027 
117 
 523 548 209 509
 993 1048 995 366 
118 
 208 279 523 548
 364 503 361 995 
119 
 279 189 548 491
 503 316 501 1047 
120 
 548 491 509 169
 1048 931 1047 966 
121 
 303 549 200 263
 554 1049 556 343 
122 
 206 333 303 549
 355 616 357 556 
123 
 287 183 553 475
 521 306 519 1057 
124 
 553 475 552 170
 1058 896 1057 1055 
125 
 546 553 194 552
 1043 1058 1044 329 
126 
 205 287 546 553
 353 521 352 1044 
127 
 209 508 524 555
 367 965 365 997 
128 
 508 210 555 335
 965 368 963 1062 
129 
 555 335 230 198
 1061 619 1062 411 
130 
 524 555 213 230
 996 1061 997 375 
131 
 199 227 288 561
 340 406 339 523 
132 
 227 198 561 338
 406 338 405 1073 
133 
 561 338 560 165
 1074 626 1073 1071 
134 
 288 561 185 560
 522 1074 523 310 
135 
 552 170 562 430
 1056 280 1055 1075 
136 
 194 552 329 562
 328 1056 329 607 
137 
 207 539 452 568
 359 1029 360 853 
138 
 539 193 568 327
 1029 326 1028 1086 
139 
 568 327 566 163
 1087 602 1086 1082 
140 
 452 568 190 566
 851 1087 853 319 
141 
 98 500 572 573
 149 950 148 1095 
142 
 500 13 573 14
 950 13 948 1096 
143 
 573 14 357 15
 1097 14 1096 663 
144 
 572 573 133 357
 1094 1097 1095 221 
145 
 576 575 574 159
 1100 1099 1101 1098 
146 
 505 576 143 574
 958 1100 959 240 
147 
 185 560 505 576
 309 1072 310 959 
148 
 560 165 576 575
 1072 274 1071 1101 
149 
 589 588 575 159
 1126 1125 1127 1099 
150 
 337 589 165 575
 624 1126 625 274 
151 
 195 587 337 589
 330 1123 332 625 
152 
 587 180 589 588
 1123 300 1122 1127 
153 
 611 323 610 147
 1172 595 1171 1170 
154 
 587 611 180 610
 1122 1172 1124 301 
155 
 195 460 587 611
 332 868 331 1124 
156 
 460 171 611 323
 868 282 867 1171 
157 
 221 943 942 1539
 1834 3028 1836 3030 
158 
 943 220 1539 940
 3028 1830 1837 3031 
159 
 942 1539 217 935
 1835 3029 3030 1820 
160 
 1539 940 935 140
 3029 1831 3031 1821 
161 
 218 937 936 1540
 1822 3032 1824 3034 
162 
 937 221 1540 942
 3032 1834 1825 3035 
163 
 936 1540 145 859
 1823 3033 3034 1668 
164 
 1540 942 859 217
 3033 1835 3035 1669 
165 
 125 823 822 1541
 1594 3036 1596 3038 
166 
 823 219 1541 939
 3036 1828 1597 3039 
167 
 822 1541 218 937
 1595 3037 3038 1824 
168 
 1541 939 937 221
 3037 1829 3039 1825 
169 
 219 938 939 1542
 1828 3040 1826 3042 
170 
 938 109 1542 789
 3040 1528 1827 3043 
171 
 939 1542 221 943
 1829 3041 3042 1836 
172 
 1542 789 943 220
 3041 1529 3043 1837 
173 
 243 952 951 1543
 1852 3044 1854 3046 
174 
 952 242 1543 950
 3044 1850 1855 3047 
175 
 951 1543 239 944
 1853 3045 3046 1838 
176 
 1543 950 944 145
 3045 1851 3047 1839 
177 
 240 947 946 1544
 1842 3048 1844 3050 
178 
 947 243 1544 951
 3048 1852 1845 3051 
179 
 946 1544 149 862
 1843 3049 3050 1674 
180 
 1544 951 862 239
 3049 1853 3051 1675 
181 
 173 901 900 1545
 1750 3052 1752 3054 
182 
 901 241 1545 949
 3052 1848 1753 3055 
183 
 900 1545 240 947
 1751 3053 3054 1844 
184 
 1545 949 947 243
 3053 1849 3055 1845 
185 
 241 948 949 1546
 1848 3056 1846 3058 
186 
 948 121 1546 816
 3056 1582 1847 3059 
187 
 949 1546 243 952
 1849 3057 3058 1854 
188 
 1546 816 952 242
 3057 1583 3059 1855 
189 
 248 962 961 1547
 1872 3060 1874 3062 
190 
 962 247 1547 959
 3060 1868 1875 3063 
191 
 961 1547 244 953
 1873 3061 3062 1856 
192 
 1547 959 953 148
 3061 1869 3063 1857 
193 
 245 955 954 1548
 1858 3064 1860 3066 
194 
 955 248 1548 961
 3064 1872 1861 3067 
195 
 954 1548 146 860
 1859 3065 3066 1670 
196 
 1548 961 860 244
 3065 1873 3067 1671 
197 
 123 818 817 1549
 1584 3068 1586 3070 
198 
 818 246 1549 957
 3068 1864 1587 3071 
199 
 817 1549 245 955
 1585 3069 3070 1860 
200 
 1549 957 955 248
 3069 1865 3071 1861 
201 
 246 956 957 1550
 1864 3072 1862 3074 
202 
 956 102 1550 773
 3072 1496 1863 3075 
203 
 957 1550 248 962
 1865 3073 3074 1874 
204 
 1550 773 962 247
 3073 1497 3075 1875 
205 
 256 964 963 1551
 1876 3076 1878 3078 
206 
 964 260 1551 972
 3076 1894 1879 3079 
207 
 963 1551 151 867
 1877 3077 3078 1684 
208 
 1551 972 867 259
 3077 1895 3079 1685 
209 
 150 865 864 1552
 1678 3080 1680 3082 
210 
 865 257 1552 966
 3080 1882 1681 3083 
211 
 864 1552 256 964
 1679 3081 3082 1878 
212 
 1552 966 964 260
 3081 1883 3083 1879 
213 
 257 965 966 1553
 1882 3084 1880 3086 
214 
 965 126 1553 824
 3084 1598 1881 3087 
215 
 966 1553 260 971
 1883 3085 3086 1892 
216 
 1553 824 971 258
 3085 1599 3087 1893 
217 
 260 971 972 1554
 1894 3088 1892 3090 
218 
 971 258 1554 968
 3088 1886 1893 3091 
219 
 972 1554 259 970
 1895 3089 3090 1890 
220 
 1554 968 970 100
 3089 1887 3091 1891 
221 
 263 976 977 1555
 1904 3092 1902 3094 
222 
 976 188 1555 920
 3092 1790 1903 3095 
223 
 977 1555 264 978
 1905 3093 3094 1906 
224 
 1555 920 978 261
 3093 1791 3095 1907 
225 
 264 978 979 1556
 1908 3096 1906 3098 
226 
 978 261 1556 973
 3096 1896 1907 3099 
227 
 979 1556 262 975
 1909 3097 3098 1900 
228 
 1556 973 975 184
 3097 1897 3099 1901 
229 
 267 984 985 1557
 1920 3100 1918 3102 
230 
 984 218 1557 936
 3100 1822 1919 3103 
231 
 985 1557 242 950
 1921 3101 3102 1850 
232 
 1557 936 950 145
 3101 1823 3103 1851 
233 
 265 981 980 1558
 1910 3104 1912 3106 
234 
 981 267 1558 985
 3104 1920 1913 3107 
235 
 980 1558 121 816
 1911 3105 3106 1582 
236 
 1558 985 816 242
 3105 1921 3107 1583 
237 
 115 806 805 1559
 1560 3108 1562 3110 
238 
 806 266 1559 983
 3108 1916 1563 3111 
239 
 805 1559 265 981
 1561 3109 3110 1912 
240 
 1559 983 981 267
 3109 1917 3111 1913 
241 
 266 982 983 1560
 1916 3112 1914 3114 
242 
 982 125 1560 822
 3112 1594 1915 3115 
243 
 983 1560 267 984
 1917 3113 3114 1918 
244 
 1560 822 984 218
 3113 1595 3115 1919 
245 
 272 994 993 1561
 1936 3116 1938 3118 
246 
 994 271 1561 992
 3116 1934 1939 3119 
247 
 993 1561 268 986
 1937 3117 3118 1922 
248 
 1561 992 986 158
 3117 1935 3119 1923 
249 
 269 989 988 1562
 1926 3120 1928 3122 
250 
 989 272 1562 993
 3120 1936 1929 3123 
251 
 988 1562 120 814
 1927 3121 3122 1578 
252 
 1562 993 814 268
 3121 1937 3123 1579 
253 
 116 808 807 1563
 1564 3124 1566 3126 
254 
 808 270 1563 991
 3124 1932 1567 3127 
255 
 807 1563 269 989
 1565 3125 3126 1928 
256 
 1563 991 989 272
 3125 1933 3127 1929 
257 
 270 990 991 1564
 1932 3128 1930 3130 
258 
 990 127 1564 827
 3128 1604 1931 3131 
259 
 991 1564 272 994
 1933 3129 3130 1938 
260 
 1564 827 994 271
 3129 1605 3131 1939 
261 
 273 996 995 1565
 1940 3132 1942 3134 
262 
 996 277 1565 1003
 3132 1956 1943 3135 
263 
 995 1565 167 891
 1941 3133 3134 1732 
264 
 1565 1003 891 276
 3133 1957 3135 1733 
265 
 190 925 924 1566
 1798 3136 1800 3138 
266 
 925 274 1566 998
 3136 1946 1801 3139 
267 
 924 1566 273 996
 1799 3137 3138 1942 
268 
 1566 998 996 277
 3137 1947 3139 1943 
269 
 274 997 998 1567
 1946 3140 1944 3142 
270 
 997 154 1567 870
 3140 1690 1945 3143 
271 
 998 1567 277 1002
 1947 3141 3142 1954 
272 
 1567 870 1002 275
 3141 1691 3143 1955 
273 
 277 1002 1003 1568
 1956 3144 1954 3146 
274 
 1002 275 1568 1000
 3144 1950 1955 3147 
275 
 1003 1568 276 1001
 1957 3145 3146 1952 
276 
 1568 1000 1001 153
 3145 1951 3147 1953 
277 
 290 1007 1006 1569
 1962 3148 1964 3150 
278 
 1007 293 1569 1014
 3148 1978 1965 3151 
279 
 1006 1569 63 704
 1963 3149 3150 1358 
280 
 1569 1014 704 62
 3149 1979 3151 1359 
281 
 112 798 797 1570
 1544 3152 1546 3154 
282 
 798 291 1570 1010
 3152 1970 1547 3155 
283 
 797 1570 290 1007
 1545 3153 3154 1964 
284 
 1570 1010 1007 293
 3153 1971 3155 1965 
285 
 291 1009 1010 1571
 1970 3156 1968 3158 
286 
 1009 132 1571 835
 3156 1620 1969 3159 
287 
 1010 1571 293 1015
 1971 3157 3158 1980 
288 
 1571 835 1015 292
 3157 1621 3159 1981 
289 
 293 1015 1014 1572
 1978 3160 1980 3162 
290 
 1015 292 1572 1012
 3160 1974 1981 3163 
291 
 1014 1572 62 703
 1979 3161 3162 1356 
292 
 1572 1012 703 61
 3161 1975 3163 1357 
293 
 102 774 773 1573
 1496 3164 1498 3166 
294 
 774 294 1573 1017
 3164 1984 1499 3167 
295 
 773 1573 247 960
 1497 3165 3166 1870 
296 
 1573 1017 960 297
 3165 1985 3167 1871 
297 
 294 1016 1017 1574
 1984 3168 1982 3170 
298 
 1016 138 1574 849
 3168 1648 1983 3171 
299 
 1017 1574 297 1021
 1985 3169 3170 1992 
300 
 1574 849 1021 295
 3169 1649 3171 1993 
301 
 297 1021 1022 1575
 1994 3172 1992 3174 
302 
 1021 295 1575 1019
 3172 1988 1993 3175 
303 
 1022 1575 296 1020
 1995 3173 3174 1990 
304 
 1575 1019 1020 122
 3173 1989 3175 1991 
305 
 247 960 959 1576
 1868 3176 1870 3178 
306 
 960 297 1576 1022
 3176 1994 1871 3179 
307 
 959 1576 148 861
 1869 3177 3178 1672 
308 
 1576 1022 861 296
 3177 1995 3179 1673 
309 
 298 1024 1023 1577
 1996 3180 1998 3182 
310 
 1024 301 1577 1030
 3180 2010 1999 3183 
311 
 1023 1577 110 791
 1997 3181 3182 1532 
312 
 1577 1030 791 300
 3181 2011 3183 1533 
313 
 74 717 718 1578
 1386 3184 1384 3186 
314 
 717 75 1578 720
 3184 1390 1385 3187 
315 
 718 1578 298 1024
 1387 3185 3186 1998 
316 
 1578 720 1024 301
 3185 1391 3187 1999 
317 
 75 719 720 1579
 1390 3188 1388 3190 
318 
 719 76 1579 721
 3188 1392 1389 3191 
319 
 720 1579 301 1029
 1391 3189 3190 2008 
320 
 1579 721 1029 299
 3189 1393 3191 2009 
321 
 301 1029 1030 1580
 2010 3192 2008 3194 
322 
 1029 299 1580 1026
 3192 2002 2009 3195 
323 
 1030 1580 300 1027
 2011 3193 3194 2004 
324 
 1580 1026 1027 106
 3193 2003 3195 2005 
325 
 308 1038 1037 1581
 2024 3196 2026 3198 
326 
 1038 307 1581 1036
 3196 2022 2027 3199 
327 
 1037 1581 275 1000
 2025 3197 3198 1950 
328 
 1581 1036 1000 153
 3197 2023 3199 1951 
329 
 305 1032 1031 1582
 2012 3200 2014 3202 
330 
 1032 308 1582 1037
 3200 2024 2015 3203 
331 
 1031 1582 154 870
 2013 3201 3202 1690 
332 
 1582 1037 870 275
 3201 2025 3203 1691 
333 
 111 795 794 1583
 1538 3204 1540 3206 
334 
 795 306 1583 1035
 3204 2020 1541 3207 
335 
 794 1583 305 1032
 1539 3205 3206 2014 
336 
 1583 1035 1032 308
 3205 2021 3207 2015 
337 
 306 1034 1035 1584
 2020 3208 2018 3210 
338 
 1034 131 1584 834
 3208 1618 2019 3211 
339 
 1035 1584 308 1038
 2021 3209 3210 2026 
340 
 1584 834 1038 307
 3209 1619 3211 2027 
341 
 312 1046 1047 1585
 2044 3212 2042 3214 
342 
 1046 245 1585 954
 3212 1858 2043 3215 
343 
 1047 1585 309 1039
 2045 3213 3214 2028 
344 
 1585 954 1039 146
 3213 1859 3215 2029 
345 
 310 1041 1040 1586
 2030 3216 2032 3218 
346 
 1041 312 1586 1047
 3216 2044 2033 3219 
347 
 1040 1586 174 902
 2031 3217 3218 1754 
348 
 1586 1047 902 309
 3217 2045 3219 1755 
349 
 112 800 799 1587
 1548 3220 1550 3222 
350 
 800 311 1587 1044
 3220 2038 1551 3223 
351 
 799 1587 310 1041
 1549 3221 3222 2032 
352 
 1587 1044 1041 312
 3221 2039 3223 2033 
353 
 311 1043 1044 1588
 2038 3224 2036 3226 
354 
 1043 123 1588 817
 3224 1584 2037 3227 
355 
 1044 1588 312 1046
 2039 3225 3226 2042 
356 
 1588 817 1046 245
 3225 1585 3227 2043 
357 
 320 1053 1054 1589
 2058 3228 2056 3230 
358 
 1053 177 1589 908
 3228 1766 2057 3231 
359 
 1054 1589 321 1056
 2059 3229 3230 2062 
360 
 1589 908 1056 317
 3229 1767 3231 2063 
361 
 321 1056 1057 1590
 2064 3232 2062 3234 
362 
 1056 317 1590 1048
 3232 2046 2063 3235 
363 
 1057 1590 318 1049
 2065 3233 3234 2048 
364 
 1590 1048 1049 181
 3233 2047 3235 2049 
365 
 319 1052 1051 1591
 2052 3236 2054 3238 
366 
 1052 321 1591 1057
 3236 2064 2055 3239 
367 
 1051 1591 162 884
 2053 3237 3238 1718 
368 
 1591 1057 884 318
 3237 2065 3239 1719 
369 
 161 882 881 1592
 1712 3240 1714 3242 
370 
 882 320 1592 1054
 3240 2058 1715 3243 
371 
 881 1592 319 1052
 1713 3241 3242 2054 
372 
 1592 1054 1052 321
 3241 2059 3243 2055 
373 
 120 814 815 1593
 1580 3244 1578 3246 
374 
 814 268 1593 987
 3244 1924 1579 3247 
375 
 815 1593 324 1059
 1581 3245 3246 2068 
376 
 1593 987 1059 325
 3245 1925 3247 2069 
377 
 268 986 987 1594
 1924 3248 1922 3250 
378 
 986 158 1594 879
 3248 1708 1923 3251 
379 
 987 1594 325 1060
 1925 3249 3250 2070 
380 
 1594 879 1060 322
 3249 1709 3251 2071 
381 
 334 1072 1073 1595
 2096 3252 2094 3254 
382 
 1072 331 1595 1065
 3252 2080 2095 3255 
383 
 1073 1595 332 1067
 2097 3253 3254 2084 
384 
 1595 1065 1067 197
 3253 2081 3255 2085 
385 
 333 1070 1069 1596
 2088 3256 2090 3258 
386 
 1070 334 1596 1073
 3256 2096 2091 3259 
387 
 1069 1596 164 888
 2089 3257 3258 1726 
388 
 1596 1073 888 332
 3257 2097 3259 1727 
389 
 344 1084 1083 1597
 2116 3260 2118 3262 
390 
 1084 343 1597 1081
 3260 2112 2119 3263 
391 
 1083 1597 340 1074
 2117 3261 3262 2098 
392 
 1597 1081 1074 152
 3261 2113 3263 2099 
393 
 341 1077 1076 1598
 2102 3264 2104 3266 
394 
 1077 344 1598 1083
 3264 2116 2105 3267 
395 
 1076 1598 176 905
 2103 3265 3266 1760 
396 
 1598 1083 905 340
 3265 2117 3267 1761 
397 
 97 764 763 1599
 1476 3268 1478 3270 
398 
 764 342 1599 1080
 3268 2110 1479 3271 
399 
 763 1599 341 1077
 1477 3269 3270 2104 
400 
 1599 1080 1077 344
 3269 2111 3271 2105 
401 
 342 1079 1080 1600
 2110 3272 2108 3274 
402 
 1079 129 1600 831
 3272 1612 2109 3275 
403 
 1080 1600 344 1084
 2111 3273 3274 2118 
404 
 1600 831 1084 343
 3273 1613 3275 2119 
405 
 347 1088 1089 1601
 2128 3276 2126 3278 
406 
 1088 108 1601 786
 3276 1522 2127 3279 
407 
 1089 1601 348 1091
 2129 3277 3278 2132 
408 
 1601 786 1091 345
 3277 1523 3279 2133 
409 
 348 1091 1092 1602
 2134 3280 2132 3282 
410 
 1091 345 1602 1085
 3280 2120 2133 3283 
411 
 1092 1602 346 1087
 2135 3281 3282 2124 
412 
 1602 1085 1087 127
 3281 2121 3283 2125 
413 
 47 686 685 1603
 1320 3284 1322 3286 
414 
 686 348 1603 1092
 3284 2134 1323 3287 
415 
 685 1603 46 684
 1321 3285 3286 1318 
416 
 1603 1092 684 346
 3285 2135 3287 1319 
417 
 48 689 687 1604
 1324 3288 1328 3290 
418 
 689 347 1604 1089
 3288 2128 1329 3291 
419 
 687 1604 47 686
 1325 3289 3290 1322 
420 
 1604 1089 686 348
 3289 2129 3291 1323 
421 
 351 1098 1097 1605
 2144 3292 2146 3294 
422 
 1098 350 1605 1095
 3292 2140 2147 3295 
423 
 1097 1605 219 938
 2145 3293 3294 1826 
424 
 1605 1095 938 109
 3293 2141 3295 1827 
425 
 349 1094 1093 1606
 2136 3296 2138 3298 
426 
 1094 351 1606 1097
 3296 2144 2139 3299 
427 
 1093 1606 125 823
 2137 3297 3298 1596 
428 
 1606 1097 823 219
 3297 2145 3299 1597 
429 
 92 753 754 1607
 1458 3300 1456 3302 
430 
 753 93 1607 756
 3300 1462 1457 3303 
431 
 754 1607 349 1094
 1459 3301 3302 2138 
432 
 1607 756 1094 351
 3301 1463 3303 2139 
433 
 93 755 756 1608
 1462 3304 1460 3306 
434 
 755 94 1608 758
 3304 1466 1461 3307 
435 
 756 1608 351 1098
 1463 3305 3306 2146 
436 
 1608 758 1098 350
 3305 1467 3307 2147 
437 
 300 1027 1028 1609
 2006 3308 2004 3310 
438 
 1027 106 1609 783
 3308 1516 2005 3311 
439 
 1028 1609 354 1104
 2007 3309 3310 2158 
440 
 1609 783 1104 352
 3309 1517 3311 2159 
441 
 354 1104 1103 1610
 2156 3312 2158 3314 
442 
 1104 352 1610 1099
 3312 2148 2159 3315 
443 
 1103 1610 295 1019
 2157 3313 3314 1988 
444 
 1610 1099 1019 122
 3313 2149 3315 1989 
445 
 353 1101 1100 1611
 2150 3316 2152 3318 
446 
 1101 354 1611 1103
 3316 2156 2153 3319 
447 
 1100 1611 138 849
 2151 3317 3318 1648 
448 
 1611 1103 849 295
 3317 2157 3319 1649 
449 
 110 791 792 1612
 1534 3320 1532 3322 
450 
 791 300 1612 1028
 3320 2006 1533 3323 
451 
 792 1612 353 1101
 1535 3321 3322 2152 
452 
 1612 1028 1101 354
 3321 2007 3323 2153 
453 
 362 1114 1115 1613
 2180 3324 2178 3326 
454 
 1114 52 1613 694
 3324 1338 2179 3327 
455 
 1115 1613 359 1107
 2181 3325 3326 2164 
456 
 1613 694 1107 53
 3325 1339 3327 2165 
457 
 360 1110 1109 1614
 2168 3328 2170 3330 
458 
 1110 362 1614 1115
 3328 2180 2171 3331 
459 
 1109 1614 128 828
 2169 3329 3330 1606 
460 
 1614 1115 828 359
 3329 2181 3331 1607 
461 
 108 788 787 1615
 1524 3332 1526 3334 
462 
 788 361 1615 1113
 3332 2176 1527 3335 
463 
 787 1615 360 1110
 1525 3333 3334 2170 
464 
 1615 1113 1110 362
 3333 2177 3335 2171 
465 
 361 1112 1113 1616
 2176 3336 2174 3338 
466 
 1112 51 1616 693
 3336 1336 2175 3339 
467 
 1113 1616 362 1114
 2177 3337 3338 2178 
468 
 1616 693 1114 52
 3337 1337 3339 2179 
469 
 365 1119 1120 1617
 2190 3340 2188 3342 
470 
 1119 103 1617 776
 3340 1502 2189 3343 
471 
 1120 1617 366 1122
 2191 3341 3342 2194 
472 
 1617 776 1122 363
 3341 1503 3343 2195 
473 
 366 1122 1123 1618
 2196 3344 2194 3346 
474 
 1122 363 1618 1116
 3344 2182 2195 3347 
475 
 1123 1618 364 1118
 2197 3345 3346 2186 
476 
 1618 1116 1118 131
 3345 2183 3347 2187 
477 
 87 743 742 1619
 1434 3348 1436 3350 
478 
 743 366 1619 1123
 3348 2196 1437 3351 
479 
 742 1619 86 741
 1435 3349 3350 1432 
480 
 1619 1123 741 364
 3349 2197 3351 1433 
481 
 88 746 744 1620
 1438 3352 1442 3354 
482 
 746 365 1620 1120
 3352 2190 1443 3355 
483 
 744 1620 87 743
 1439 3353 3354 1436 
484 
 1620 1120 743 366
 3353 2191 3355 1437 
485 
 192 928 927 1621
 1804 3356 1806 3358 
486 
 928 368 1621 1126
 3356 2202 1807 3359 
487 
 927 1621 367 1124
 1805 3357 3358 2198 
488 
 1621 1126 1124 370
 3357 2203 3359 2199 
489 
 368 1125 1126 1622
 2202 3360 2200 3362 
490 
 1125 177 1622 909
 3360 1768 2201 3363 
491 
 1126 1622 370 1130
 2203 3361 3362 2210 
492 
 1622 909 1130 369
 3361 1769 3363 2211 
493 
 370 1130 1129 1623
 2208 3364 2210 3366 
494 
 1130 369 1623 1128
 3364 2206 2211 3367 
495 
 1129 1623 281 1005
 2209 3365 3366 1960 
496 
 1623 1128 1005 166
 3365 2207 3367 1961 
497 
 373 1134 1135 1624
 2220 3368 2218 3370 
498 
 1134 150 1624 864
 3368 1678 2219 3371 
499 
 1135 1624 374 1137
 2221 3369 3370 2224 
500 
 1624 864 1137 256
 3369 1679 3371 2225 
501 
 374 1137 1138 1625
 2226 3372 2224 3374 
502 
 1137 256 1625 963
 3372 1876 2225 3375 
503 
 1138 1625 371 1131
 2227 3373 3374 2212 
504 
 1625 963 1131 151
 3373 1877 3375 2213 
505 
 372 1133 1132 1626
 2214 3376 2216 3378 
506 
 1133 374 1626 1138
 3376 2226 2217 3379 
507 
 1132 1626 181 916
 2215 3377 3378 1782 
508 
 1626 1138 916 371
 3377 2227 3379 1783 
509 
 168 893 892 1627
 1734 3380 1736 3382 
510 
 893 373 1627 1135
 3380 2220 1737 3383 
511 
 892 1627 372 1133
 1735 3381 3382 2216 
512 
 1627 1135 1133 374
 3381 2221 3383 2217 
513 
 378 1145 1146 1628
 2242 3384 2240 3386 
514 
 1145 375 1628 1139
 3384 2228 2241 3387 
515 
 1146 1628 376 1140
 2243 3385 3386 2230 
516 
 1628 1139 1140 167
 3385 2229 3387 2231 
517 
 377 1143 1142 1629
 2234 3388 2236 3390 
518 
 1143 378 1629 1146
 3388 2242 2237 3391 
519 
 1142 1629 172 897
 2235 3389 3390 1744 
520 
 1629 1146 897 376
 3389 2243 3391 1745 
521 
 129 832 831 1630
 1612 3392 1614 3394 
522 
 832 379 1630 1148
 3392 2246 1615 3395 
523 
 831 1630 343 1082
 1613 3393 3394 2114 
524 
 1630 1148 1082 382
 3393 2247 3395 2115 
525 
 379 1147 1148 1631
 2246 3396 2244 3398 
526 
 1147 101 1631 771
 3396 1492 2245 3399 
527 
 1148 1631 382 1153
 2247 3397 3398 2256 
528 
 1631 771 1153 380
 3397 1493 3399 2257 
529 
 382 1153 1154 1632
 2258 3400 2256 3402 
530 
 1153 380 1632 1149
 3400 2248 2257 3403 
531 
 1154 1632 381 1151
 2259 3401 3402 2252 
532 
 1632 1149 1151 155
 3401 2249 3403 2253 
533 
 343 1082 1081 1633
 2112 3404 2114 3406 
534 
 1082 382 1633 1154
 3404 2258 2115 3407 
535 
 1081 1633 152 868
 2113 3405 3406 1686 
536 
 1633 1154 868 381
 3405 2259 3407 1687 
537 
 150 866 865 1634
 1680 3408 1682 3410 
538 
 866 383 1634 1156
 3408 2262 1683 3411 
539 
 865 1634 257 967
 1681 3409 3410 1884 
540 
 1634 1156 967 386
 3409 2263 3411 1885 
541 
 383 1155 1156 1635
 2262 3412 2260 3414 
542 
 1155 175 1635 904
 3412 1758 2261 3415 
543 
 1156 1635 386 1160
 2263 3413 3414 2270 
544 
 1635 904 1160 384
 3413 1759 3415 2271 
545 
 386 1160 1161 1636
 2272 3416 2270 3418 
546 
 1160 384 1636 1157
 3416 2264 2271 3419 
547 
 1161 1636 385 1158
 2273 3417 3418 2266 
548 
 1636 1157 1158 114
 3417 2265 3419 2267 
549 
 257 967 965 1637
 1880 3420 1884 3422 
550 
 967 386 1637 1161
 3420 2272 1885 3423 
551 
 965 1637 126 825
 1881 3421 3422 1600 
552 
 1637 1161 825 385
 3421 2273 3423 1601 
553 
 94 757 758 1638
 1466 3424 1464 3426 
554 
 757 95 1638 760
 3424 1470 1465 3427 
555 
 758 1638 350 1096
 1467 3425 3426 2142 
556 
 1638 760 1096 388
 3425 1471 3427 2143 
557 
 95 759 760 1639
 1470 3428 1468 3430 
558 
 759 0 1639 625
 3428 1200 1469 3431 
559 
 760 1639 388 1164
 1471 3429 3430 2278 
560 
 1639 625 1164 4
 3429 1201 3431 2279 
561 
 388 1164 1165 1640
 2280 3432 2278 3434 
562 
 1164 4 1640 629
 3432 1208 2279 3435 
563 
 1165 1640 387 1162
 2281 3433 3434 2274 
564 
 1640 629 1162 5
 3433 1209 3435 2275 
565 
 350 1096 1095 1641
 2140 3436 2142 3438 
566 
 1096 388 1641 1165
 3436 2280 2143 3439 
567 
 1095 1641 109 790
 2141 3437 3438 1530 
568 
 1641 1165 790 387
 3437 2281 3439 1531 
569 
 391 1171 1170 1642
 2290 3440 2292 3442 
570 
 1171 390 1642 1168
 3440 2286 2293 3443 
571 
 1170 1642 379 1147
 2291 3441 3442 2244 
572 
 1642 1168 1147 101
 3441 2287 3443 2245 
573 
 389 1167 1166 1643
 2282 3444 2284 3446 
574 
 1167 391 1643 1170
 3444 2290 2285 3447 
575 
 1166 1643 129 832
 2283 3445 3446 1614 
576 
 1643 1170 832 379
 3445 2291 3447 1615 
577 
 40 672 673 1644
 1296 3448 1294 3450 
578 
 672 41 1644 675
 3448 1300 1295 3451 
579 
 673 1644 389 1167
 1297 3449 3450 2284 
580 
 1644 675 1167 391
 3449 1301 3451 2285 
581 
 41 674 675 1645
 1300 3452 1298 3454 
582 
 674 42 1645 677
 3452 1304 1299 3455 
583 
 675 1645 391 1171
 1301 3453 3454 2292 
584 
 1645 677 1171 390
 3453 1305 3455 2293 
585 
 395 1178 1179 1646
 2308 3456 2306 3458 
586 
 1178 259 1646 970
 3456 1890 2307 3459 
587 
 1179 1646 392 1172
 2309 3457 3458 2294 
588 
 1646 970 1172 100
 3457 1891 3459 2295 
589 
 393 1175 1174 1647
 2298 3460 2300 3462 
590 
 1175 395 1647 1179
 3460 2308 2301 3463 
591 
 1174 1647 139 851
 2299 3461 3462 1652 
592 
 1647 1179 851 392
 3461 2309 3463 1653 
593 
 124 821 820 1648
 1590 3464 1592 3466 
594 
 821 394 1648 1177
 3464 2304 1593 3467 
595 
 820 1648 393 1175
 1591 3465 3466 2300 
596 
 1648 1177 1175 395
 3465 2305 3467 2301 
597 
 394 1176 1177 1649
 2304 3468 2302 3470 
598 
 1176 151 1649 867
 3468 1684 2303 3471 
599 
 1177 1649 395 1178
 2305 3469 3470 2306 
600 
 1649 867 1178 259
 3469 1685 3471 2307 
601 
 398 1184 1185 1650
 2320 3472 2318 3474 
602 
 1184 161 1650 881
 3472 1712 2319 3475 
603 
 1185 1650 399 1187
 2321 3473 3474 2324 
604 
 1650 881 1187 319
 3473 1713 3475 2325 
605 
 399 1187 1188 1651
 2326 3476 2324 3478 
606 
 1187 319 1651 1051
 3476 2052 2325 3479 
607 
 1188 1651 396 1180
 2327 3477 3478 2310 
608 
 1651 1051 1180 162
 3477 2053 3479 2311 
609 
 397 1183 1182 1652
 2314 3480 2316 3482 
610 
 1183 399 1652 1188
 3480 2326 2317 3483 
611 
 1182 1652 136 843
 2315 3481 3482 1636 
612 
 1652 1188 843 396
 3481 2327 3483 1637 
613 
 113 802 801 1653
 1552 3484 1554 3486 
614 
 802 398 1653 1185
 3484 2320 1555 3487 
615 
 801 1653 397 1183
 1553 3485 3486 2316 
616 
 1653 1185 1183 399
 3485 2321 3487 2317 
617 
 402 1192 1193 1654
 2336 3488 2334 3490 
618 
 1192 104 1654 779
 3488 1508 2335 3491 
619 
 1193 1654 403 1196
 2337 3489 3490 2342 
620 
 1654 779 1196 400
 3489 1509 3491 2343 
621 
 403 1196 1195 1655
 2340 3492 2342 3494 
622 
 1196 400 1655 1189
 3492 2328 2343 3495 
623 
 1195 1655 322 1058
 2341 3493 3494 2066 
624 
 1655 1189 1058 147
 3493 2329 3495 2067 
625 
 401 1191 1190 1656
 2330 3496 2332 3498 
626 
 1191 403 1656 1195
 3496 2340 2333 3499 
627 
 1190 1656 158 879
 2331 3497 3498 1708 
628 
 1656 1195 879 322
 3497 2341 3499 1709 
629 
 128 830 829 1657
 1608 3500 1610 3502 
630 
 830 402 1657 1193
 3500 2336 1611 3503 
631 
 829 1657 401 1191
 1609 3501 3502 2332 
632 
 1657 1193 1191 403
 3501 2337 3503 2333 
633 
 404 1198 1197 1658
 2344 3504 2346 3506 
634 
 1198 407 1658 1203
 3504 2356 2347 3507 
635 
 1197 1658 173 901
 2345 3505 3506 1752 
636 
 1658 1203 901 241
 3505 2357 3507 1753 
637 
 172 899 898 1659
 1746 3508 1748 3510 
638 
 899 405 1659 1200
 3508 2350 1749 3511 
639 
 898 1659 404 1198
 1747 3509 3510 2346 
640 
 1659 1200 1198 407
 3509 2351 3511 2347 
641 
 405 1199 1200 1660
 2350 3512 2348 3514 
642 
 1199 156 1660 874
 3512 1698 2349 3515 
643 
 1200 1660 407 1204
 2351 3513 3514 2358 
644 
 1660 874 1204 406
 3513 1699 3515 2359 
645 
 407 1204 1203 1661
 2356 3516 2358 3518 
646 
 1204 406 1661 1202
 3516 2354 2359 3519 
647 
 1203 1661 241 948
 2357 3517 3518 1846 
648 
 1661 1202 948 121
 3517 2355 3519 1847 
649 
 155 873 872 1662
 1694 3520 1696 3522 
650 
 873 410 1662 1207
 3520 2364 1697 3523 
651 
 872 1662 409 1205
 1695 3521 3522 2360 
652 
 1662 1207 1205 411
 3521 2365 3523 2361 
653 
 410 1206 1207 1663
 2364 3524 2362 3526 
654 
 1206 120 1663 815
 3524 1580 2363 3527 
655 
 1207 1663 411 1208
 2365 3525 3526 2366 
656 
 1663 815 1208 324
 3525 1581 3527 2367 
657 
 414 1214 1213 1664
 2376 3528 2378 3530 
658 
 1214 413 1664 1211
 3528 2372 2379 3531 
659 
 1213 1664 26 644
 2377 3529 3530 1238 
660 
 1664 1211 644 25
 3529 2373 3531 1239 
661 
 27 646 645 1665
 1240 3532 1242 3534 
662 
 646 414 1665 1213
 3532 2376 1243 3535 
663 
 645 1665 1 626
 1241 3533 3534 1202 
664 
 1665 1213 626 26
 3533 2377 3535 1203 
665 
 28 648 647 1666
 1244 3536 1246 3538 
666 
 648 412 1666 1210
 3536 2370 1247 3539 
667 
 647 1666 27 646
 1245 3537 3538 1242 
668 
 1666 1210 646 414
 3537 2371 3539 1243 
669 
 412 1209 1210 1667
 2370 3540 2368 3542 
670 
 1209 118 1667 811
 3540 1572 2369 3543 
671 
 1210 1667 414 1214
 2371 3541 3542 2378 
672 
 1667 811 1214 413
 3541 1573 3543 2379 
673 
 74 718 716 1668
 1382 3544 1386 3546 
674 
 718 298 1668 1025
 3544 2000 1387 3547 
675 
 716 1668 73 715
 1383 3545 3546 1380 
676 
 1668 1025 715 416
 3545 2001 3547 1381 
677 
 298 1023 1025 1669
 2000 3548 1996 3550 
678 
 1023 110 1669 793
 3548 1536 1997 3551 
679 
 1025 1669 416 1218
 2001 3549 3550 2386 
680 
 1669 793 1218 415
 3549 1537 3551 2387 
681 
 416 1218 1217 1670
 2384 3552 2386 3554 
682 
 1218 415 1670 1215
 3552 2380 2387 3555 
683 
 1217 1670 72 713
 2385 3553 3554 1376 
684 
 1670 1215 713 71
 3553 2381 3555 1377 
685 
 73 715 714 1671
 1378 3556 1380 3558 
686 
 715 416 1671 1217
 3556 2384 1381 3559 
687 
 714 1671 2 627
 1379 3557 3558 1204 
688 
 1671 1217 627 72
 3557 2385 3559 1205 
689 
 417 1219 1220 1672
 2390 3560 2388 3562 
690 
 1219 116 1672 807
 3560 1564 2389 3563 
691 
 1220 1672 418 1221
 2391 3561 3562 2392 
692 
 1672 807 1221 269
 3561 1565 3563 2393 
693 
 418 1221 1222 1673
 2394 3564 2392 3566 
694 
 1221 269 1673 988
 3564 1926 2393 3567 
695 
 1222 1673 410 1206
 2395 3565 3566 2362 
696 
 1673 988 1206 120
 3565 1927 3567 2363 
697 
 380 1150 1149 1674
 2248 3568 2250 3570 
698 
 1150 418 1674 1222
 3568 2394 2251 3571 
699 
 1149 1674 155 873
 2249 3569 3570 1696 
700 
 1674 1222 873 410
 3569 2395 3571 1697 
701 
 101 772 771 1675
 1492 3572 1494 3574 
702 
 772 417 1675 1220
 3572 2390 1495 3575 
703 
 771 1675 380 1150
 1493 3573 3574 2250 
704 
 1675 1220 1150 418
 3573 2391 3575 2251 
705 
 318 1049 1050 1676
 2050 3576 2048 3578 
706 
 1049 181 1676 916
 3576 1782 2049 3579 
707 
 1050 1676 420 1225
 2051 3577 3578 2400 
708 
 1676 916 1225 371
 3577 1783 3579 2401 
709 
 420 1225 1226 1677
 2402 3580 2400 3582 
710 
 1225 371 1677 1131
 3580 2212 2401 3583 
711 
 1226 1677 394 1176
 2403 3581 3582 2302 
712 
 1677 1131 1176 151
 3581 2213 3583 2303 
713 
 419 1224 1223 1678
 2396 3584 2398 3586 
714 
 1224 420 1678 1226
 3584 2402 2399 3587 
715 
 1223 1678 124 821
 2397 3585 3586 1592 
716 
 1678 1226 821 394
 3585 2403 3587 1593 
717 
 162 884 885 1679
 1720 3588 1718 3590 
718 
 884 318 1679 1050
 3588 2050 1719 3591 
719 
 885 1679 419 1224
 1721 3589 3590 2398 
720 
 1679 1050 1224 420
 3589 2051 3591 2399 
721 
 423 1231 1230 1680
 2410 3592 2412 3594 
722 
 1231 422 1680 1229
 3592 2408 2413 3595 
723 
 1230 1680 369 1128
 2411 3593 3594 2206 
724 
 1680 1229 1128 166
 3593 2409 3595 2207 
725 
 320 1055 1053 1681
 2056 3596 2060 3598 
726 
 1055 423 1681 1230
 3596 2410 2061 3599 
727 
 1053 1681 177 909
 2057 3597 3598 1768 
728 
 1681 1230 909 369
 3597 2411 3599 1769 
729 
 161 883 882 1682
 1714 3600 1716 3602 
730 
 883 421 1682 1228
 3600 2406 1717 3603 
731 
 882 1682 320 1055
 1715 3601 3602 2060 
732 
 1682 1228 1055 423
 3601 2407 3603 2061 
733 
 421 1227 1228 1683
 2406 3604 2404 3606 
734 
 1227 142 1683 856
 3604 1662 2405 3607 
735 
 1228 1683 423 1231
 2407 3605 3606 2412 
736 
 1683 856 1231 422
 3605 1663 3607 2413 
737 
 425 1235 1236 1684
 2422 3608 2420 3610 
738 
 1235 115 1684 805
 3608 1560 2421 3611 
739 
 1236 1684 426 1237
 2423 3609 3610 2424 
740 
 1684 805 1237 265
 3609 1561 3611 2425 
741 
 426 1237 1238 1685
 2426 3612 2424 3614 
742 
 1237 265 1685 980
 3612 1910 2425 3615 
743 
 1238 1685 406 1202
 2427 3613 3614 2354 
744 
 1685 980 1202 121
 3613 1911 3615 2355 
745 
 424 1233 1232 1686
 2414 3616 2416 3618 
746 
 1233 426 1686 1238
 3616 2426 2417 3619 
747 
 1232 1686 156 874
 2415 3617 3618 1698 
748 
 1686 1238 874 406
 3617 2427 3619 1699 
749 
 103 778 777 1687
 1504 3620 1506 3622 
750 
 778 425 1687 1236
 3620 2422 1507 3623 
751 
 777 1687 424 1233
 1505 3621 3622 2416 
752 
 1687 1236 1233 426
 3621 2423 3623 2417 
753 
 428 1240 1241 1688
 2432 3624 2430 3626 
754 
 1240 276 1688 1001
 3624 1952 2431 3627 
755 
 1241 1688 427 1239
 2433 3625 3626 2428 
756 
 1688 1001 1239 153
 3625 1953 3627 2429 
757 
 405 1201 1199 1689
 2348 3628 2352 3630 
758 
 1201 428 1689 1241
 3628 2432 2353 3631 
759 
 1199 1689 156 875
 2349 3629 3630 1700 
760 
 1689 1241 875 427
 3629 2433 3631 1701 
761 
 172 897 899 1690
 1748 3632 1744 3634 
762 
 897 376 1690 1141
 3632 2232 1745 3635 
763 
 899 1690 405 1201
 1749 3633 3634 2352 
764 
 1690 1141 1201 428
 3633 2233 3635 2353 
765 
 376 1140 1141 1691
 2232 3636 2230 3638 
766 
 1140 167 1691 891
 3636 1732 2231 3639 
767 
 1141 1691 428 1240
 2233 3637 3638 2430 
768 
 1691 891 1240 276
 3637 1733 3639 2431 
769 
 431 1246 1247 1692
 2444 3640 2442 3642 
770 
 1246 146 1692 860
 3640 1670 2443 3643 
771 
 1247 1692 432 1248
 2445 3641 3642 2446 
772 
 1692 860 1248 244
 3641 1671 3643 2447 
773 
 432 1248 1249 1693
 2448 3644 2446 3646 
774 
 1248 244 1693 953
 3644 1856 2447 3647 
775 
 1249 1693 429 1242
 2449 3645 3646 2434 
776 
 1693 953 1242 148
 3645 1857 3647 2435 
777 
 430 1245 1244 1694
 2438 3648 2440 3650 
778 
 1245 432 1694 1249
 3648 2448 2441 3651 
779 
 1244 1694 182 917
 2439 3649 3650 1784 
780 
 1694 1249 917 429
 3649 2449 3651 1785 
781 
 170 896 895 1695
 1740 3652 1742 3654 
782 
 896 431 1695 1247
 3652 2444 1743 3655 
783 
 895 1695 430 1245
 1741 3653 3654 2440 
784 
 1695 1247 1245 432
 3653 2445 3655 2441 
785 
 363 1117 1116 1696
 2182 3656 2184 3658 
786 
 1117 433 1696 1250
 3656 2450 2185 3659 
787 
 1116 1696 131 834
 2183 3657 3658 1618 
788 
 1696 1250 834 307
 3657 2451 3659 1619 
789 
 103 777 776 1697
 1502 3660 1504 3662 
790 
 777 424 1697 1234
 3660 2418 1505 3663 
791 
 776 1697 363 1117
 1503 3661 3662 2184 
792 
 1697 1234 1117 433
 3661 2419 3663 2185 
793 
 424 1232 1234 1698
 2418 3664 2414 3666 
794 
 1232 156 1698 875
 3664 1700 2415 3667 
795 
 1234 1698 433 1251
 2419 3665 3666 2452 
796 
 1698 875 1251 427
 3665 1701 3667 2453 
797 
 433 1251 1250 1699
 2450 3668 2452 3670 
798 
 1251 427 1699 1239
 3668 2428 2453 3671 
799 
 1250 1699 307 1036
 2451 3669 3670 2022 
800 
 1699 1239 1036 153
 3669 2429 3671 2023 
801 
 178 910 911 1700
 1772 3672 1770 3674 
802 
 910 434 1700 1253
 3672 2456 1771 3675 
803 
 911 1700 437 1258
 1773 3673 3674 2466 
804 
 1700 1253 1258 438
 3673 2457 3675 2467 
805 
 434 1252 1253 1701
 2456 3676 2454 3678 
806 
 1252 182 1701 918
 3676 1786 2455 3679 
807 
 1253 1701 438 1259
 2457 3677 3678 2468 
808 
 1701 918 1259 435
 3677 1787 3679 2469 
809 
 438 1259 1260 1702
 2470 3680 2468 3682 
810 
 1259 435 1702 1254
 3680 2458 2469 3683 
811 
 1260 1702 436 1256
 2471 3681 3682 2462 
812 
 1702 1254 1256 160
 3681 2459 3683 2463 
813 
 437 1258 1257 1703
 2464 3684 2466 3686 
814 
 1258 438 1703 1260
 3684 2470 2467 3687 
815 
 1257 1703 144 858
 2465 3685 3686 1666 
816 
 1703 1260 858 436
 3685 2471 3687 1667 
817 
 443 1264 1263 1704
 2476 3688 2478 3690 
818 
 1264 442 1704 1261
 3688 2472 2479 3691 
819 
 1263 1704 425 1235
 2477 3689 3690 2420 
820 
 1704 1261 1235 115
 3689 2473 3691 2421 
821 
 365 1121 1119 1705
 2188 3692 2192 3694 
822 
 1121 443 1705 1263
 3692 2476 2193 3695 
823 
 1119 1705 103 778
 2189 3693 3694 1506 
824 
 1705 1263 778 425
 3693 2477 3695 1507 
825 
 88 745 746 1706
 1442 3696 1440 3698 
826 
 745 89 1706 748
 3696 1446 1441 3699 
827 
 746 1706 365 1121
 1443 3697 3698 2192 
828 
 1706 748 1121 443
 3697 1447 3699 2193 
829 
 89 747 748 1707
 1446 3700 1444 3702 
830 
 747 90 1707 750
 3700 1450 1445 3703 
831 
 748 1707 443 1264
 1447 3701 3702 2478 
832 
 1707 750 1264 442
 3701 1451 3703 2479 
833 
 445 1266 1267 1708
 2484 3704 2482 3706 
834 
 1266 296 1708 1020
 3704 1990 2483 3707 
835 
 1267 1708 444 1265
 2485 3705 3706 2480 
836 
 1708 1020 1265 122
 3705 1991 3707 2481 
837 
 435 1255 1254 1709
 2458 3708 2460 3710 
838 
 1255 445 1709 1267
 3708 2484 2461 3711 
839 
 1254 1709 160 880
 2459 3709 3710 1710 
840 
 1709 1267 880 444
 3709 2485 3711 1711 
841 
 182 917 918 1710
 1786 3712 1784 3714 
842 
 917 429 1710 1243
 3712 2436 1785 3715 
843 
 918 1710 435 1255
 1787 3713 3714 2460 
844 
 1710 1243 1255 445
 3713 2437 3715 2461 
845 
 429 1242 1243 1711
 2436 3716 2434 3718 
846 
 1242 148 1711 861
 3716 1672 2435 3719 
847 
 1243 1711 445 1266
 2437 3717 3718 2482 
848 
 1711 861 1266 296
 3717 1673 3719 2483 
849 
 390 1169 1168 1712
 2286 3720 2288 3722 
850 
 1169 447 1712 1270
 3720 2490 2289 3723 
851 
 1168 1712 101 772
 2287 3721 3722 1494 
852 
 1712 1270 772 417
 3721 2491 3723 1495 
853 
 42 676 677 1713
 1304 3724 1302 3726 
854 
 676 43 1713 679
 3724 1308 1303 3727 
855 
 677 1713 390 1169
 1305 3725 3726 2288 
856 
 1713 679 1169 447
 3725 1309 3727 2289 
857 
 43 678 679 1714
 1308 3728 1306 3730 
858 
 678 44 1714 681
 3728 1312 1307 3731 
859 
 679 1714 447 1271
 1309 3729 3730 2492 
860 
 1714 681 1271 446
 3729 1313 3731 2493 
861 
 447 1271 1270 1715
 2490 3732 2492 3734 
862 
 1271 446 1715 1268
 3732 2486 2493 3735 
863 
 1270 1715 417 1219
 2491 3733 3734 2388 
864 
 1715 1268 1219 116
 3733 2487 3735 2389 
865 
 448 1272 1273 1716
 2496 3736 2494 3738 
866 
 1272 50 1716 692
 3736 1334 2495 3739 
867 
 1273 1716 361 1112
 2497 3737 3738 2174 
868 
 1716 692 1112 51
 3737 1335 3739 2175 
869 
 347 1090 1088 1717
 2126 3740 2130 3742 
870 
 1090 448 1717 1273
 3740 2496 2131 3743 
871 
 1088 1717 108 788
 2127 3741 3742 1526 
872 
 1717 1273 788 361
 3741 2497 3743 1527 
873 
 48 688 689 1718
 1328 3744 1326 3746 
874 
 688 49 1718 691
 3744 1332 1327 3747 
875 
 689 1718 347 1090
 1329 3745 3746 2130 
876 
 1718 691 1090 448
 3745 1333 3747 2131 
877 
 49 690 691 1719
 1332 3748 1330 3750 
878 
 690 3 1719 628
 3748 1206 1331 3751 
879 
 691 1719 448 1272
 1333 3749 3750 2494 
880 
 1719 628 1272 50
 3749 1207 3751 2495 
881 
 446 1269 1268 1720
 2486 3752 2488 3754 
882 
 1269 449 1720 1274
 3752 2498 2489 3755 
883 
 1268 1720 116 808
 2487 3753 3754 1566 
884 
 1720 1274 808 270
 3753 2499 3755 1567 
885 
 44 680 681 1721
 1312 3756 1310 3758 
886 
 680 45 1721 683
 3756 1316 1311 3759 
887 
 681 1721 446 1269
 1313 3757 3758 2488 
888 
 1721 683 1269 449
 3757 1317 3759 2489 
889 
 45 682 683 1722
 1316 3760 1314 3762 
890 
 682 46 1722 684
 3760 1318 1315 3763 
891 
 683 1722 449 1275
 1317 3761 3762 2500 
892 
 1722 684 1275 346
 3761 1319 3763 2501 
893 
 449 1275 1274 1723
 2498 3764 2500 3766 
894 
 1275 346 1723 1087
 3764 2124 2501 3767 
895 
 1274 1723 270 990
 2499 3765 3766 1930 
896 
 1723 1087 990 127
 3765 2125 3767 1931 
897 
 345 1086 1085 1724
 2120 3768 2122 3770 
898 
 1086 450 1724 1276
 3768 2502 2123 3771 
899 
 1085 1724 127 827
 2121 3769 3770 1604 
900 
 1724 1276 827 271
 3769 2503 3771 1605 
901 
 108 787 786 1725
 1522 3772 1524 3774 
902 
 787 360 1725 1111
 3772 2172 1525 3775 
903 
 786 1725 345 1086
 1523 3773 3774 2122 
904 
 1725 1111 1086 450
 3773 2173 3775 2123 
905 
 360 1109 1111 1726
 2172 3776 2168 3778 
906 
 1109 128 1726 829
 3776 1608 2169 3779 
907 
 1111 1726 450 1277
 2173 3777 3778 2504 
908 
 1726 829 1277 401
 3777 1609 3779 2505 
909 
 450 1277 1276 1727
 2502 3780 2504 3782 
910 
 1277 401 1727 1190
 3780 2330 2505 3783 
911 
 1276 1727 271 992
 2503 3781 3782 1934 
912 
 1727 1190 992 158
 3781 2331 3783 1935 
913 
 442 1262 1261 1728
 2472 3784 2474 3786 
914 
 1262 454 1728 1278
 3784 2506 2475 3787 
915 
 1261 1728 115 806
 2473 3785 3786 1562 
916 
 1728 1278 806 266
 3785 2507 3787 1563 
917 
 90 749 750 1729
 1450 3788 1448 3790 
918 
 749 91 1729 752
 3788 1454 1449 3791 
919 
 750 1729 442 1262
 1451 3789 3790 2474 
920 
 1729 752 1262 454
 3789 1455 3791 2475 
921 
 91 751 752 1730
 1454 3792 1452 3794 
922 
 751 92 1730 754
 3792 1458 1453 3795 
923 
 752 1730 454 1279
 1455 3793 3794 2508 
924 
 1730 754 1279 349
 3793 1459 3795 2509 
925 
 454 1279 1278 1731
 2506 3796 2508 3798 
926 
 1279 349 1731 1093
 3796 2136 2509 3799 
927 
 1278 1731 266 982
 2507 3797 3798 1914 
928 
 1731 1093 982 125
 3797 2137 3799 1915 
929 
 377 1142 1144 1732
 2238 3800 2234 3802 
930 
 1142 172 1732 898
 3800 1746 2235 3803 
931 
 1144 1732 456 1282
 2239 3801 3802 2514 
932 
 1732 898 1282 404
 3801 1747 3803 2515 
933 
 456 1282 1283 1733
 2516 3804 2514 3806 
934 
 1282 404 1733 1197
 3804 2344 2515 3807 
935 
 1283 1733 455 1280
 2517 3805 3806 2510 
936 
 1733 1197 1280 173
 3805 2345 3807 2511 
937 
 331 1066 1065 1734
 2080 3808 2082 3810 
938 
 1066 456 1734 1283
 3808 2516 2083 3811 
939 
 1065 1734 197 933
 2081 3809 3810 1816 
940 
 1734 1283 933 455
 3809 2517 3811 1817 
941 
 196 932 931 1735
 1812 3812 1814 3814 
942 
 932 377 1735 1144
 3812 2238 1815 3815 
943 
 931 1735 331 1066
 1813 3813 3814 2082 
944 
 1735 1144 1066 456
 3813 2239 3815 2083 
945 
 459 1288 1287 1736
 2524 3816 2526 3818 
946 
 1288 458 1736 1286
 3816 2522 2527 3819 
947 
 1287 1736 383 1155
 2525 3817 3818 2260 
948 
 1736 1286 1155 175
 3817 2523 3819 2261 
949 
 373 1136 1134 1737
 2218 3820 2222 3822 
950 
 1136 459 1737 1287
 3820 2524 2223 3823 
951 
 1134 1737 150 866
 2219 3821 3822 1682 
952 
 1737 1287 866 383
 3821 2525 3823 1683 
953 
 168 894 893 1738
 1736 3824 1738 3826 
954 
 894 457 1738 1285
 3824 2520 1739 3827 
955 
 893 1738 373 1136
 1737 3825 3826 2222 
956 
 1738 1285 1136 459
 3825 2521 3827 2223 
957 
 457 1284 1285 1739
 2520 3828 2518 3830 
958 
 1284 184 1739 919
 3828 1788 2519 3831 
959 
 1285 1739 459 1288
 2521 3829 3830 2526 
960 
 1739 919 1288 458
 3829 1789 3831 2527 
961 
 123 819 818 1740
 1586 3832 1588 3834 
962 
 819 463 1740 1290
 3832 2530 1589 3835 
963 
 818 1740 246 958
 1587 3833 3834 1866 
964 
 1740 1290 958 465
 3833 2531 3835 1867 
965 
 463 1289 1290 1741
 2530 3836 2528 3838 
966 
 1289 65 1741 707
 3836 1364 2529 3839 
967 
 1290 1741 465 1293
 2531 3837 3838 2536 
968 
 1741 707 1293 66
 3837 1365 3839 2537 
969 
 465 1293 1294 1742
 2538 3840 2536 3842 
970 
 1293 66 1742 708
 3840 1366 2537 3843 
971 
 1294 1742 464 1291
 2539 3841 3842 2532 
972 
 1742 708 1291 67
 3841 1367 3843 2533 
973 
 246 958 956 1743
 1862 3844 1866 3846 
974 
 958 465 1743 1294
 3844 2538 1867 3847 
975 
 956 1743 102 775
 1863 3845 3846 1500 
976 
 1743 1294 775 464
 3845 2539 3847 1501 
977 
 294 1018 1016 1744
 1982 3848 1986 3850 
978 
 1018 467 1744 1297
 3848 2544 1987 3851 
979 
 1016 1744 138 850
 1983 3849 3850 1650 
980 
 1744 1297 850 466
 3849 2545 3851 1651 
981 
 102 775 774 1745
 1498 3852 1500 3854 
982 
 775 464 1745 1292
 3852 2534 1501 3855 
983 
 774 1745 294 1018
 1499 3853 3854 1986 
984 
 1745 1292 1018 467
 3853 2535 3855 1987 
985 
 464 1291 1292 1746
 2534 3856 2532 3858 
986 
 1291 67 1746 709
 3856 1368 2533 3859 
987 
 1292 1746 467 1296
 2535 3857 3858 2542 
988 
 1746 709 1296 68
 3857 1369 3859 2543 
989 
 467 1296 1297 1747
 2544 3860 2542 3862 
990 
 1296 68 1747 710
 3860 1370 2543 3863 
991 
 1297 1747 466 1295
 2545 3861 3862 2540 
992 
 1747 710 1295 69
 3861 1371 3863 2541 
993 
 468 1299 1298 1748
 2546 3864 2548 3866 
994 
 1299 472 1748 1306
 3864 2562 2549 3867 
995 
 1298 1748 135 841
 2547 3865 3866 1632 
996 
 1748 1306 841 471
 3865 2563 3867 1633 
997 
 96 762 761 1749
 1472 3868 1474 3870 
998 
 762 469 1749 1301
 3868 2552 1475 3871 
999 
 761 1749 468 1299
 1473 3869 3870 2548 
1000 
 1749 1301 1299 472
 3869 2553 3871 2549 
1001 
 469 1300 1301 1750
 2552 3872 2550 3874 
1002 
 1300 119 1750 813
 3872 1576 2551 3875 
1003 
 1301 1750 472 1305
 2553 3873 3874 2560 
1004 
 1750 813 1305 470
 3873 1577 3875 2561 
1005 
 472 1305 1306 1751
 2562 3876 2560 3878 
1006 
 1305 470 1751 1302
 3876 2554 2561 3879 
1007 
 1306 1751 471 1303
 2563 3877 3878 2556 
1008 
 1751 1302 1303 144
 3877 2555 3879 2557 
1009 
 38 668 669 1752
 1288 3880 1286 3882 
1010 
 668 39 1752 671
 3880 1292 1287 3883 
1011 
 669 1752 473 1308
 1289 3881 3882 2566 
1012 
 1752 671 1308 474
 3881 1293 3883 2567 
1013 
 39 670 671 1753
 1292 3884 1290 3886 
1014 
 670 40 1753 673
 3884 1296 1291 3887 
1015 
 671 1753 474 1311
 1293 3885 3886 2572 
1016 
 1753 673 1311 389
 3885 1297 3887 2573 
1017 
 474 1311 1310 1754
 2570 3888 2572 3890 
1018 
 1311 389 1754 1166
 3888 2282 2573 3891 
1019 
 1310 1754 342 1079
 2571 3889 3890 2108 
1020 
 1754 1166 1079 129
 3889 2283 3891 2109 
1021 
 473 1308 1307 1755
 2564 3892 2566 3894 
1022 
 1308 474 1755 1310
 3892 2570 2567 3895 
1023 
 1307 1755 97 764
 2565 3893 3894 1478 
1024 
 1755 1310 764 342
 3893 2571 3895 1479 
1025 
 476 1312 1313 1756
 2576 3896 2574 3898 
1026 
 1312 174 1756 902
 3896 1754 2575 3899 
1027 
 1313 1756 477 1314
 2577 3897 3898 2578 
1028 
 1756 902 1314 309
 3897 1755 3899 2579 
1029 
 477 1314 1315 1757
 2580 3900 2578 3902 
1030 
 1314 309 1757 1039
 3900 2028 2579 3903 
1031 
 1315 1757 431 1246
 2581 3901 3902 2442 
1032 
 1757 1039 1246 146
 3901 2029 3903 2443 
1033 
 261 974 973 1758
 1896 3904 1898 3906 
1034 
 974 480 1758 1320
 3904 2590 1899 3907 
1035 
 973 1758 184 919
 1897 3905 3906 1788 
1036 
 1758 1320 919 458
 3905 2591 3907 1789 
1037 
 188 921 920 1759
 1790 3908 1792 3910 
1038 
 921 478 1759 1317
 3908 2584 1793 3911 
1039 
 920 1759 261 974
 1791 3909 3910 1898 
1040 
 1759 1317 974 480
 3909 2585 3911 1899 
1041 
 478 1316 1317 1760
 2584 3912 2582 3914 
1042 
 1316 141 1760 854
 3912 1658 2583 3915 
1043 
 1317 1760 480 1321
 2585 3913 3914 2592 
1044 
 1760 854 1321 479
 3913 1659 3915 2593 
1045 
 480 1321 1320 1761
 2590 3916 2592 3918 
1046 
 1321 479 1761 1318
 3916 2586 2593 3919 
1047 
 1320 1761 458 1286
 2591 3917 3918 2522 
1048 
 1761 1318 1286 175
 3917 2587 3919 2523 
1049 
 81 731 730 1762
 1410 3920 1412 3922 
1050 
 731 483 1762 1327
 3920 2604 1413 3923 
1051 
 730 1762 80 729
 1411 3921 3922 1408 
1052 
 1762 1327 729 482
 3921 2605 3923 1409 
1053 
 82 733 732 1763
 1414 3924 1416 3926 
1054 
 733 481 1763 1323
 3924 2596 1417 3927 
1055 
 732 1763 81 731
 1415 3925 3926 1412 
1056 
 1763 1323 731 483
 3925 2597 3927 1413 
1057 
 481 1322 1323 1764
 2596 3928 2594 3930 
1058 
 1322 96 1764 761
 3928 1472 2595 3931 
1059 
 1323 1764 483 1326
 2597 3929 3930 2602 
1060 
 1764 761 1326 468
 3929 1473 3931 2603 
1061 
 483 1326 1327 1765
 2604 3932 2602 3934 
1062 
 1326 468 1765 1298
 3932 2546 2603 3935 
1063 
 1327 1765 482 1324
 2605 3933 3934 2598 
1064 
 1765 1298 1324 135
 3933 2547 3935 2599 
1065 
 485 1330 1331 1766
 2612 3936 2610 3938 
1066 
 1330 189 1766 922
 3936 1794 2611 3939 
1067 
 1331 1766 486 1333
 2613 3937 3938 2616 
1068 
 1766 922 1333 278
 3937 1795 3939 2617 
1069 
 486 1333 1334 1767
 2618 3940 2616 3942 
1070 
 1333 278 1767 1004
 3940 1958 2617 3943 
1071 
 1334 1767 422 1229
 2619 3941 3942 2408 
1072 
 1767 1004 1229 166
 3941 1959 3943 2409 
1073 
 484 1329 1328 1768
 2606 3944 2608 3946 
1074 
 1329 486 1768 1334
 3944 2618 2609 3947 
1075 
 1328 1768 142 856
 2607 3945 3946 1662 
1076 
 1768 1334 856 422
 3945 2619 3947 1663 
1077 
 176 907 906 1769
 1762 3948 1764 3950 
1078 
 907 485 1769 1331
 3948 2612 1765 3951 
1079 
 906 1769 484 1329
 1763 3949 3950 2608 
1080 
 1769 1331 1329 486
 3949 2613 3951 2609 
1081 
 84 737 738 1770
 1426 3952 1424 3954 
1082 
 737 85 1770 740
 3952 1430 1425 3955 
1083 
 738 1770 487 1336
 1427 3953 3954 2622 
1084 
 1770 740 1336 488
 3953 1431 3955 2623 
1085 
 85 739 740 1771
 1430 3956 1428 3958 
1086 
 739 86 1771 741
 3956 1432 1429 3959 
1087 
 740 1771 488 1339
 1431 3957 3958 2628 
1088 
 1771 741 1339 364
 3957 1433 3959 2629 
1089 
 488 1339 1338 1772
 2626 3960 2628 3962 
1090 
 1339 364 1772 1118
 3960 2186 2629 3963 
1091 
 1338 1772 306 1034
 2627 3961 3962 2018 
1092 
 1772 1118 1034 131
 3961 2187 3963 2019 
1093 
 487 1336 1335 1773
 2620 3964 2622 3966 
1094 
 1336 488 1773 1338
 3964 2626 2623 3967 
1095 
 1335 1773 111 795
 2621 3965 3966 1540 
1096 
 1773 1338 795 306
 3965 2627 3967 1541 
1097 
 489 1340 1341 1774
 2632 3968 2630 3970 
1098 
 1340 64 1774 706
 3968 1362 2631 3971 
1099 
 1341 1774 463 1289
 2633 3969 3970 2528 
1100 
 1774 706 1289 65
 3969 1363 3971 2529 
1101 
 311 1045 1043 1775
 2036 3972 2040 3974 
1102 
 1045 489 1775 1341
 3972 2632 2041 3975 
1103 
 1043 1775 123 819
 2037 3973 3974 1588 
1104 
 1775 1341 819 463
 3973 2633 3975 1589 
1105 
 112 797 800 1776
 1550 3976 1544 3978 
1106 
 797 290 1776 1008
 3976 1966 1545 3979 
1107 
 800 1776 311 1045
 1551 3977 3978 2040 
1108 
 1776 1008 1045 489
 3977 1967 3979 2041 
1109 
 290 1006 1008 1777
 1966 3980 1962 3982 
1110 
 1006 63 1777 705
 3980 1360 1963 3983 
1111 
 1008 1777 489 1340
 1967 3981 3982 2630 
1112 
 1777 705 1340 64
 3981 1361 3983 2631 
1113 
 176 905 907 1778
 1764 3984 1760 3986 
1114 
 905 340 1778 1075
 3984 2100 1761 3987 
1115 
 907 1778 485 1332
 1765 3985 3986 2614 
1116 
 1778 1075 1332 492
 3985 2101 3987 2615 
1117 
 340 1074 1075 1779
 2100 3988 2098 3990 
1118 
 1074 152 1779 869
 3988 1688 2099 3991 
1119 
 1075 1779 492 1343
 2101 3989 3990 2636 
1120 
 1779 869 1343 490
 3989 1689 3991 2637 
1121 
 485 1332 1330 1780
 2610 3992 2614 3994 
1122 
 1332 492 1780 1344
 3992 2638 2615 3995 
1123 
 1330 1780 189 923
 2611 3993 3994 1796 
1124 
 1780 1344 923 491
 3993 2639 3995 1797 
1125 
 126 826 824 1781
 1598 3996 1602 3998 
1126 
 826 493 1781 1346
 3996 2642 1603 3999 
1127 
 824 1781 258 969
 1599 3997 3998 1888 
1128 
 1781 1346 969 495
 3997 2643 3999 1889 
1129 
 493 1345 1346 1782
 2642 4000 2640 4002 
1130 
 1345 19 1782 638
 4000 1226 2641 4003 
1131 
 1346 1782 495 1349
 2643 4001 4002 2648 
1132 
 1782 638 1349 20
 4001 1227 4003 2649 
1133 
 495 1349 1350 1783
 2650 4004 2648 4006 
1134 
 1349 20 1783 639
 4004 1228 2649 4007 
1135 
 1350 1783 494 1348
 2651 4005 4006 2646 
1136 
 1783 639 1348 21
 4005 1229 4007 2647 
1137 
 258 969 968 1784
 1886 4008 1888 4010 
1138 
 969 495 1784 1350
 4008 2650 1889 4011 
1139 
 968 1784 100 770
 1887 4009 4010 1490 
1140 
 1784 1350 770 494
 4009 2651 4011 1491 
1141 
 139 851 852 1785
 1654 4012 1652 4014 
1142 
 851 392 1785 1173
 4012 2296 1653 4015 
1143 
 852 1785 496 1352
 1655 4013 4014 2654 
1144 
 1785 1173 1352 497
 4013 2297 4015 2655 
1145 
 392 1172 1173 1786
 2296 4016 2294 4018 
1146 
 1172 100 1786 770
 4016 1490 2295 4019 
1147 
 1173 1786 497 1354
 2297 4017 4018 2658 
1148 
 1786 770 1354 494
 4017 1491 4019 2659 
1149 
 497 1354 1353 1787
 2656 4020 2658 4022 
1150 
 1354 494 1787 1348
 4020 2646 2659 4023 
1151 
 1353 1787 22 640
 2657 4021 4022 1230 
1152 
 1787 1348 640 21
 4021 2647 4023 1231 
1153 
 496 1352 1351 1788
 2652 4024 2654 4026 
1154 
 1352 497 1788 1353
 4024 2656 2655 4027 
1155 
 1351 1788 23 641
 2653 4025 4026 1232 
1156 
 1788 1353 641 22
 4025 2657 4027 1233 
1157 
 504 1362 1361 1789
 2672 4028 2674 4030 
1158 
 1362 503 1789 1360
 4028 2670 2675 4031 
1159 
 1361 1789 421 1227
 2673 4029 4030 2404 
1160 
 1789 1360 1227 142
 4029 2671 4031 2405 
1161 
 398 1186 1184 1790
 2318 4032 2322 4034 
1162 
 1186 504 1790 1361
 4032 2672 2323 4035 
1163 
 1184 1790 161 883
 2319 4033 4034 1716 
1164 
 1790 1361 883 421
 4033 2673 4035 1717 
1165 
 113 803 802 1791
 1554 4036 1556 4038 
1166 
 803 502 1791 1359
 4036 2668 1557 4039 
1167 
 802 1791 398 1186
 1555 4037 4038 2322 
1168 
 1791 1359 1186 504
 4037 2669 4039 2323 
1169 
 502 1358 1359 1792
 2668 4040 2666 4042 
1170 
 1358 130 1792 833
 4040 1616 2667 4043 
1171 
 1359 1792 504 1362
 2669 4041 4042 2674 
1172 
 1792 833 1362 503
 4041 1617 4043 2675 
1173 
 512 1365 1364 1793
 2678 4044 2680 4046 
1174 
 1365 466 1793 1295
 4044 2540 2681 4047 
1175 
 1364 1793 70 711
 2679 4045 4046 1372 
1176 
 1793 1295 711 69
 4045 2541 4047 1373 
1177 
 415 1216 1215 1794
 2380 4048 2382 4050 
1178 
 1216 512 1794 1364
 4048 2678 2383 4051 
1179 
 1215 1794 71 712
 2381 4049 4050 1374 
1180 
 1794 1364 712 70
 4049 2679 4051 1375 
1181 
 110 792 793 1795
 1536 4052 1534 4054 
1182 
 792 353 1795 1102
 4052 2154 1535 4055 
1183 
 793 1795 415 1216
 1537 4053 4054 2382 
1184 
 1795 1102 1216 512
 4053 2155 4055 2383 
1185 
 353 1100 1102 1796
 2154 4056 2150 4058 
1186 
 1100 138 1796 850
 4056 1650 2151 4059 
1187 
 1102 1796 512 1365
 2155 4057 4058 2680 
1188 
 1796 850 1365 466
 4057 1651 4059 2681 
1189 
 515 1370 1371 1797
 2692 4060 2690 4062 
1190 
 1370 240 1797 946
 4060 1842 2691 4063 
1191 
 1371 1797 513 1366
 2693 4061 4062 2682 
1192 
 1797 946 1366 149
 4061 1843 4063 2683 
1193 
 514 1369 1368 1798
 2686 4064 2688 4066 
1194 
 1369 515 1798 1371
 4064 2692 2689 4067 
1195 
 1368 1798 179 912
 2687 4065 4066 1774 
1196 
 1798 1371 912 513
 4065 2693 4067 1775 
1197 
 197 933 934 1799
 1818 4068 1816 4070 
1198 
 933 455 1799 1281
 4068 2512 1817 4071 
1199 
 934 1799 514 1369
 1819 4069 4070 2688 
1200 
 1799 1281 1369 515
 4069 2513 4071 2689 
1201 
 455 1280 1281 1800
 2512 4072 2510 4074 
1202 
 1280 173 1800 900
 4072 1750 2511 4075 
1203 
 1281 1800 515 1370
 2513 4073 4074 2690 
1204 
 1800 900 1370 240
 4073 1751 4075 2691 
1205 
 152 868 869 1801
 1688 4076 1686 4078 
1206 
 868 381 1801 1152
 4076 2254 1687 4079 
1207 
 869 1801 490 1342
 1689 4077 4078 2634 
1208 
 1801 1152 1342 516
 4077 2255 4079 2635 
1209 
 381 1151 1152 1802
 2254 4080 2252 4082 
1210 
 1151 155 1802 872
 4080 1694 2253 4083 
1211 
 1152 1802 516 1372
 2255 4081 4082 2694 
1212 
 1802 872 1372 409
 4081 1695 4083 2695 
1213 
 473 1307 1309 1803
 2568 4084 2564 4086 
1214 
 1307 97 1803 765
 4084 1480 2565 4087 
1215 
 1309 1803 519 1376
 2569 4085 4086 2702 
1216 
 1803 765 1376 517
 4085 1481 4087 2703 
1217 
 519 1376 1377 1804
 2704 4088 2702 4090 
1218 
 1376 517 1804 1373
 4088 2696 2703 4091 
1219 
 1377 1804 518 1375
 2705 4089 4090 2700 
1220 
 1804 1373 1375 130
 4089 2697 4091 2701 
1221 
 37 666 665 1805
 1280 4092 1282 4094 
1222 
 666 519 1805 1377
 4092 2704 1283 4095 
1223 
 665 1805 36 664
 1281 4093 4094 1278 
1224 
 1805 1377 664 518
 4093 2705 4095 1279 
1225 
 38 669 667 1806
 1284 4096 1288 4098 
1226 
 669 473 1806 1309
 4096 2568 1289 4099 
1227 
 667 1806 37 666
 1285 4097 4098 1282 
1228 
 1806 1309 666 519
 4097 2569 4099 1283 
1229 
 493 1347 1345 1807
 2640 4100 2644 4102 
1230 
 1347 520 1807 1378
 4100 2706 2645 4103 
1231 
 1345 1807 19 637
 2641 4101 4102 1224 
1232 
 1807 1378 637 18
 4101 2707 4103 1225 
1233 
 126 825 826 1808
 1602 4104 1600 4106 
1234 
 825 385 1808 1159
 4104 2268 1601 4107 
1235 
 826 1808 493 1347
 1603 4105 4106 2644 
1236 
 1808 1159 1347 520
 4105 2269 4107 2645 
1237 
 385 1158 1159 1809
 2268 4108 2266 4110 
1238 
 1158 114 1809 804
 4108 1558 2267 4111 
1239 
 1159 1809 520 1379
 2269 4109 4110 2708 
1240 
 1809 804 1379 355
 4109 1559 4111 2709 
1241 
 520 1379 1378 1810
 2706 4112 2708 4114 
1242 
 1379 355 1810 1105
 4112 2160 2709 4115 
1243 
 1378 1810 18 636
 2707 4113 4114 1222 
1244 
 1810 1105 636 17
 4113 2161 4115 1223 
1245 
 527 1383 1382 1811
 2714 4116 2716 4118 
1246 
 1383 496 1811 1351
 4116 2652 2717 4119 
1247 
 1382 1811 24 642
 2715 4117 4118 1234 
1248 
 1811 1351 642 23
 4117 2653 4119 1235 
1249 
 413 1212 1211 1812
 2372 4120 2374 4122 
1250 
 1212 527 1812 1382
 4120 2714 2375 4123 
1251 
 1211 1812 25 643
 2373 4121 4122 1236 
1252 
 1812 1382 643 24
 4121 2715 4123 1237 
1253 
 118 812 811 1813
 1572 4124 1574 4126 
1254 
 812 526 1813 1381
 4124 2712 1575 4127 
1255 
 811 1813 413 1212
 1573 4125 4126 2374 
1256 
 1813 1381 1212 527
 4125 2713 4127 2375 
1257 
 526 1380 1381 1814
 2712 4128 2710 4130 
1258 
 1380 139 1814 852
 4128 1654 2711 4131 
1259 
 1381 1814 527 1383
 2713 4129 4130 2716 
1260 
 1814 852 1383 496
 4129 1655 4131 2717 
1261 
 528 1384 1385 1815
 2720 4132 2718 4134 
1262 
 1384 133 1815 838
 4132 1626 2719 4135 
1263 
 1385 1815 529 1386
 2721 4133 4134 2722 
1264 
 1815 838 1386 356
 4133 1627 4135 2723 
1265 
 529 1386 1387 1816
 2724 4136 2722 4138 
1266 
 1386 356 1816 1106
 4136 2162 2723 4139 
1267 
 1387 1816 384 1157
 2725 4137 4138 2264 
1268 
 1816 1106 1157 114
 4137 2163 4139 2265 
1269 
 479 1319 1318 1817
 2586 4140 2588 4142 
1270 
 1319 529 1817 1387
 4140 2724 2589 4143 
1271 
 1318 1817 175 904
 2587 4141 4142 1758 
1272 
 1817 1387 904 384
 4141 2725 4143 1759 
1273 
 141 855 854 1818
 1658 4144 1660 4146 
1274 
 855 528 1818 1385
 4144 2720 1661 4147 
1275 
 854 1818 479 1319
 1659 4145 4146 2588 
1276 
 1818 1385 1319 529
 4145 2721 4147 2589 
1277 
 487 1335 1337 1819
 2624 4148 2620 4150 
1278 
 1335 111 1819 796
 4148 1542 2621 4151 
1279 
 1337 1819 531 1391
 2625 4149 4150 2732 
1280 
 1819 796 1391 530
 4149 1543 4151 2733 
1281 
 531 1391 1390 1820
 2730 4152 2732 4154 
1282 
 1391 530 1820 1388
 4152 2726 2733 4155 
1283 
 1390 1820 481 1322
 2731 4153 4154 2594 
1284 
 1820 1388 1322 96
 4153 2727 4155 2595 
1285 
 83 735 734 1821
 1418 4156 1420 4158 
1286 
 735 531 1821 1390
 4156 2730 1421 4159 
1287 
 734 1821 82 733
 1419 4157 4158 1416 
1288 
 1821 1390 733 481
 4157 2731 4159 1417 
1289 
 84 738 736 1822
 1422 4160 1426 4162 
1290 
 738 487 1822 1337
 4160 2624 1427 4163 
1291 
 736 1822 83 735
 1423 4161 4162 1420 
1292 
 1822 1337 735 531
 4161 2625 4163 1421 
1293 
 534 1396 1397 1823
 2744 4164 2742 4166 
1294 
 1396 157 1823 876
 4164 1702 2743 4167 
1295 
 1397 1823 535 1400
 2745 4165 4166 2750 
1296 
 1823 876 1400 532
 4165 1703 4167 2751 
1297 
 535 1400 1399 1824
 2748 4168 2750 4170 
1298 
 1400 532 1824 1392
 4168 2734 2751 4171 
1299 
 1399 1824 478 1316
 2749 4169 4170 2582 
1300 
 1824 1392 1316 141
 4169 2735 4171 2583 
1301 
 533 1395 1394 1825
 2738 4172 2740 4174 
1302 
 1395 535 1825 1399
 4172 2748 2741 4175 
1303 
 1394 1825 188 921
 2739 4173 4174 1792 
1304 
 1825 1399 921 478
 4173 2749 4175 1793 
1305 
 164 890 889 1826
 1728 4176 1730 4178 
1306 
 890 534 1826 1397
 4176 2744 1731 4179 
1307 
 889 1826 533 1395
 1729 4177 4178 2740 
1308 
 1826 1397 1395 535
 4177 2745 4179 2741 
1309 
 541 1403 1402 1827
 2754 4180 2756 4182 
1310 
 1403 543 1827 1407
 4180 2764 2757 4183 
1311 
 1402 1827 107 784
 2755 4181 4182 1518 
1312 
 1827 1407 784 542
 4181 2765 4183 1519 
1313 
 136 843 844 1828
 1638 4184 1636 4186 
1314 
 843 396 1828 1181
 4184 2312 1637 4187 
1315 
 844 1828 541 1403
 1639 4185 4186 2756 
1316 
 1828 1181 1403 543
 4185 2313 4187 2757 
1317 
 396 1180 1181 1829
 2312 4188 2310 4190 
1318 
 1180 162 1829 885
 4188 1720 2311 4191 
1319 
 1181 1829 543 1406
 2313 4189 4190 2762 
1320 
 1829 885 1406 419
 4189 1721 4191 2763 
1321 
 543 1406 1407 1830
 2764 4192 2762 4194 
1322 
 1406 419 1830 1223
 4192 2396 2763 4195 
1323 
 1407 1830 542 1404
 2765 4193 4194 2758 
1324 
 1830 1223 1404 124
 4193 2397 4195 2759 
1325 
 545 1411 1412 1831
 2774 4196 2772 4198 
1326 
 1411 262 1831 975
 4196 1900 2773 4199 
1327 
 1412 1831 457 1284
 2775 4197 4198 2518 
1328 
 1831 975 1284 184
 4197 1901 4199 2519 
1329 
 544 1409 1408 1832
 2766 4200 2768 4202 
1330 
 1409 545 1832 1412
 4200 2774 2769 4203 
1331 
 1408 1832 168 894
 2767 4201 4202 1738 
1332 
 1832 1412 894 457
 4201 2775 4203 1739 
1333 
 192 929 930 1833
 1810 4204 1808 4206 
1334 
 929 536 1833 1401
 4204 2752 1809 4207 
1335 
 930 1833 544 1409
 1811 4205 4206 2768 
1336 
 1833 1401 1409 545
 4205 2753 4207 2769 
1337 
 333 1069 1071 1834
 2092 4208 2088 4210 
1338 
 1069 164 1834 889
 4208 1728 2089 4211 
1339 
 1071 1834 549 1414
 2093 4209 4210 2778 
1340 
 1834 889 1414 533
 4209 1729 4211 2779 
1341 
 549 1414 1413 1835
 2776 4212 2778 4214 
1342 
 1414 533 1835 1394
 4212 2738 2779 4215 
1343 
 1413 1835 263 976
 2777 4213 4214 1902 
1344 
 1835 1394 976 188
 4213 2739 4215 1903 
1345 
 326 1061 1062 1836
 2074 4216 2072 4218 
1346 
 1061 178 1836 911
 4216 1772 2073 4219 
1347 
 1062 1836 551 1417
 2075 4217 4218 2784 
1348 
 1836 911 1417 437
 4217 1773 4219 2785 
1349 
 551 1417 1418 1837
 2786 4220 2784 4222 
1350 
 1417 437 1837 1257
 4220 2464 2785 4223 
1351 
 1418 1837 470 1302
 2787 4221 4222 2554 
1352 
 1837 1257 1302 144
 4221 2465 4223 2555 
1353 
 550 1416 1415 1838
 2780 4224 2782 4226 
1354 
 1416 551 1838 1418
 4224 2786 2783 4227 
1355 
 1415 1838 119 813
 2781 4225 4226 1576 
1356 
 1838 1418 813 470
 4225 2787 4227 1577 
1357 
 163 886 887 1839
 1724 4228 1722 4230 
1358 
 886 326 1839 1062
 4228 2074 1723 4231 
1359 
 887 1839 550 1416
 1725 4229 4230 2782 
1360 
 1839 1062 1416 551
 4229 2075 4231 2783 
1361 
 517 1374 1373 1840
 2696 4232 2698 4234 
1362 
 1374 554 1840 1420
 4232 2790 2699 4235 
1363 
 1373 1840 130 833
 2697 4233 4234 1616 
1364 
 1840 1420 833 503
 4233 2791 4235 1617 
1365 
 97 763 765 1841
 1480 4236 1476 4238 
1366 
 763 341 1841 1078
 4236 2106 1477 4239 
1367 
 765 1841 517 1374
 1481 4237 4238 2698 
1368 
 1841 1078 1374 554
 4237 2107 4239 2699 
1369 
 341 1076 1078 1842
 2106 4240 2102 4242 
1370 
 1076 176 1842 906
 4240 1762 2103 4243 
1371 
 1078 1842 554 1419
 2107 4241 4242 2788 
1372 
 1842 906 1419 484
 4241 1763 4243 2789 
1373 
 554 1419 1420 1843
 2790 4244 2788 4246 
1374 
 1419 484 1843 1328
 4244 2606 2789 4247 
1375 
 1420 1843 503 1360
 2791 4245 4246 2670 
1376 
 1843 1328 1360 142
 4245 2607 4247 2671 
1377 
 544 1408 1410 1844
 2770 4248 2766 4250 
1378 
 1408 168 1844 892
 4248 1734 2767 4251 
1379 
 1410 1844 556 1422
 2771 4249 4250 2794 
1380 
 1844 892 1422 372
 4249 1735 4251 2795 
1381 
 556 1422 1421 1845
 2792 4252 2794 4254 
1382 
 1422 372 1845 1132
 4252 2214 2795 4255 
1383 
 1421 1845 317 1048
 2793 4253 4254 2046 
1384 
 1845 1132 1048 181
 4253 2215 4255 2047 
1385 
 368 1127 1125 1846
 2200 4256 2204 4258 
1386 
 1127 556 1846 1421
 4256 2792 2205 4259 
1387 
 1125 1846 177 908
 2201 4257 4258 1766 
1388 
 1846 1421 908 317
 4257 2793 4259 1767 
1389 
 192 930 928 1847
 1806 4260 1810 4262 
1390 
 930 544 1847 1410
 4260 2770 1811 4263 
1391 
 928 1847 368 1127
 1807 4261 4262 2204 
1392 
 1847 1410 1127 556
 4261 2771 4263 2205 
1393 
 559 1428 1427 1848
 2804 4264 2806 4266 
1394 
 1428 558 1848 1425
 4264 2800 2807 4267 
1395 
 1427 1848 412 1209
 2805 4265 4266 2368 
1396 
 1848 1425 1209 118
 4265 2801 4267 2369 
1397 
 29 650 649 1849
 1248 4268 1250 4270 
1398 
 650 559 1849 1427
 4268 2804 1251 4271 
1399 
 649 1849 28 648
 1249 4269 4270 1246 
1400 
 1849 1427 648 412
 4269 2805 4271 1247 
1401 
 30 652 651 1850
 1252 4272 1254 4274 
1402 
 652 557 1850 1424
 4272 2798 1255 4275 
1403 
 651 1850 29 650
 1253 4273 4274 1250 
1404 
 1850 1424 650 559
 4273 2799 4275 1251 
1405 
 557 1423 1424 1851
 2798 4276 2796 4278 
1406 
 1423 107 1851 785
 4276 1520 2797 4279 
1407 
 1424 1851 559 1428
 2799 4277 4278 2806 
1408 
 1851 785 1428 558
 4277 1521 4279 2807 
1409 
 562 1429 1430 1852
 2810 4280 2808 4282 
1410 
 1429 430 1852 1244
 4280 2438 2809 4283 
1411 
 1430 1852 434 1252
 2811 4281 4282 2454 
1412 
 1852 1244 1252 182
 4281 2439 4283 2455 
1413 
 329 1064 1063 1853
 2076 4284 2078 4286 
1414 
 1064 562 1853 1430
 4284 2810 2079 4287 
1415 
 1063 1853 178 910
 2077 4285 4286 1770 
1416 
 1853 1430 910 434
 4285 2811 4287 1771 
1417 
 291 1011 1009 1854
 1968 4288 1972 4290 
1418 
 1011 564 1854 1434
 4288 2818 1973 4291 
1419 
 1009 1854 132 836
 1969 4289 4290 1622 
1420 
 1854 1434 836 563
 4289 2819 4291 1623 
1421 
 112 799 798 1855
 1546 4292 1548 4294 
1422 
 799 310 1855 1042
 4292 2034 1549 4295 
1423 
 798 1855 291 1011
 1547 4293 4294 1972 
1424 
 1855 1042 1011 564
 4293 2035 4295 1973 
1425 
 310 1040 1042 1856
 2034 4296 2030 4298 
1426 
 1040 174 1856 903
 4296 1756 2031 4299 
1427 
 1042 1856 564 1433
 2035 4297 4298 2816 
1428 
 1856 903 1433 506
 4297 1757 4299 2817 
1429 
 564 1433 1434 1857
 2818 4300 2816 4302 
1430 
 1433 506 1857 1363
 4300 2676 2817 4303 
1431 
 1434 1857 563 1431
 2819 4301 4302 2812 
1432 
 1857 1363 1431 143
 4301 2677 4303 2813 
1433 
 567 1438 1439 1858
 2828 4304 2826 4306 
1434 
 1438 550 1858 1415
 4304 2780 2827 4307 
1435 
 1439 1858 565 1435
 2829 4305 4306 2820 
1436 
 1858 1415 1435 119
 4305 2781 4307 2821 
1437 
 274 999 997 1859
 1944 4308 1948 4310 
1438 
 999 567 1859 1439
 4308 2828 1949 4311 
1439 
 997 1859 154 871
 1945 4309 4310 1692 
1440 
 1859 1439 871 565
 4309 2829 4311 1693 
1441 
 190 926 925 1860
 1800 4312 1802 4314 
1442 
 926 566 1860 1437
 4312 2824 1803 4315 
1443 
 925 1860 274 999
 1801 4313 4314 1948 
1444 
 1860 1437 999 567
 4313 2825 4315 1949 
1445 
 566 1436 1437 1861
 2824 4316 2822 4318 
1446 
 1436 163 1861 887
 4316 1724 2823 4319 
1447 
 1437 1861 567 1438
 2825 4317 4318 2826 
1448 
 1861 887 1438 550
 4317 1725 4319 2827 
1449 
 569 1440 1441 1862
 2832 4320 2830 4322 
1450 
 1440 393 1862 1174
 4320 2298 2831 4323 
1451 
 1441 1862 526 1380
 2833 4321 4322 2710 
1452 
 1862 1174 1380 139
 4321 2299 4323 2711 
1453 
 558 1426 1425 1863
 2800 4324 2802 4326 
1454 
 1426 569 1863 1441
 4324 2832 2803 4327 
1455 
 1425 1863 118 812
 2801 4325 4326 1574 
1456 
 1863 1441 812 526
 4325 2833 4327 1575 
1457 
 107 784 785 1864
 1520 4328 1518 4330 
1458 
 784 542 1864 1405
 4328 2760 1519 4331 
1459 
 785 1864 558 1426
 1521 4329 4330 2802 
1460 
 1864 1405 1426 569
 4329 2761 4331 2803 
1461 
 542 1404 1405 1865
 2760 4332 2758 4334 
1462 
 1404 124 1865 820
 4332 1590 2759 4335 
1463 
 1405 1865 569 1440
 2761 4333 4334 2830 
1464 
 1865 820 1440 393
 4333 1591 4335 2831 
1465 
 332 1067 1068 1866
 2086 4336 2084 4338 
1466 
 1067 197 1866 934
 4336 1818 2085 4339 
1467 
 1068 1866 571 1444
 2087 4337 4338 2838 
1468 
 1866 934 1444 514
 4337 1819 4339 2839 
1469 
 571 1444 1445 1867
 2840 4340 2838 4342 
1470 
 1444 514 1867 1368
 4340 2686 2839 4343 
1471 
 1445 1867 570 1442
 2841 4341 4342 2834 
1472 
 1867 1368 1442 179
 4341 2687 4343 2835 
1473 
 534 1398 1396 1868
 2742 4344 2746 4346 
1474 
 1398 571 1868 1445
 4344 2840 2747 4347 
1475 
 1396 1868 157 877
 2743 4345 4346 1704 
1476 
 1868 1445 877 570
 4345 2841 4347 1705 
1477 
 164 888 890 1869
 1730 4348 1726 4350 
1478 
 888 332 1869 1068
 4348 2086 1727 4351 
1479 
 890 1869 534 1398
 1731 4349 4350 2746 
1480 
 1869 1068 1398 571
 4349 2087 4351 2747 
1481 
 579 1453 1454 1870
 2858 4352 2856 4354 
1482 
 1453 397 1870 1182
 4352 2314 2857 4355 
1483 
 1454 1870 577 1448
 2859 4353 4354 2846 
1484 
 1870 1182 1448 136
 4353 2315 4355 2847 
1485 
 33 658 657 1871
 1264 4356 1266 4358 
1486 
 658 579 1871 1454
 4356 2858 1267 4359 
1487 
 657 1871 32 656
 1265 4357 4358 1262 
1488 
 1871 1454 656 577
 4357 2859 4359 1263 
1489 
 34 661 659 1872
 1268 4360 1272 4362 
1490 
 661 578 1872 1451
 4360 2852 1273 4363 
1491 
 659 1872 33 658
 1269 4361 4362 1266 
1492 
 1872 1451 658 579
 4361 2853 4363 1267 
1493 
 578 1450 1451 1873
 2852 4364 2850 4366 
1494 
 1450 113 1873 801
 4364 1552 2851 4367 
1495 
 1451 1873 579 1453
 2853 4365 4366 2856 
1496 
 1873 801 1453 397
 4365 1553 4367 2857 
1497 
 580 1456 1455 1874
 2860 4368 2862 4370 
1498 
 1456 518 1874 1375
 4368 2700 2863 4371 
1499 
 1455 1874 502 1358
 2861 4369 4370 2666 
1500 
 1874 1375 1358 130
 4369 2701 4371 2667 
1501 
 578 1452 1450 1875
 2850 4372 2854 4374 
1502 
 1452 580 1875 1455
 4372 2860 2855 4375 
1503 
 1450 1875 113 803
 2851 4373 4374 1556 
1504 
 1875 1455 803 502
 4373 2861 4375 1557 
1505 
 34 660 661 1876
 1272 4376 1270 4378 
1506 
 660 35 1876 663
 4376 1276 1271 4379 
1507 
 661 1876 578 1452
 1273 4377 4378 2854 
1508 
 1876 663 1452 580
 4377 1277 4379 2855 
1509 
 35 662 663 1877
 1276 4380 1274 4382 
1510 
 662 36 1877 664
 4380 1278 1275 4383 
1511 
 663 1877 580 1456
 1277 4381 4382 2862 
1512 
 1877 664 1456 518
 4381 1279 4383 2863 
1513 
 583 1460 1461 1878
 2872 4384 2870 4386 
1514 
 1460 140 1878 853
 4384 1656 2871 4387 
1515 
 1461 1878 584 1463
 2873 4385 4386 2876 
1516 
 1878 853 1463 581
 4385 1657 4387 2877 
1517 
 584 1463 1462 1879
 2874 4388 2876 4390 
1518 
 1463 581 1879 1457
 4388 2864 2877 4391 
1519 
 1462 1879 8 632
 2875 4389 4390 1214 
1520 
 1879 1457 632 7
 4389 2865 4391 1215 
1521 
 582 1459 1458 1880
 2866 4392 2868 4394 
1522 
 1459 584 1880 1462
 4392 2874 2869 4395 
1523 
 1458 1880 9 633
 2867 4393 4394 1216 
1524 
 1880 1462 633 8
 4393 2875 4395 1217 
1525 
 105 782 781 1881
 1512 4396 1514 4398 
1526 
 782 583 1881 1461
 4396 2872 1515 4399 
1527 
 781 1881 582 1459
 1513 4397 4398 2868 
1528 
 1881 1461 1459 584
 4397 2873 4399 2869 
1529 
 134 840 839 1882
 1628 4400 1630 4402 
1530 
 840 585 1882 1465
 4400 2880 1631 4403 
1531 
 839 1882 499 1357
 1629 4401 4402 2664 
1532 
 1882 1465 1357 586
 4401 2881 4403 2665 
1533 
 585 1464 1465 1883
 2880 4404 2878 4406 
1534 
 1464 105 1883 781
 4404 1512 2879 4407 
1535 
 1465 1883 586 1467
 2881 4405 4406 2884 
1536 
 1883 781 1467 582
 4405 1513 4407 2885 
1537 
 586 1467 1466 1884
 2882 4408 2884 4410 
1538 
 1467 582 1884 1458
 4408 2866 2885 4411 
1539 
 1466 1884 10 634
 2883 4409 4410 1218 
1540 
 1884 1458 634 9
 4409 2867 4411 1219 
1541 
 499 1357 1356 1885
 2662 4412 2664 4414 
1542 
 1357 586 1885 1466
 4412 2882 2665 4415 
1543 
 1356 1885 11 635
 2663 4413 4414 1220 
1544 
 1885 1466 635 10
 4413 2883 4415 1221 
1545 
 137 845 846 1886
 1642 4416 1640 4418 
1546 
 845 590 1886 1470
 4416 2890 1641 4419 
1547 
 846 1886 592 1474
 1643 4417 4418 2898 
1548 
 1886 1470 1474 593
 4417 2891 4419 2899 
1549 
 590 1469 1470 1887
 2890 4420 2888 4422 
1550 
 1469 57 1887 699
 4420 1348 2889 4423 
1551 
 1470 1887 593 1476
 2891 4421 4422 2902 
1552 
 1887 699 1476 58
 4421 1349 4423 2903 
1553 
 593 1476 1477 1888
 2904 4424 2902 4426 
1554 
 1476 58 1888 700
 4424 1350 2903 4427 
1555 
 1477 1888 591 1472
 2905 4425 4426 2894 
1556 
 1888 700 1472 59
 4425 1351 4427 2895 
1557 
 592 1474 1473 1889
 2896 4428 2898 4430 
1558 
 1474 593 1889 1477
 4428 2904 2899 4431 
1559 
 1473 1889 99 768
 2897 4429 4430 1486 
1560 
 1889 1477 768 591
 4429 2905 4431 1487 
1561 
 179 912 913 1890
 1776 4432 1774 4434 
1562 
 912 513 1890 1367
 4432 2684 1775 4435 
1563 
 913 1890 595 1481
 1777 4433 4434 2912 
1564 
 1890 1367 1481 596
 4433 2685 4435 2913 
1565 
 513 1366 1367 1891
 2684 4436 2682 4438 
1566 
 1366 149 1891 863
 4436 1676 2683 4439 
1567 
 1367 1891 596 1483
 2685 4437 4438 2916 
1568 
 1891 863 1483 594
 4437 1677 4439 2917 
1569 
 596 1483 1482 1892
 2914 4440 2916 4442 
1570 
 1483 594 1892 1478
 4440 2906 2917 4443 
1571 
 1482 1892 585 1464
 2915 4441 4442 2878 
1572 
 1892 1478 1464 105
 4441 2907 4443 2879 
1573 
 595 1481 1480 1893
 2910 4444 2912 4446 
1574 
 1481 596 1893 1482
 4444 2914 2913 4447 
1575 
 1480 1893 134 840
 2911 4445 4446 1630 
1576 
 1893 1482 840 585
 4445 2915 4447 1631 
1577 
 570 1442 1443 1894
 2836 4448 2834 4450 
1578 
 1442 179 1894 913
 4448 1776 2835 4451 
1579 
 1443 1894 598 1488
 2837 4449 4450 2926 
1580 
 1894 913 1488 595
 4449 1777 4451 2927 
1581 
 598 1488 1487 1895
 2924 4452 2926 4454 
1582 
 1488 595 1895 1480
 4452 2910 2927 4455 
1583 
 1487 1895 498 1355
 2925 4453 4454 2660 
1584 
 1895 1480 1355 134
 4453 2911 4455 2661 
1585 
 597 1485 1484 1896
 2918 4456 2920 4458 
1586 
 1485 598 1896 1487
 4456 2924 2921 4459 
1587 
 1484 1896 98 766
 2919 4457 4458 1482 
1588 
 1896 1487 766 498
 4457 2925 4459 1483 
1589 
 157 877 878 1897
 1706 4460 1704 4462 
1590 
 877 570 1897 1443
 4460 2836 1705 4463 
1591 
 878 1897 597 1485
 1707 4461 4462 2920 
1592 
 1897 1443 1485 598
 4461 2837 4463 2921 
1593 
 530 1389 1388 1898
 2726 4464 2728 4466 
1594 
 1389 599 1898 1489
 4464 2928 2729 4467 
1595 
 1388 1898 96 762
 2727 4465 4466 1474 
1596 
 1898 1489 762 469
 4465 2929 4467 1475 
1597 
 111 794 796 1899
 1542 4468 1538 4470 
1598 
 794 305 1899 1033
 4468 2016 1539 4471 
1599 
 796 1899 530 1389
 1543 4469 4470 2728 
1600 
 1899 1033 1389 599
 4469 2017 4471 2729 
1601 
 305 1031 1033 1900
 2016 4472 2012 4474 
1602 
 1031 154 1900 871
 4472 1692 2013 4475 
1603 
 1033 1900 599 1490
 2017 4473 4474 2930 
1604 
 1900 871 1490 565
 4473 1693 4475 2931 
1605 
 599 1490 1489 1901
 2928 4476 2930 4478 
1606 
 1490 565 1901 1435
 4476 2820 2931 4479 
1607 
 1489 1901 469 1300
 2929 4477 4478 2550 
1608 
 1901 1435 1300 119
 4477 2821 4479 2551 
1609 
 532 1393 1392 1902
 2734 4480 2736 4482 
1610 
 1393 600 1902 1491
 4480 2932 2737 4483 
1611 
 1392 1902 141 855
 2735 4481 4482 1660 
1612 
 1902 1491 855 528
 4481 2933 4483 1661 
1613 
 157 878 876 1903
 1702 4484 1706 4486 
1614 
 878 597 1903 1486
 4484 2922 1707 4487 
1615 
 876 1903 532 1393
 1703 4485 4486 2736 
1616 
 1903 1486 1393 600
 4485 2923 4487 2737 
1617 
 597 1484 1486 1904
 2922 4488 2918 4490 
1618 
 1484 98 1904 767
 4488 1484 2919 4491 
1619 
 1486 1904 600 1492
 2923 4489 4490 2934 
1620 
 1904 767 1492 572
 4489 1485 4491 2935 
1621 
 600 1492 1491 1905
 2932 4492 2934 4494 
1622 
 1492 572 1905 1446
 4492 2842 2935 4495 
1623 
 1491 1905 528 1384
 2933 4493 4494 2718 
1624 
 1905 1446 1384 133
 4493 2843 4495 2719 
1625 
 109 790 789 1906
 1528 4496 1530 4498 
1626 
 790 387 1906 1163
 4496 2276 1531 4499 
1627 
 789 1906 220 941
 1529 4497 4498 1832 
1628 
 1906 1163 941 601
 4497 2277 4499 1833 
1629 
 387 1162 1163 1907
 2276 4500 2274 4502 
1630 
 1162 5 1907 630
 4500 1210 2275 4503 
1631 
 1163 1907 601 1493
 2277 4501 4502 2936 
1632 
 1907 630 1493 6
 4501 1211 4503 2937 
1633 
 601 1493 1494 1908
 2938 4504 2936 4506 
1634 
 1493 6 1908 631
 4504 1212 2937 4507 
1635 
 1494 1908 581 1457
 2939 4505 4506 2864 
1636 
 1908 631 1457 7
 4505 1213 4507 2865 
1637 
 220 941 940 1909
 1830 4508 1832 4510 
1638 
 941 601 1909 1494
 4508 2938 1833 4511 
1639 
 940 1909 140 853
 1831 4509 4510 1656 
1640 
 1909 1494 853 581
 4509 2939 4511 1657 
1641 
 577 1448 1449 1910
 2848 4512 2846 4514 
1642 
 1448 136 1910 844
 4512 1638 2847 4515 
1643 
 1449 1910 602 1495
 2849 4513 4514 2940 
1644 
 1910 844 1495 541
 4513 1639 4515 2941 
1645 
 602 1495 1496 1911
 2942 4516 2940 4518 
1646 
 1495 541 1911 1402
 4516 2754 2941 4519 
1647 
 1496 1911 557 1423
 2943 4517 4518 2796 
1648 
 1911 1402 1423 107
 4517 2755 4519 2797 
1649 
 31 654 653 1912
 1256 4520 1258 4522 
1650 
 654 602 1912 1496
 4520 2942 1259 4523 
1651 
 653 1912 30 652
 1257 4521 4522 1254 
1652 
 1912 1496 652 557
 4521 2943 4523 1255 
1653 
 32 656 655 1913
 1260 4524 1262 4526 
1654 
 656 577 1913 1449
 4524 2848 1263 4527 
1655 
 655 1913 31 654
 1261 4525 4526 1258 
1656 
 1913 1449 654 602
 4525 2849 4527 1259 
1657 
 128 828 830 1914
 1610 4528 1606 4530 
1658 
 828 359 1914 1108
 4528 2166 1607 4531 
1659 
 830 1914 402 1194
 1611 4529 4530 2338 
1660 
 1914 1108 1194 604
 4529 2167 4531 2339 
1661 
 359 1107 1108 1915
 2166 4532 2164 4534 
1662 
 1107 53 1915 695
 4532 1340 2165 4535 
1663 
 1108 1915 604 1498
 2167 4533 4534 2946 
1664 
 1915 695 1498 54
 4533 1341 4535 2947 
1665 
 604 1498 1499 1916
 2948 4536 2946 4538 
1666 
 1498 54 1916 696
 4536 1342 2947 4539 
1667 
 1499 1916 603 1497
 2949 4537 4538 2944 
1668 
 1916 696 1497 55
 4537 1343 4539 2945 
1669 
 402 1194 1192 1917
 2334 4540 2338 4542 
1670 
 1194 604 1917 1499
 4540 2948 2339 4543 
1671 
 1192 1917 104 780
 2335 4541 4542 1510 
1672 
 1917 1499 780 603
 4541 2949 4543 1511 
1673 
 137 847 845 1918
 1640 4544 1644 4546 
1674 
 847 605 1918 1501
 4544 2952 1645 4547 
1675 
 845 1918 590 1471
 1641 4545 4546 2892 
1676 
 1918 1501 1471 606
 4545 2953 4547 2893 
1677 
 605 1500 1501 1919
 2952 4548 2950 4550 
1678 
 1500 104 1919 780
 4548 1510 2951 4551 
1679 
 1501 1919 606 1504
 2953 4549 4550 2958 
1680 
 1919 780 1504 603
 4549 1511 4551 2959 
1681 
 606 1504 1503 1920
 2956 4552 2958 4554 
1682 
 1504 603 1920 1497
 4552 2944 2959 4555 
1683 
 1503 1920 56 697
 2957 4553 4554 1344 
1684 
 1920 1497 697 55
 4553 2945 4555 1345 
1685 
 590 1471 1469 1921
 2888 4556 2892 4558 
1686 
 1471 606 1921 1503
 4556 2956 2893 4559 
1687 
 1469 1921 57 698
 2889 4557 4558 1346 
1688 
 1921 1503 698 56
 4557 2957 4559 1347 
1689 
 607 1506 1505 1922
 2960 4560 2962 4562 
1690 
 1506 609 1922 1510
 4560 2970 2963 4563 
1691 
 1505 1922 117 809
 2961 4561 4562 1568 
1692 
 1922 1510 809 608
 4561 2971 4563 1569 
1693 
 135 841 842 1923
 1634 4564 1632 4566 
1694 
 841 471 1923 1304
 4564 2558 1633 4567 
1695 
 842 1923 607 1506
 1635 4565 4566 2962 
1696 
 1923 1304 1506 609
 4565 2559 4567 2963 
1697 
 471 1303 1304 1924
 2558 4568 2556 4570 
1698 
 1303 144 1924 858
 4568 1666 2557 4571 
1699 
 1304 1924 609 1509
 2559 4569 4570 2968 
1700 
 1924 858 1509 436
 4569 1667 4571 2969 
1701 
 609 1509 1510 1925
 2970 4572 2968 4574 
1702 
 1509 436 1925 1256
 4572 2462 2969 4575 
1703 
 1510 1925 608 1507
 2971 4573 4574 2964 
1704 
 1925 1256 1507 160
 4573 2463 4575 2965 
1705 
 612 1512 1513 1926
 2976 4576 2974 4578 
1706 
 1512 180 1926 915
 4576 1780 2975 4579 
1707 
 1513 1926 613 1516
 2977 4577 4578 2982 
1708 
 1926 915 1516 610
 4577 1781 4579 2983 
1709 
 613 1516 1515 1927
 2980 4580 2982 4582 
1710 
 1516 610 1927 1511
 4580 2972 2983 4583 
1711 
 1515 1927 400 1189
 2981 4581 4582 2328 
1712 
 1927 1511 1189 147
 4581 2973 4583 2329 
1713 
 605 1502 1500 1928
 2950 4584 2954 4586 
1714 
 1502 613 1928 1515
 4584 2980 2955 4587 
1715 
 1500 1928 104 779
 2951 4585 4586 1508 
1716 
 1928 1515 779 400
 4585 2981 4587 1509 
1717 
 137 848 847 1929
 1644 4588 1646 4590 
1718 
 848 612 1929 1513
 4588 2976 1647 4591 
1719 
 847 1929 605 1502
 1645 4589 4590 2954 
1720 
 1929 1513 1502 613
 4589 2977 4591 2955 
1721 
 117 809 810 1930
 1570 4592 1568 4594 
1722 
 809 608 1930 1508
 4592 2966 1569 4595 
1723 
 810 1930 614 1518
 1571 4593 4594 2986 
1724 
 1930 1508 1518 615
 4593 2967 4595 2987 
1725 
 608 1507 1508 1931
 2966 4596 2964 4598 
1726 
 1507 160 1931 880
 4596 1710 2965 4599 
1727 
 1508 1931 615 1520
 2967 4597 4598 2990 
1728 
 1931 880 1520 444
 4597 1711 4599 2991 
1729 
 615 1520 1519 1932
 2988 4600 2990 4602 
1730 
 1520 444 1932 1265
 4600 2480 2991 4603 
1731 
 1519 1932 352 1099
 2989 4601 4602 2148 
1732 
 1932 1265 1099 122
 4601 2481 4603 2149 
1733 
 614 1518 1517 1933
 2984 4604 2986 4606 
1734 
 1518 615 1933 1519
 4604 2988 2987 4607 
1735 
 1517 1933 106 783
 2985 4605 4606 1516 
1736 
 1933 1519 783 352
 4605 2989 4607 1517 
1737 
 612 1514 1512 1934
 2974 4608 2978 4610 
1738 
 1514 617 1934 1522
 4608 2994 2979 4611 
1739 
 1512 1934 180 914
 2975 4609 4610 1778 
1740 
 1934 1522 914 588
 4609 2995 4611 1779 
1741 
 137 846 848 1935
 1646 4612 1642 4614 
1742 
 846 592 1935 1475
 4612 2900 1643 4615 
1743 
 848 1935 612 1514
 1647 4613 4614 2978 
1744 
 1935 1475 1514 617
 4613 2901 4615 2979 
1745 
 592 1473 1475 1936
 2900 4616 2896 4618 
1746 
 1473 99 1936 769
 4616 1488 2897 4619 
1747 
 1475 1936 617 1523
 2901 4617 4618 2996 
1748 
 1936 769 1523 616
 4617 1489 4619 2997 
1749 
 617 1523 1522 1937
 2994 4620 2996 4622 
1750 
 1523 616 1937 1521
 4620 2992 2997 4623 
1751 
 1522 1937 588 1468
 2995 4621 4622 2886 
1752 
 1937 1521 1468 159
 4621 2993 4623 2887 
1753 
 482 1324 1325 1938
 2600 4624 2598 4626 
1754 
 1324 135 1938 842
 4624 1634 2599 4627 
1755 
 1325 1938 619 1526
 2601 4625 4626 3002 
1756 
 1938 842 1526 607
 4625 1635 4627 3003 
1757 
 619 1526 1527 1939
 3004 4628 3002 4630 
1758 
 1526 607 1939 1505
 4628 2960 3003 4631 
1759 
 1527 1939 618 1524
 3005 4629 4630 2998 
1760 
 1939 1505 1524 117
 4629 2961 4631 2999 
1761 
 79 727 726 1940
 1402 4632 1404 4634 
1762 
 727 619 1940 1527
 4632 3004 1405 4635 
1763 
 726 1940 78 725
 1403 4633 4634 1400 
1764 
 1940 1527 725 618
 4633 3005 4635 1401 
1765 
 80 729 728 1941
 1406 4636 1408 4638 
1766 
 729 482 1941 1325
 4636 2600 1409 4639 
1767 
 728 1941 79 727
 1407 4637 4638 1404 
1768 
 1941 1325 727 619
 4637 2601 4639 1405 
1769 
 621 1532 1531 1942
 3012 4640 3014 4642 
1770 
 1532 591 1942 1472
 4640 2894 3015 4643 
1771 
 1531 1942 60 701
 3013 4641 4642 1352 
1772 
 1942 1472 701 59
 4641 2895 4643 1353 
1773 
 292 1013 1012 1943
 1974 4644 1976 4646 
1774 
 1013 621 1943 1531
 4644 3012 1977 4647 
1775 
 1012 1943 61 702
 1975 4645 4646 1354 
1776 
 1943 1531 702 60
 4645 3013 4647 1355 
1777 
 132 837 835 1944
 1620 4648 1624 4650 
1778 
 837 620 1944 1529
 4648 3008 1625 4651 
1779 
 835 1944 292 1013
 1621 4649 4650 1976 
1780 
 1944 1529 1013 621
 4649 3009 4651 1977 
1781 
 620 1528 1529 1945
 3008 4652 3006 4654 
1782 
 1528 99 1945 768
 4652 1486 3007 4655 
1783 
 1529 1945 621 1532
 3009 4653 4654 3014 
1784 
 1945 768 1532 591
 4653 1487 4655 3015 
1785 
 622 1533 1534 1946
 3018 4656 3016 4658 
1786 
 1533 217 1946 935
 4656 1820 3017 4659 
1787 
 1534 1946 583 1460
 3019 4657 4658 2870 
1788 
 1946 935 1460 140
 4657 1821 4659 2871 
1789 
 594 1479 1478 1947
 2906 4660 2908 4662 
1790 
 1479 622 1947 1534
 4660 3018 2909 4663 
1791 
 1478 1947 105 782
 2907 4661 4662 1514 
1792 
 1947 1534 782 583
 4661 3019 4663 1515 
1793 
 149 862 863 1948
 1676 4664 1674 4666 
1794 
 862 239 1948 945
 4664 1840 1675 4667 
1795 
 863 1948 594 1479
 1677 4665 4666 2908 
1796 
 1948 945 1479 622
 4665 1841 4667 2909 
1797 
 239 944 945 1949
 1840 4668 1838 4670 
1798 
 944 145 1949 859
 4668 1668 1839 4671 
1799 
 945 1949 622 1533
 1841 4669 4670 3016 
1800 
 1949 859 1533 217
 4669 1669 4671 3017 
1801 
 563 1431 1432 1950
 2814 4672 2812 4674 
1802 
 1431 143 1950 857
 4672 1664 2813 4675 
1803 
 1432 1950 623 1535
 2815 4673 4674 3020 
1804 
 1950 857 1535 574
 4673 1665 4675 3021 
1805 
 623 1535 1536 1951
 3022 4676 3020 4678 
1806 
 1535 574 1951 1447
 4676 2844 3021 4679 
1807 
 1536 1951 616 1521
 3023 4677 4678 2992 
1808 
 1951 1447 1521 159
 4677 2845 4679 2993 
1809 
 620 1530 1528 1952
 3006 4680 3010 4682 
1810 
 1530 623 1952 1536
 4680 3022 3011 4683 
1811 
 1528 1952 99 769
 3007 4681 4682 1488 
1812 
 1952 1536 769 616
 4681 3023 4683 1489 
1813 
 132 836 837 1953
 1624 4684 1622 4686 
1814 
 836 563 1953 1432
 4684 2814 1623 4687 
1815 
 837 1953 620 1530
 1625 4685 4686 3010 
1816 
 1953 1432 1530 623
 4685 2815 4687 3011 
1817 
 78 725 724 1954
 1398 4688 1400 4690 
1818 
 725 618 1954 1525
 4688 3000 1401 4691 
1819 
 724 1954 77 723
 1399 4689 4690 1396 
1820 
 1954 1525 723 624
 4689 3001 4691 1397 
1821 
 618 1524 1525 1955
 3000 4692 2998 4694 
1822 
 1524 117 1955 810
 4692 1570 2999 4695 
1823 
 1525 1955 624 1538
 3001 4693 4694 3026 
1824 
 1955 810 1538 614
 4693 1571 4695 3027 
1825 
 624 1538 1537 1956
 3024 4696 3026 4698 
1826 
 1538 614 1956 1517
 4696 2984 3027 4699 
1827 
 1537 1956 299 1026
 3025 4697 4698 2002 
1828 
 1956 1517 1026 106
 4697 2985 4699 2003 
1829 
 77 723 722 1957
 1394 4700 1396 4702 
1830 
 723 624 1957 1537
 4700 3024 1397 4703 
1831 
 722 1957 76 721
 1395 4701 4702 1392 
1832 
 1957 1537 721 299
 4701 3025 4703 1393 
