0 0.000000 0.000000 558 
 1 1.000000 0.000000 663 
 2 0.000000 1.000000 687 
 3 1.000000 1.000000 878 
 4 0.041667 0.000000 560 562 
 5 0.083333 0.000000 564 1630 
 6 0.125000 0.000000 1632 1634 
 7 0.166667 0.000000 1520 1636 
 8 0.208333 0.000000 1519 1524 
 9 0.250000 0.000000 1523 1540 
 10 0.291667 0.000000 1539 1544 
 11 0.333333 0.000000 84 1543 
 12 0.375000 0.000000 84 85 
 13 0.416667 0.000000 85 142 
 14 0.458333 0.000000 142 143 
 15 0.500000 0.000000 61 143 
 16 0.541667 0.000000 58 61 
 17 0.583333 0.000000 58 1244 
 18 0.625000 0.000000 1232 1243 
 19 0.666667 0.000000 1130 1231 
 20 0.708333 0.000000 1132 1134 
 21 0.750000 0.000000 1136 1152 
 22 0.791667 0.000000 1151 1156 
 23 0.833333 0.000000 1155 1248 
 24 0.875000 0.000000 1247 1252 
 25 0.916667 0.000000 660 1251 
 26 0.958333 0.000000 659 664 
 27 1.000000 0.041667 661 667 
 28 1.000000 0.083333 665 1399 
 29 1.000000 0.125000 1397 1403 
 30 1.000000 0.166667 1401 1651 
 31 1.000000 0.208333 1649 1655 
 32 1.000000 0.250000 1487 1653 
 33 1.000000 0.291667 1485 1491 
 34 1.000000 0.333333 1489 1505 
 35 1.000000 0.375000 1506 1509 
 36 1.000000 0.416667 1223 1510 
 37 1.000000 0.458333 1221 1227 
 38 1.000000 0.500000 1009 1225 
 39 1.000000 0.541667 1010 1013 
 40 1.000000 0.583333 577 1014 
 41 1.000000 0.625000 578 581 
 42 1.000000 0.666667 582 853 
 43 1.000000 0.708333 854 857 
 44 1.000000 0.750000 858 885 
 45 1.000000 0.791667 886 889 
 46 1.000000 0.833333 415 890 
 47 1.000000 0.875000 413 419 
 48 1.000000 0.916667 417 873 
 49 1.000000 0.958333 874 877 
 50 0.958333 1.000000 866 880 
 51 0.916667 1.000000 466 868 
 52 0.875000 1.000000 454 468 
 53 0.833333 1.000000 456 1662 
 54 0.791667 1.000000 1664 1666 
 55 0.750000 1.000000 1668 1684 
 56 0.708333 1.000000 1683 1688 
 57 0.666667 1.000000 1550 1687 
 58 0.625000 1.000000 1552 1554 
 59 0.583333 1.000000 1556 1772 
 60 0.541667 1.000000 1771 1776 
 61 0.500000 1.000000 292 1775 
 62 0.458333 1.000000 280 291 
 63 0.416667 1.000000 279 1110 
 64 0.375000 1.000000 1098 1112 
 65 0.333333 1.000000 966 1100 
 66 0.291667 1.000000 968 970 
 67 0.250000 1.000000 972 986 
 68 0.208333 1.000000 988 990 
 69 0.166667 1.000000 992 1176 
 70 0.125000 1.000000 1175 1180 
 71 0.083333 1.000000 684 1179 
 72 0.041667 1.000000 683 688 
 73 0.000000 0.958333 675 685 
 74 0.000000 0.916667 313 673 
 75 0.000000 0.875000 314 317 
 76 0.000000 0.833333 318 1831 
 77 0.000000 0.791667 1819 1829 
 78 0.000000 0.750000 1763 1817 
 79 0.000000 0.708333 1761 1767 
 80 0.000000 0.666667 1051 1765 
 81 0.000000 0.625000 1049 1055 
 82 0.000000 0.583333 1053 1287 
 83 0.000000 0.541667 1285 1291 
 84 0.000000 0.500000 1081 1289 
 85 0.000000 0.458333 1082 1085 
 86 0.000000 0.416667 479 1086 
 87 0.000000 0.375000 477 483 
 88 0.000000 0.333333 481 825 
 89 0.000000 0.291667 826 829 
 90 0.000000 0.250000 830 917 
 91 0.000000 0.208333 918 921 
 92 0.000000 0.166667 429 922 
 93 0.000000 0.125000 430 433 
 94 0.000000 0.083333 434 553 
 95 0.000000 0.041667 554 557 
 96 0.083333 0.583331 997 1058 1284 1595 
 97 0.916666 0.499998 397 1023 1214 1365 
 98 0.416666 0.083331 82 141 1587 1618 
 99 0.583333 0.916665 1559 1746 1782 1811 
 100 0.750000 0.083332 220 588 1139 1146 
 101 0.916666 0.666665 526 572 701 851 
 102 0.250000 0.916665 202 293 975 981 
 103 0.083333 0.333331 470 749 789 823 
 104 0.750000 0.916665 618 1671 1678 1715 
 105 0.250000 0.083332 1525 1534 1572 1791 
 106 0.083333 0.833332 324 438 1735 1828 
 107 0.916667 0.166666 1311 1406 1457 1648 
 108 0.916667 0.916666 406 461 871 901 
 109 0.083333 0.083333 170 424 567 1625 
 110 0.083333 0.916666 311 449 678 1181 
 111 0.083333 0.499998 333 1095 1278 1597 
 112 0.416666 0.916665 281 349 1105 1421 
 113 0.916666 0.333331 613 1165 1494 1503 
 114 0.583333 0.083331 59 548 1238 1268 
 115 0.083333 0.249998 237 738 820 915 
 116 0.916666 0.749998 253 690 864 883 
 117 0.083333 0.749998 1691 1721 1760 1822 
 118 0.916667 0.083333 670 1253 1396 1455 
 119 0.166666 0.583329 1002 1355 1436 1608 
 120 0.833333 0.749997 251 373 654 696 
 121 0.166666 0.249997 186 235 648 744 
 122 0.166666 0.833331 304 444 836 1732 
 123 0.333333 0.916665 197 354 961 1103 
 124 0.833333 0.166665 593 715 1324 1462 
 125 0.083333 0.166666 165 242 427 928 
 126 0.666666 0.083331 214 551 1125 1233 
 127 0.916667 0.833332 258 412 896 899 
 128 0.833333 0.916666 459 629 906 1657 
 129 0.916666 0.583331 402 521 575 1020 
 130 0.916666 0.416665 1170 1220 1363 1500 
 131 0.083333 0.416664 338 476 787 1092 
 132 0.500000 0.916665 286 1419 1777 1813 
 133 0.500000 0.083331 60 144 1262 1624 
 134 0.333333 0.083331 83 1529 1575 1584 
 135 0.083333 0.666665 995 1064 1693 1754 
 136 0.916666 0.249998 611 1313 1484 1642 
 137 0.666666 0.916665 1545 1673 1717 1741 
 138 0.166667 0.916666 298 447 979 1186 
 139 0.833333 0.083332 591 1141 1258 1452 
 140 0.166667 0.083332 160 1514 1639 1788 
 141 0.499999 0.166662 1042 1273 1300 1611 
 142 0.833333 0.416663 734 1075 1160 1376 
 143 0.499999 0.833329 88 146 1432 1802 
 144 0.166666 0.666663 815 1008 1352 1698 
 145 0.166666 0.166664 163 176 232 1798 
 146 0.333333 0.833330 195 344 770 1032 
 147 0.750000 0.833330 46 153 624 1712 
 148 0.250000 0.833330 192 307 776 846 
 149 0.250000 0.166664 179 1192 1566 1793 
 150 0.666666 0.166663 209 498 537 951 
 151 0.750000 0.166664 207 504 598 712 
 152 0.833333 0.583329 392 535 1118 1205 
 153 0.166666 0.416662 276 328 756 800 
 154 0.166666 0.499996 270 331 1439 1602 
 155 0.833333 0.666663 532 649 699 1210 
 156 0.166666 0.333330 642 747 759 794 
 157 0.416666 0.166663 1294 1475 1589 1613 
 158 0.833333 0.833331 248 378 627 912 
 159 0.583333 0.833329 145 149 1752 1808 
 160 0.166666 0.749997 812 839 1704 1726 
 161 0.833333 0.333330 369 602 729 1163 
 162 0.833333 0.249997 367 608 717 1318 
 163 0.249999 0.583328 49 139 1357 1446 
 164 0.416666 0.249994 387 1305 1338 1477 
 165 0.583333 0.749995 57 133 148 150 
 166 0.749999 0.416661 26 496 724 1072 
 167 0.249999 0.416661 72 263 516 766 
 168 0.666666 0.249995 509 953 1331 1378 
 169 0.749999 0.583328 81 92 95 120 
 170 0.333333 0.749995 79 124 135 781 
 171 0.749999 0.749996 47 65 76 156 
 172 0.249999 0.333328 519 637 761 930 
 173 0.249999 0.249996 181 635 936 1202 
 174 0.416666 0.833329 89 347 1026 1426 
 175 0.583333 0.166663 542 948 1048 1271 
 176 0.833333 0.499996 395 1077 1113 1370 
 177 0.749999 0.333328 358 490 727 1387 
 178 0.249999 0.666662 48 801 1346 1415 
 179 0.333333 0.166663 1195 1472 1561 1578 
 180 0.666666 0.833330 152 154 1706 1739 
 181 0.749999 0.249996 364 507 706 1384 
 182 0.249999 0.749996 779 806 841 1412 
 183 0.416666 0.749994 35 80 86 123 
 184 0.583333 0.249994 228 958 1035 1328 
 185 0.499999 0.749994 34 87 134 147 
 186 0.749999 0.666662 66 75 93 94 
 187 0.333332 0.416660 42 64 73 97 
 188 0.499999 0.249994 222 1037 1303 1344 
 189 0.749999 0.499994 27 119 1066 1123 
 190 0.249999 0.499994 71 140 265 1441 
 191 0.666666 0.416660 29 62 67 106 
 192 0.666666 0.333327 105 485 1333 1389 
 193 0.333332 0.583326 50 110 115 138 
 194 0.333333 0.666661 51 114 125 136 
 195 0.666666 0.749995 56 77 151 155 
 196 0.333333 0.333327 43 53 63 941 
 197 0.333333 0.249995 384 939 1197 1466 
 198 0.583332 0.666660 4 54 129 132 
 199 0.499999 0.666660 5 32 37 131 
 200 0.499999 0.333326 17 25 38 121 
 201 0.416666 0.416659 22 40 45 98 
 202 0.583332 0.416659 13 19 70 107 
 203 0.416666 0.583326 1 30 109 116 
 204 0.583332 0.333327 18 24 104 112 
 205 0.416666 0.666660 33 36 113 126 
 206 0.416666 0.333327 41 44 52 122 
 207 0.333332 0.499993 74 96 111 137 
 208 0.666666 0.499993 28 68 102 118 
 209 0.666666 0.583327 91 103 117 127 
 210 0.666666 0.666661 55 78 90 128 
 211 0.499999 0.583326 0 6 8 31 
 212 0.583332 0.499992 10 14 69 101 
 213 0.583332 0.583326 7 11 100 130 
 214 0.499999 0.416659 12 16 23 39 
 215 0.416666 0.499992 2 21 99 108 
 216 0.499999 0.499992 3 9 15 20 
 217 0.166666 0.124998 159 164 1786 1800 
 218 0.125000 0.166665 161 167 230 244 
 219 0.083333 0.124999 166 169 423 428 
 220 0.125000 0.083332 158 172 1627 1637 
 221 0.125000 0.124999 157 162 168 171 
 222 0.458332 0.583326 0 1 30 31 
 223 0.416666 0.541659 1 2 108 109 
 224 0.458332 0.499992 2 3 20 21 
 225 0.499999 0.541659 0 3 8 9 
 226 0.458332 0.541659 0 1 2 3 
 227 0.541666 0.666660 4 5 131 132 
 228 0.499999 0.624993 5 6 31 32 
 229 0.541666 0.583326 6 7 8 11 
 230 0.583332 0.624993 4 7 129 130 
 231 0.541666 0.624993 4 5 6 7 
 232 0.541666 0.499992 9 10 14 15 
 233 0.583332 0.541659 10 11 100 101 
 234 0.541666 0.541659 8 9 10 11 
 235 0.541666 0.416659 12 13 16 19 
 236 0.583332 0.458326 13 14 69 70 
 237 0.499999 0.458326 12 15 20 23 
 238 0.541666 0.458326 12 13 14 15 
 239 0.208333 0.166664 175 180 1794 1797 
 240 0.250000 0.208330 177 183 1190 1204 
 241 0.208333 0.249996 182 185 636 647 
 242 0.166666 0.208331 174 188 231 236 
 243 0.208333 0.208330 173 178 184 187 
 244 0.291666 0.833330 191 196 772 774 
 245 0.333333 0.874997 193 199 342 356 
 246 0.291666 0.916665 198 201 963 973 
 247 0.250000 0.874998 190 204 295 305 
 248 0.291666 0.874997 189 194 200 203 
 249 0.499999 0.374993 16 17 38 39 
 250 0.541666 0.333326 17 18 24 25 
 251 0.583332 0.374993 18 19 104 107 
 252 0.541666 0.374993 16 17 18 19 
 253 0.416666 0.458326 21 22 98 99 
 254 0.458332 0.416659 22 23 39 40 
 255 0.458332 0.458326 20 21 22 23 
 256 0.708333 0.166663 205 211 500 502 
 257 0.666666 0.124997 210 213 539 549 
 258 0.708333 0.083332 216 218 1127 1137 
 259 0.750000 0.124998 208 219 586 600 
 260 0.708333 0.124997 206 212 215 217 
 261 0.541666 0.249994 224 226 1033 1039 
 262 0.583333 0.291660 24 112 227 1326 
 263 0.499999 0.291660 25 121 221 1343 
 264 0.541666 0.291660 24 25 223 225 
 265 0.125000 0.249998 233 239 740 742 
 266 0.083333 0.208332 238 241 916 927 
 267 0.125000 0.208331 229 234 240 243 
 268 0.833333 0.791664 247 252 374 377 
 269 0.875000 0.749998 249 255 692 694 
 270 0.916666 0.791665 254 257 884 895 
 271 0.875000 0.833332 246 260 900 911 
 272 0.875000 0.791665 245 250 256 259 
 273 0.249999 0.458327 71 72 261 267 
 274 0.208333 0.499995 266 269 1437 1443 
 275 0.166666 0.458329 272 274 327 332 
 276 0.208333 0.416662 264 275 754 768 
 277 0.208333 0.458328 262 268 271 273 
 278 0.749999 0.458328 26 27 1068 1070 
 279 0.708332 0.499994 27 28 118 119 
 280 0.666666 0.458327 28 29 67 68 
 281 0.708333 0.416660 26 29 62 495 
 282 0.708333 0.458327 26 27 28 29 
 283 0.458332 0.666660 32 33 36 37 
 284 0.416666 0.624993 30 33 113 116 
 285 0.458332 0.624993 30 31 32 33 
 286 0.458333 0.749994 34 35 86 87 
 287 0.416666 0.708327 35 36 123 126 
 288 0.499999 0.708327 34 37 131 134 
 289 0.458333 0.708327 34 35 36 37 
 290 0.416667 0.958332 277 283 1106 1109 
 291 0.458333 0.916665 282 285 1417 1423 
 292 0.500000 0.958332 288 290 1773 1779 
 293 0.458333 0.958332 278 284 287 289 
 294 0.208333 0.916665 294 297 977 983 
 295 0.166666 0.874998 300 302 443 448 
 296 0.208333 0.833331 303 308 834 848 
 297 0.208333 0.874998 296 299 301 306 
 298 0.041667 0.916666 309 315 674 677 
 299 0.041667 0.833333 320 322 1827 1832 
 300 0.083333 0.874999 312 323 437 450 
 301 0.041667 0.875000 310 316 319 321 
 302 0.416666 0.374993 40 41 44 45 
 303 0.458332 0.333326 38 41 121 122 
 304 0.458332 0.374993 38 39 40 41 
 305 0.125000 0.499997 329 335 1598 1601 
 306 0.083333 0.458331 334 337 1091 1096 
 307 0.125000 0.416663 326 340 788 799 
 308 0.125000 0.458330 325 330 336 339 
 309 0.374999 0.833330 343 348 1028 1030 
 310 0.416666 0.874997 345 351 1422 1425 
 311 0.375000 0.916665 350 353 1101 1107 
 312 0.375000 0.874997 341 346 352 355 
 313 0.333332 0.374993 42 43 63 64 
 314 0.374999 0.333327 43 44 52 53 
 315 0.374999 0.416659 42 45 97 98 
 316 0.374999 0.374993 42 43 44 45 
 317 0.749999 0.291662 360 362 1383 1388 
 318 0.791666 0.249996 363 368 705 718 
 319 0.833333 0.291663 365 371 604 606 
 320 0.791666 0.333329 357 370 725 731 
 321 0.791666 0.291663 359 361 366 372 
 322 0.791666 0.833331 46 380 623 628 
 323 0.750000 0.791663 46 47 153 156 
 324 0.791666 0.749997 47 65 375 656 
 325 0.791666 0.791664 46 47 376 379 
 326 0.249999 0.624995 48 49 1345 1358 
 327 0.291666 0.583327 49 50 138 139 
 328 0.333332 0.624994 50 51 114 115 
 329 0.291666 0.666661 48 51 136 1413 
 330 0.291666 0.624994 48 49 50 51 
 331 0.333333 0.291661 53 382 937 943 
 332 0.374999 0.249995 383 388 1465 1478 
 333 0.416666 0.291660 52 122 385 1337 
 334 0.374999 0.291661 52 53 381 386 
 335 0.624999 0.666660 54 55 128 129 
 336 0.666666 0.708328 55 56 77 78 
 337 0.624999 0.749995 56 57 150 151 
 338 0.583333 0.708327 54 57 132 133 
 339 0.624999 0.708328 54 55 56 57 
 340 0.833333 0.541663 391 396 1114 1117 
 341 0.875000 0.499997 393 399 1366 1369 
 342 0.916666 0.541665 398 401 1019 1024 
 343 0.875000 0.583330 390 404 523 533 
 344 0.875000 0.541664 389 394 400 403 
 345 0.916667 0.874999 408 410 897 903 
 346 0.958333 0.833333 411 416 892 894 
 347 0.958333 0.916666 405 418 869 875 
 348 0.958333 0.875000 407 409 414 420 
 349 0.041667 0.166666 425 431 924 926 
 350 0.041667 0.083333 422 436 555 565 
 351 0.041667 0.125000 421 426 432 435 
 352 0.125000 0.833332 440 442 1731 1736 
 353 0.125000 0.916666 445 451 1182 1185 
 354 0.125000 0.874999 439 441 446 452 
 355 0.583333 0.041666 58 59 1240 1242 
 356 0.541666 0.083331 59 60 1264 1266 
 357 0.500000 0.041666 60 61 143 144 
 358 0.541667 0.041666 58 59 60 61 
 359 0.833333 0.958333 455 460 1658 1661 
 360 0.875000 0.916666 457 463 902 905 
 361 0.916667 0.958333 462 465 867 872 
 362 0.875000 0.958333 453 458 464 467 
 363 0.083333 0.374998 472 474 785 791 
 364 0.041667 0.416666 475 480 1088 1090 
 365 0.041667 0.333332 469 482 821 827 
 366 0.041667 0.374999 471 473 478 484 
 367 0.666666 0.374994 62 105 106 487 
 368 0.708333 0.333328 486 489 1385 1391 
 369 0.749999 0.374995 492 494 723 728 
 370 0.708333 0.374994 62 488 491 493 
 371 0.750000 0.208330 503 508 708 710 
 372 0.708333 0.249995 505 511 1380 1382 
 373 0.666666 0.208329 497 510 949 955 
 374 0.708333 0.208329 499 501 506 512 
 375 0.291666 0.416660 64 72 73 514 
 376 0.249999 0.374994 515 520 762 765 
 377 0.291666 0.333328 63 517 929 942 
 378 0.291666 0.374994 63 64 513 518 
 379 0.916666 0.624998 522 525 571 576 
 380 0.875000 0.666664 528 530 697 703 
 381 0.833333 0.624996 531 536 1206 1209 
 382 0.875000 0.624997 524 527 529 534 
 383 0.624999 0.166663 538 541 947 952 
 384 0.583333 0.124997 544 546 1267 1272 
 385 0.625000 0.083331 547 552 1234 1237 
 386 0.625000 0.124997 540 543 545 550 
 387 0.083333 0.041666 563 568 1626 1629 
 388 0.041667 0.041667 556 559 561 566 
 389 0.958333 0.583332 573 579 1016 1018 
 390 0.958333 0.666666 570 584 849 855 
 391 0.958333 0.624999 569 574 580 583 
 392 0.791666 0.083332 587 592 1142 1145 
 393 0.833333 0.124998 589 595 1450 1464 
 394 0.791666 0.166664 594 597 711 716 
 395 0.791666 0.124998 585 590 596 599 
 396 0.875000 0.249998 607 612 1314 1317 
 397 0.916666 0.291665 609 615 1482 1496 
 398 0.875000 0.333331 601 614 1161 1167 
 399 0.875000 0.291664 603 605 610 616 
 400 0.750000 0.874998 620 622 1711 1716 
 401 0.833333 0.874998 625 631 908 910 
 402 0.791666 0.916665 617 630 1659 1669 
 403 0.791666 0.874998 619 621 626 632 
 404 0.249999 0.291662 633 639 932 934 
 405 0.208333 0.333329 638 641 757 763 
 406 0.166666 0.291663 644 646 743 748 
 407 0.208333 0.291663 634 640 643 645 
 408 0.749999 0.708329 65 66 75 76 
 409 0.791666 0.666663 66 94 651 1212 
 410 0.833333 0.708330 650 653 695 700 
 411 0.791666 0.708330 65 66 652 655 
 412 0.958333 0.083333 666 669 1395 1400 
 413 0.916667 0.041666 658 672 1249 1255 
 414 0.958333 0.041667 657 662 668 671 
 415 0.083333 0.958333 680 682 1177 1183 
 416 0.041667 0.958333 676 679 681 686 
 417 0.916666 0.708332 689 702 852 863 
 418 0.875000 0.708331 691 693 698 704 
 419 0.833333 0.208331 713 719 1320 1322 
 420 0.791666 0.208330 707 709 714 720 
 421 0.833333 0.374996 730 733 1159 1164 
 422 0.791666 0.416662 722 736 1071 1076 
 423 0.791666 0.374995 721 726 732 735 
 424 0.125000 0.333330 745 751 790 793 
 425 0.083333 0.291665 737 750 819 824 
 426 0.125000 0.291664 739 741 746 752 
 427 0.166666 0.374996 755 760 796 798 
 428 0.208333 0.374995 753 758 764 767 
 429 0.250000 0.791663 775 780 842 845 
 430 0.291666 0.749995 135 777 783 1410 
 431 0.333333 0.791662 79 769 782 1031 
 432 0.291666 0.791663 771 773 778 784 
 433 0.125000 0.374997 786 792 795 797 
 434 0.249999 0.708329 802 805 1411 1416 
 435 0.208333 0.749996 808 810 837 843 
 436 0.166666 0.708330 811 816 1700 1702 
 437 0.208333 0.666662 803 813 1348 1350 
 438 0.208333 0.708329 804 807 809 814 
 439 0.624999 0.499993 68 69 101 102 
 440 0.624999 0.416660 67 70 106 107 
 441 0.624999 0.458326 67 68 69 70 
 442 0.041667 0.249999 818 832 913 919 
 443 0.041667 0.291666 817 822 828 831 
 444 0.166666 0.791664 835 840 1728 1730 
 445 0.208333 0.791664 833 838 844 847 
 446 0.958333 0.749999 860 862 881 887 
 447 0.958333 0.708332 850 856 859 861 
 448 0.958333 0.958333 865 870 876 879 
 449 0.958333 0.791666 882 888 891 893 
 450 0.875000 0.874999 898 904 907 909 
 451 0.333332 0.458326 73 74 96 97 
 452 0.291666 0.499994 71 74 137 140 
 453 0.291666 0.458327 71 72 73 74 
 454 0.041667 0.208333 914 920 923 925 
 455 0.291666 0.249995 935 940 1198 1201 
 456 0.291666 0.291661 931 933 938 944 
 457 0.624999 0.249995 954 957 1327 1332 
 458 0.583333 0.208328 946 960 1036 1047 
 459 0.624999 0.208329 945 950 956 959 
 460 0.708333 0.749996 76 77 155 156 
 461 0.708333 0.666661 75 78 90 93 
 462 0.708333 0.708328 75 76 77 78 
 463 0.333333 0.958332 962 965 1099 1104 
 464 0.250000 0.958333 971 976 982 985 
 465 0.291667 0.958332 964 967 969 974 
 466 0.166667 0.958333 980 991 1174 1188 
 467 0.208333 0.958333 978 984 987 989 
 468 0.083333 0.624998 993 999 1060 1062 
 469 0.125000 0.583330 998 1001 1596 1607 
 470 0.166666 0.624996 1004 1006 1351 1356 
 471 0.125000 0.666664 996 1007 1694 1697 
 472 0.125000 0.624997 994 1000 1003 1005 
 473 0.958333 0.499999 1011 1021 1213 1226 
 474 0.958333 0.541666 1012 1015 1017 1022 
 475 0.374999 0.749995 79 80 123 124 
 476 0.416666 0.791662 80 86 89 1025 
 477 0.374999 0.791662 79 80 1027 1029 
 478 0.499999 0.208328 1038 1041 1299 1304 
 479 0.541666 0.166662 1044 1046 1269 1275 
 480 0.541666 0.208328 1034 1040 1043 1045 
 481 0.041667 0.583332 1054 1057 1283 1288 
 482 0.041667 0.666666 1052 1063 1753 1766 
 483 0.041667 0.624999 1050 1056 1059 1061 
 484 0.833333 0.458329 1073 1079 1372 1374 
 485 0.791666 0.499995 1065 1078 1115 1121 
 486 0.791666 0.458328 1067 1069 1074 1080 
 487 0.041667 0.499999 1083 1093 1277 1290 
 488 0.041667 0.458332 1084 1087 1089 1094 
 489 0.375000 0.958332 1097 1102 1108 1111 
 490 0.791666 0.583329 81 95 1120 1207 
 491 0.749999 0.541661 81 119 120 1124 
 492 0.791666 0.541662 81 1116 1119 1122 
 493 0.666667 0.041666 1126 1129 1229 1235 
 494 0.750000 0.041666 1135 1140 1148 1150 
 495 0.708333 0.041666 1128 1131 1133 1138 
 496 0.833333 0.041666 1143 1153 1246 1260 
 497 0.791667 0.041666 1144 1147 1149 1154 
 498 0.375000 0.083331 82 83 1583 1588 
 499 0.333333 0.041666 83 84 1531 1541 
 500 0.416667 0.041666 82 85 141 142 
 501 0.375000 0.041666 82 83 84 85 
 502 0.916666 0.374998 1166 1169 1499 1504 
 503 0.875000 0.416664 1158 1172 1364 1375 
 504 0.875000 0.374997 1157 1162 1168 1171 
 505 0.499999 0.791662 87 88 146 147 
 506 0.458333 0.833329 88 89 1428 1430 
 507 0.458333 0.791662 86 87 88 89 
 508 0.666666 0.624994 90 91 127 128 
 509 0.708333 0.583327 91 92 117 120 
 510 0.749999 0.624995 92 93 94 95 
 511 0.708333 0.624994 90 91 92 93 
 512 0.125000 0.958333 1173 1178 1184 1187 
 513 0.291666 0.166663 1191 1196 1562 1565 
 514 0.333333 0.208329 1193 1199 1468 1470 
 515 0.291666 0.208329 1189 1194 1200 1203 
 516 0.791666 0.624996 94 95 1208 1211 
 517 0.916666 0.458331 1216 1218 1361 1367 
 518 0.958333 0.416666 1219 1224 1498 1512 
 519 0.958333 0.458332 1215 1217 1222 1228 
 520 0.625000 0.041666 1230 1236 1239 1241 
 521 0.374999 0.499993 96 99 108 111 
 522 0.374999 0.458326 96 97 98 99 
 523 0.666666 0.541660 102 103 117 118 
 524 0.624999 0.583326 100 103 127 130 
 525 0.624999 0.541660 100 101 102 103 
 526 0.875000 0.083332 1254 1257 1451 1456 
 527 0.875000 0.041666 1245 1250 1256 1259 
 528 0.500000 0.124997 1261 1274 1612 1623 
 529 0.541666 0.124997 1263 1265 1270 1276 
 530 0.083333 0.541664 1280 1282 1593 1599 
 531 0.041667 0.541666 1279 1281 1286 1292 
 532 0.458333 0.166662 1296 1298 1609 1615 
 533 0.458333 0.249994 1301 1307 1340 1342 
 534 0.416666 0.208328 1293 1306 1473 1479 
 535 0.458333 0.208328 1295 1297 1302 1308 
 536 0.624999 0.333327 104 105 112 1334 
 537 0.624999 0.374993 104 105 106 107 
 538 0.374999 0.583326 109 110 115 116 
 539 0.333332 0.541660 110 111 137 138 
 540 0.374999 0.541659 108 109 110 111 
 541 0.916666 0.208332 1309 1315 1644 1646 
 542 0.875000 0.166665 1312 1323 1458 1461 
 543 0.875000 0.208331 1310 1316 1319 1321 
 544 0.666666 0.291661 1329 1335 1377 1390 
 545 0.624999 0.291661 112 1325 1330 1336 
 546 0.374999 0.666660 113 114 125 126 
 547 0.374999 0.624993 113 114 115 116 
 548 0.708333 0.541661 117 118 119 120 
 549 0.458332 0.291660 121 122 1339 1341 
 550 0.208333 0.583328 1353 1359 1434 1448 
 551 0.208333 0.624995 1347 1349 1354 1360 
 552 0.333333 0.708328 124 125 135 136 
 553 0.374999 0.708328 123 124 125 126 
 554 0.875000 0.458330 1362 1368 1371 1373 
 555 0.624999 0.624993 127 128 129 130 
 556 0.708333 0.291662 1379 1381 1386 1392 
 557 0.958333 0.166666 1402 1405 1647 1652 
 558 0.916667 0.124999 1394 1408 1453 1459 
 559 0.958333 0.125000 1393 1398 1404 1407 
 560 0.541666 0.749994 133 134 147 148 
 561 0.541666 0.708327 131 132 133 134 
 562 0.291666 0.708328 135 136 1409 1414 
 563 0.500000 0.874997 1420 1431 1801 1814 
 564 0.458333 0.874997 1418 1424 1427 1429 
 565 0.166666 0.541662 1435 1440 1604 1606 
 566 0.249999 0.541661 139 140 1442 1445 
 567 0.208333 0.541662 1433 1438 1444 1447 
 568 0.291666 0.541660 137 138 139 140 
 569 0.875000 0.124999 1449 1454 1460 1463 
 570 0.374999 0.166663 1471 1476 1577 1590 
 571 0.374999 0.208329 1467 1469 1474 1480 
 572 0.458333 0.083331 141 144 1620 1622 
 573 0.458333 0.041666 141 142 143 144 
 574 0.541666 0.833329 145 146 1804 1806 
 575 0.583333 0.791662 145 148 149 150 
 576 0.541666 0.791662 145 146 147 148 
 577 0.958333 0.249999 1483 1488 1641 1654 
 578 0.958333 0.333332 1490 1493 1501 1507 
 579 0.958333 0.291666 1481 1486 1492 1495 
 580 0.958333 0.374999 1497 1502 1508 1511 
 581 0.166667 0.041666 1516 1518 1635 1640 
 582 0.250000 0.041666 1521 1527 1536 1538 
 583 0.208333 0.083332 1513 1526 1787 1792 
 584 0.208333 0.041666 1515 1517 1522 1528 
 585 0.291666 0.083332 1530 1533 1571 1576 
 586 0.291667 0.041666 1532 1535 1537 1542 
 587 0.666666 0.791663 151 152 154 155 
 588 0.625000 0.833330 149 152 1740 1751 
 589 0.624999 0.791662 149 150 151 152 
 590 0.666667 0.958332 1546 1549 1675 1685 
 591 0.583333 0.958332 1555 1560 1770 1784 
 592 0.625000 0.916665 1547 1557 1742 1745 
 593 0.625000 0.958332 1548 1551 1553 1558 
 594 0.250000 0.124998 1568 1570 1789 1795 
 595 0.333333 0.124997 1563 1573 1580 1582 
 596 0.291666 0.124997 1564 1567 1569 1574 
 597 0.416666 0.124997 1585 1591 1614 1617 
 598 0.375000 0.124997 1579 1581 1586 1592 
 599 0.125000 0.541663 1594 1600 1603 1605 
 600 0.458333 0.124997 1610 1616 1619 1621 
 601 0.125000 0.041666 1628 1631 1633 1638 
 602 0.958333 0.208333 1643 1645 1650 1656 
 603 0.750000 0.958333 1667 1672 1680 1682 
 604 0.791667 0.958333 1660 1663 1665 1670 
 605 0.708333 0.916665 1674 1677 1713 1719 
 606 0.708333 0.958333 1676 1679 1681 1686 
 607 0.083333 0.708332 1689 1695 1756 1758 
 608 0.125000 0.749998 1692 1703 1722 1725 
 609 0.125000 0.708331 1690 1696 1699 1701 
 610 0.708333 0.833330 153 154 1708 1710 
 611 0.708333 0.791663 153 154 155 156 
 612 0.666666 0.874997 1705 1718 1737 1743 
 613 0.708333 0.874998 1707 1709 1714 1720 
 614 0.083333 0.791665 1723 1733 1824 1826 
 615 0.125000 0.791665 1724 1727 1729 1734 
 616 0.583333 0.874997 1748 1750 1807 1812 
 617 0.625000 0.874997 1738 1744 1747 1749 
 618 0.041667 0.749999 1759 1764 1818 1821 
 619 0.041667 0.708332 1755 1757 1762 1768 
 620 0.541666 0.916665 1778 1781 1809 1815 
 621 0.541667 0.958332 1769 1774 1780 1783 
 622 0.208333 0.124998 1785 1790 1796 1799 
 623 0.541666 0.874997 1803 1805 1810 1816 
 624 0.041667 0.791666 1820 1823 1825 1830 
 625 0.020833 0.000000 558 560 
 626 0.979167 0.000000 663 664 
 627 0.020833 1.000000 687 688 
 628 0.979167 1.000000 878 880 
 629 0.062500 0.000000 562 564 
 630 0.104167 0.000000 1630 1632 
 631 0.145833 0.000000 1634 1636 
 632 0.187500 0.000000 1519 1520 
 633 0.229167 0.000000 1523 1524 
 634 0.270833 0.000000 1539 1540 
 635 0.312500 0.000000 1543 1544 
 636 0.604167 0.000000 1243 1244 
 637 0.645833 0.000000 1231 1232 
 638 0.687500 0.000000 1130 1132 
 639 0.729167 0.000000 1134 1136 
 640 0.770833 0.000000 1151 1152 
 641 0.812500 0.000000 1155 1156 
 642 0.854167 0.000000 1247 1248 
 643 0.895833 0.000000 1251 1252 
 644 0.937500 0.000000 659 660 
 645 1.000000 0.020833 661 663 
 646 0.979167 0.041667 661 662 667 668 
 647 1.000000 0.062500 665 667 
 648 0.979167 0.083333 665 666 1399 1400 
 649 1.000000 0.104167 1397 1399 
 650 0.979167 0.125000 1397 1398 1403 1404 
 651 1.000000 0.145833 1401 1403 
 652 0.979167 0.166666 1401 1402 1651 1652 
 653 1.000000 0.187500 1649 1651 
 654 0.979167 0.208333 1649 1650 1655 1656 
 655 1.000000 0.229167 1653 1655 
 656 0.979167 0.250000 1487 1488 1653 1654 
 657 1.000000 0.270833 1485 1487 
 658 0.979167 0.291666 1485 1486 1491 1492 
 659 1.000000 0.312500 1489 1491 
 660 1.000000 0.354167 1505 1506 
 661 0.979167 0.333333 1489 1490 1505 1507 
 662 1.000000 0.395833 1509 1510 
 663 0.979167 0.374999 1506 1508 1509 1511 
 664 0.979167 0.416666 1223 1224 1510 1512 
 665 1.000000 0.437500 1221 1223 
 666 0.979167 0.458333 1221 1222 1227 1228 
 667 1.000000 0.479167 1225 1227 
 668 1.000000 0.520833 1009 1010 
 669 0.979167 0.499999 1009 1011 1225 1226 
 670 1.000000 0.562500 1013 1014 
 671 0.979167 0.541666 1010 1012 1013 1015 
 672 1.000000 0.604167 577 578 
 673 0.979167 0.583333 577 579 1014 1016 
 674 1.000000 0.645833 581 582 
 675 0.979167 0.625000 578 580 581 583 
 676 1.000000 0.687500 853 854 
 677 0.979167 0.666666 582 584 853 855 
 678 1.000000 0.729167 857 858 
 679 0.979167 0.708333 854 856 857 859 
 680 1.000000 0.770833 885 886 
 681 0.979167 0.750000 858 860 885 887 
 682 1.000000 0.812500 889 890 
 683 0.979167 0.791666 886 888 889 891 
 684 0.979167 0.833333 415 416 890 892 
 685 1.000000 0.854167 413 415 
 686 0.979167 0.875000 413 414 419 420 
 687 1.000000 0.895833 417 419 
 688 1.000000 0.937500 873 874 
 689 0.979167 0.916667 417 418 873 875 
 690 1.000000 0.979167 877 878 
 691 0.979167 0.958333 874 876 877 879 
 692 0.937500 1.000000 866 868 
 693 0.895833 1.000000 466 468 
 694 0.854167 1.000000 454 456 
 695 0.812500 1.000000 1662 1664 
 696 0.770833 1.000000 1666 1668 
 697 0.729167 1.000000 1683 1684 
 698 0.687500 1.000000 1687 1688 
 699 0.645833 1.000000 1550 1552 
 700 0.604167 1.000000 1554 1556 
 701 0.562500 1.000000 1771 1772 
 702 0.520833 1.000000 1775 1776 
 703 0.479167 1.000000 291 292 
 704 0.437500 1.000000 279 280 
 705 0.395833 1.000000 1110 1112 
 706 0.354167 1.000000 1098 1100 
 707 0.312500 1.000000 966 968 
 708 0.270833 1.000000 970 972 
 709 0.229167 1.000000 986 988 
 710 0.187500 1.000000 990 992 
 711 0.145833 1.000000 1175 1176 
 712 0.104167 1.000000 1179 1180 
 713 0.062500 1.000000 683 684 
 714 0.000000 0.979167 685 687 
 715 0.020833 0.958333 675 676 685 686 
 716 0.000000 0.937500 673 675 
 717 0.000000 0.895833 313 314 
 718 0.020833 0.916667 313 315 673 674 
 719 0.000000 0.854167 317 318 
 720 0.020833 0.875000 314 316 317 319 
 721 0.020833 0.833333 318 320 1831 1832 
 722 0.000000 0.812500 1829 1831 
 723 0.020833 0.791666 1819 1820 1829 1830 
 724 0.000000 0.770833 1817 1819 
 725 0.020833 0.750000 1763 1764 1817 1818 
 726 0.000000 0.729167 1761 1763 
 727 0.020833 0.708333 1761 1762 1767 1768 
 728 0.000000 0.687500 1765 1767 
 729 0.020833 0.666666 1051 1052 1765 1766 
 730 0.000000 0.645833 1049 1051 
 731 0.020833 0.624999 1049 1050 1055 1056 
 732 0.000000 0.604167 1053 1055 
 733 0.020833 0.583333 1053 1054 1287 1288 
 734 0.000000 0.562500 1285 1287 
 735 0.020833 0.541666 1285 1286 1291 1292 
 736 0.000000 0.520833 1289 1291 
 737 0.000000 0.479167 1081 1082 
 738 0.020833 0.499999 1081 1083 1289 1290 
 739 0.000000 0.437500 1085 1086 
 740 0.020833 0.458333 1082 1084 1085 1087 
 741 0.020833 0.416666 479 480 1086 1088 
 742 0.000000 0.395833 477 479 
 743 0.020833 0.374999 477 478 483 484 
 744 0.000000 0.354167 481 483 
 745 0.000000 0.312500 825 826 
 746 0.020833 0.333333 481 482 825 827 
 747 0.000000 0.270833 829 830 
 748 0.020833 0.291666 826 828 829 831 
 749 0.000000 0.229167 917 918 
 750 0.020833 0.250000 830 832 917 919 
 751 0.000000 0.187500 921 922 
 752 0.020833 0.208333 918 920 921 923 
 753 0.000000 0.145833 429 430 
 754 0.020833 0.166666 429 431 922 924 
 755 0.000000 0.104167 433 434 
 756 0.020833 0.125000 430 432 433 435 
 757 0.000000 0.062500 553 554 
 758 0.020833 0.083333 434 436 553 555 
 759 0.000000 0.020833 557 558 
 760 0.020833 0.041667 554 556 557 559 
 761 0.083333 0.604164 997 999 1058 1060 
 762 0.104166 0.583331 997 998 1595 1596 
 763 0.895833 0.499997 397 399 1365 1366 
 764 0.916666 0.520831 397 398 1023 1024 
 765 0.916666 0.479164 1214 1216 1365 1367 
 766 0.395833 0.083331 1587 1588 
 767 0.437500 0.083331 1618 1620 
 768 0.583333 0.937498 1559 1560 1782 1784 
 769 0.583333 0.895831 1746 1748 1811 1812 
 770 0.750000 0.062499 1139 1140 1146 1148 
 771 0.895833 0.666664 526 528 701 703 
 772 0.916666 0.687498 701 702 851 852 
 773 0.250000 0.895831 202 204 293 295 
 774 0.229166 0.916665 293 294 981 983 
 775 0.250000 0.937499 975 976 981 982 
 776 0.083333 0.354165 470 472 789 791 
 777 0.104166 0.333331 749 751 789 790 
 778 0.083333 0.312498 749 750 823 824 
 779 0.750000 0.895832 618 620 1715 1716 
 780 0.750000 0.937499 1671 1672 1678 1680 
 781 0.250000 0.062499 1525 1527 1534 1536 
 782 0.229166 0.083332 1525 1526 1791 1792 
 783 0.104166 0.833332 438 440 1735 1736 
 784 0.895833 0.166665 1311 1312 1457 1458 
 785 0.916667 0.145832 1406 1408 1457 1459 
 786 0.916667 0.895833 406 408 901 903 
 787 0.895833 0.916666 461 463 901 902 
 788 0.916667 0.937500 461 462 871 872 
 789 0.104167 0.083333 170 172 1625 1627 
 790 0.083333 0.062500 567 568 1625 1626 
 791 0.083333 0.895833 311 312 449 450 
 792 0.104167 0.916666 449 451 1181 1182 
 793 0.083333 0.937500 678 680 1181 1183 
 794 0.104166 0.499997 333 335 1597 1598 
 795 0.083333 0.479164 333 334 1095 1096 
 796 0.083333 0.520831 1278 1280 1597 1599 
 797 0.416666 0.937498 281 283 1105 1106 
 798 0.437500 0.916665 281 282 1421 1423 
 799 0.416666 0.895831 349 351 1421 1422 
 800 0.395833 0.916665 349 350 1105 1107 
 801 0.916666 0.312498 613 615 1494 1496 
 802 0.895833 0.333331 613 614 1165 1167 
 803 0.916666 0.354165 1165 1166 1503 1504 
 804 0.583333 0.062498 1238 1240 
 805 0.104166 0.249998 237 239 738 740 
 806 0.083333 0.229165 237 238 915 916 
 807 0.895833 0.749998 253 255 690 692 
 808 0.916666 0.770832 253 254 883 884 
 809 0.104166 0.749998 1691 1692 1721 1722 
 810 0.083333 0.770832 1721 1723 1822 1824 
 811 0.916667 0.062500 670 672 1253 1255 
 812 0.895833 0.083333 1253 1254 1455 1456 
 813 0.166666 0.604163 1002 1004 1355 1356 
 814 0.833333 0.770831 251 252 373 374 
 815 0.812500 0.749997 373 375 654 656 
 816 0.166666 0.229164 186 188 235 236 
 817 0.333333 0.895831 197 199 354 356 
 818 0.312500 0.916665 197 198 961 963 
 819 0.333333 0.937499 961 962 1103 1104 
 820 0.833333 0.145831 593 595 1462 1464 
 821 0.812500 0.166664 593 594 715 716 
 822 0.104166 0.166665 165 167 242 244 
 823 0.083333 0.145832 165 166 427 428 
 824 0.687500 0.083331 214 216 1125 1127 
 825 0.645833 0.083331 551 552 1233 1234 
 826 0.666666 0.062499 1125 1126 1233 1235 
 827 0.895833 0.833332 258 260 899 900 
 828 0.833333 0.937499 459 460 1657 1658 
 829 0.833333 0.895832 629 631 906 908 
 830 0.812500 0.916666 629 630 1657 1659 
 831 0.895833 0.583331 402 404 521 523 
 832 0.916666 0.604165 521 522 575 576 
 833 0.895833 0.416664 1170 1172 1363 1364 
 834 0.104166 0.416664 338 340 787 788 
 835 0.500000 0.937498 286 288 1777 1779 
 836 0.500000 0.895831 1419 1420 1813 1814 
 837 0.520833 0.916665 1777 1778 1813 1815 
 838 0.520833 0.083331 1262 1264 
 839 0.333333 0.062499 1529 1531 
 840 0.312500 0.083331 1529 1530 1575 1576 
 841 0.104166 0.666664 995 996 1693 1694 
 842 0.083333 0.687498 1693 1695 1754 1756 
 843 0.895833 0.249998 611 612 1313 1314 
 844 0.916666 0.229165 1313 1315 1642 1644 
 845 0.666666 0.937499 1545 1546 1673 1675 
 846 0.645833 0.916665 1545 1547 1741 1742 
 847 0.687500 0.916665 1673 1674 1717 1719 
 848 0.666666 0.895831 1717 1718 1741 1743 
 849 0.166666 0.895832 298 300 447 448 
 850 0.166667 0.937499 979 980 1186 1188 
 851 0.812500 0.083332 591 592 1141 1142 
 852 0.833333 0.062499 1141 1143 1258 1260 
 853 0.166667 0.062499 1514 1516 1639 1640 
 854 0.520833 0.166662 1042 1044 1273 1275 
 855 0.499999 0.145830 1273 1274 1611 1612 
 856 0.812499 0.416662 734 736 1075 1076 
 857 0.520833 0.833329 1802 1804 
 858 0.166666 0.687496 815 816 1698 1700 
 859 0.166666 0.145831 163 164 1798 1800 
 860 0.312500 0.833330 195 196 770 772 
 861 0.229166 0.833331 307 308 846 848 
 862 0.229166 0.166664 179 180 1793 1794 
 863 0.250000 0.145831 1566 1568 1793 1795 
 864 0.687500 0.166663 209 211 498 500 
 865 0.666666 0.145830 209 210 537 539 
 866 0.645833 0.166663 537 538 951 952 
 867 0.750000 0.145831 207 208 598 600 
 868 0.833333 0.604163 535 536 1205 1206 
 869 0.812499 0.583329 1118 1120 1205 1207 
 870 0.166666 0.479162 270 272 331 332 
 871 0.166666 0.520829 1439 1440 1602 1604 
 872 0.812499 0.666663 649 651 1210 1212 
 873 0.833333 0.687497 649 650 699 700 
 874 0.166666 0.312496 642 644 747 748 
 875 0.166666 0.354163 759 760 794 796 
 876 0.437499 0.166662 1294 1296 1613 1615 
 877 0.395833 0.166663 1475 1476 1589 1590 
 878 0.416666 0.145830 1589 1591 1613 1614 
 879 0.812500 0.833331 378 380 627 628 
 880 0.166666 0.770831 839 840 1726 1728 
 881 0.833333 0.312497 369 371 602 604 
 882 0.812499 0.333329 369 370 729 731 
 883 0.833333 0.354163 729 730 1163 1164 
 884 0.812500 0.249997 367 368 717 718 
 885 0.833333 0.229164 717 719 1318 1320 
 886 0.249999 0.604161 1357 1358 
 887 0.229166 0.583328 1357 1359 1446 1448 
 888 0.395833 0.249994 387 388 1477 1478 
 889 0.437499 0.249994 1305 1307 1338 1340 
 890 0.416666 0.229161 1305 1306 1477 1479 
 891 0.229166 0.416661 263 264 766 768 
 892 0.687499 0.249995 509 511 1378 1380 
 893 0.666666 0.229162 509 510 953 955 
 894 0.645833 0.249995 953 954 1331 1332 
 895 0.312499 0.749995 781 783 
 896 0.333333 0.770829 781 782 
 897 0.249999 0.354161 519 520 761 762 
 898 0.249999 0.312495 637 639 930 932 
 899 0.229166 0.333328 637 638 761 763 
 900 0.249999 0.229163 181 183 1202 1204 
 901 0.229166 0.249996 181 182 635 636 
 902 0.395833 0.833329 347 348 1026 1028 
 903 0.437499 0.833329 1426 1428 
 904 0.583333 0.145830 542 544 1271 1272 
 905 0.833333 0.520829 395 396 1113 1114 
 906 0.833333 0.479163 1077 1079 1370 1372 
 907 0.812499 0.499996 1077 1078 1113 1115 
 908 0.749999 0.312495 358 360 1387 1388 
 909 0.749999 0.354161 490 492 727 728 
 910 0.249999 0.687495 801 802 1415 1416 
 911 0.229166 0.666662 801 803 1346 1348 
 912 0.312500 0.166663 1195 1196 1561 1562 
 913 0.333333 0.145830 1561 1563 1578 1580 
 914 0.645833 0.833330 1739 1740 
 915 0.687500 0.833330 1706 1708 
 916 0.749999 0.229163 507 508 706 708 
 917 0.249999 0.770830 779 780 841 842 
 918 0.229166 0.749996 806 808 841 843 
 919 0.583333 0.229161 958 960 1035 1036 
 920 0.520833 0.249994 222 224 1037 1039 
 921 0.499999 0.229161 1037 1038 1303 1304 
 922 0.749999 0.479161 1066 1068 
 923 0.749999 0.520828 1123 1124 
 924 0.249999 0.479161 265 267 
 925 0.229166 0.499994 265 266 1441 1443 
 926 0.249999 0.520827 1441 1442 
 927 0.666666 0.354160 485 487 
 928 0.687499 0.333328 485 486 1389 1391 
 929 0.645833 0.333327 1333 1334 
 930 0.666666 0.312494 1333 1335 1389 1390 
 931 0.333333 0.312494 941 943 
 932 0.312499 0.333327 941 942 
 933 0.312499 0.249995 939 940 1197 1198 
 934 0.333333 0.229162 1197 1199 1466 1468 
 935 0.166666 0.104165 159 160 1786 1788 
 936 0.145833 0.166665 161 163 230 232 
 937 0.125000 0.145832 161 162 167 168 
 938 0.083333 0.104166 169 170 423 424 
 939 0.104167 0.124999 166 168 169 171 
 940 0.145833 0.083332 158 160 1637 1639 
 941 0.125000 0.062499 1627 1628 1637 1638 
 942 0.145833 0.124999 157 159 162 164 
 943 0.125000 0.104166 157 158 171 172 
 944 0.187500 0.166664 175 176 1797 1798 
 945 0.208333 0.145831 1794 1796 1797 1799 
 946 0.250000 0.187497 177 179 1190 1192 
 947 0.229166 0.208330 177 178 183 184 
 948 0.187500 0.249997 185 186 647 648 
 949 0.208333 0.229163 182 184 185 187 
 950 0.166666 0.187498 174 176 231 232 
 951 0.208333 0.187497 173 175 178 180 
 952 0.187500 0.208330 173 174 187 188 
 953 0.270833 0.833330 191 192 774 776 
 954 0.333333 0.854163 193 195 342 344 
 955 0.312500 0.874997 193 194 199 200 
 956 0.270833 0.916665 201 202 973 975 
 957 0.291666 0.895831 198 200 201 203 
 958 0.291666 0.937499 963 964 973 974 
 959 0.250000 0.854164 190 192 305 307 
 960 0.229166 0.874998 295 296 305 306 
 961 0.291666 0.854164 189 191 194 196 
 962 0.270833 0.874998 189 190 203 204 
 963 0.729166 0.166663 205 207 502 504 
 964 0.708333 0.145830 205 206 211 212 
 965 0.666666 0.104164 213 214 549 551 
 966 0.687500 0.124997 210 212 213 215 
 967 0.645833 0.124997 539 540 549 550 
 968 0.729166 0.083332 218 220 1137 1139 
 969 0.708333 0.062499 1127 1128 1137 1138 
 970 0.750000 0.104165 219 220 586 588 
 971 0.708333 0.104164 215 216 217 218 
 972 0.729166 0.124998 206 208 217 219 
 973 0.562499 0.249994 226 228 1033 1035 
 974 0.541666 0.229161 1033 1034 1039 1040 
 975 0.583333 0.270827 227 228 1326 1328 
 976 0.499999 0.270827 221 222 1343 1344 
 977 0.520832 0.291660 221 223 
 978 0.541666 0.270827 223 224 225 226 
 979 0.562499 0.291660 225 227 
 980 0.145833 0.249997 233 235 742 744 
 981 0.125000 0.229164 233 234 239 240 
 982 0.083333 0.187499 241 242 927 928 
 983 0.104166 0.208332 238 240 241 243 
 984 0.125000 0.187498 229 230 243 244 
 985 0.145833 0.208331 229 231 234 236 
 986 0.833333 0.812498 247 248 377 378 
 987 0.812500 0.791664 374 376 377 379 
 988 0.854166 0.749997 249 251 694 696 
 989 0.875000 0.770831 249 250 255 256 
 990 0.916667 0.812499 257 258 895 896 
 991 0.895833 0.791665 254 256 257 259 
 992 0.854166 0.833332 246 248 911 912 
 993 0.854166 0.791665 245 247 250 252 
 994 0.875000 0.812498 245 246 259 260 
 995 0.249999 0.437494 261 263 
 996 0.229166 0.458328 261 262 267 268 
 997 0.187499 0.499995 269 270 1437 1439 
 998 0.208333 0.479162 266 268 269 271 
 999 0.208333 0.520828 1437 1438 1443 1444 
 1000 0.166666 0.437496 274 276 327 328 
 1001 0.187499 0.416662 275 276 754 756 
 1002 0.187499 0.458329 271 272 273 274 
 1003 0.208333 0.437495 262 264 273 275 
 1004 0.749999 0.437494 1070 1072 
 1005 0.729166 0.416661 495 496 
 1006 0.416667 0.979166 277 279 1109 1110 
 1007 0.437500 0.958332 277 278 283 284 
 1008 0.395833 0.958332 1106 1108 1109 1111 
 1009 0.479166 0.916665 285 286 1417 1419 
 1010 0.458333 0.937498 282 284 285 287 
 1011 0.458333 0.895831 1417 1418 1423 1424 
 1012 0.500000 0.979166 290 292 1773 1775 
 1013 0.520833 0.958332 1773 1774 1779 1780 
 1014 0.458333 0.979166 278 280 289 291 
 1015 0.479167 0.958332 287 288 289 290 
 1016 0.187500 0.916665 297 298 977 979 
 1017 0.208333 0.895832 294 296 297 299 
 1018 0.208333 0.937499 977 978 983 984 
 1019 0.166666 0.854165 302 304 443 444 
 1020 0.187500 0.833331 303 304 834 836 
 1021 0.187500 0.874998 299 300 301 302 
 1022 0.208333 0.854164 301 303 306 308 
 1023 0.062500 0.916666 309 311 677 678 
 1024 0.041667 0.895833 309 310 315 316 
 1025 0.041667 0.937500 674 676 677 679 
 1026 0.062500 0.833332 322 324 1827 1828 
 1027 0.083333 0.854166 323 324 437 438 
 1028 0.104167 0.874999 437 439 450 452 
 1029 0.041667 0.854166 319 320 321 322 
 1030 0.062500 0.874999 310 312 321 323 
 1031 0.145833 0.499996 329 331 1601 1602 
 1032 0.125000 0.479163 329 330 335 336 
 1033 0.125000 0.520830 1598 1600 1601 1603 
 1034 0.083333 0.437498 337 338 1091 1092 
 1035 0.104166 0.458331 334 336 337 339 
 1036 0.145833 0.416663 326 328 799 800 
 1037 0.145833 0.458330 325 327 330 332 
 1038 0.125000 0.437497 325 326 339 340 
 1039 0.354166 0.833330 343 344 1030 1032 
 1040 0.416666 0.854163 345 347 1425 1426 
 1041 0.395833 0.874997 345 346 351 352 
 1042 0.437500 0.874997 1422 1424 1425 1427 
 1043 0.354166 0.916665 353 354 1101 1103 
 1044 0.375000 0.895831 350 352 353 355 
 1045 0.375000 0.937498 1101 1102 1107 1108 
 1046 0.354166 0.874997 341 342 355 356 
 1047 0.375000 0.854163 341 343 346 348 
 1048 0.749999 0.270829 362 364 1383 1384 
 1049 0.770833 0.249996 363 364 705 706 
 1050 0.791666 0.229163 705 707 718 720 
 1051 0.833333 0.270830 365 367 606 608 
 1052 0.812500 0.291663 365 366 371 372 
 1053 0.770833 0.333329 357 358 725 727 
 1054 0.791666 0.312496 357 359 370 372 
 1055 0.791666 0.354162 725 726 731 732 
 1056 0.770833 0.291662 359 360 361 362 
 1057 0.791666 0.270830 361 363 366 368 
 1058 0.770833 0.833331 623 624 
 1059 0.791666 0.770830 375 376 
 1060 0.791666 0.812497 379 380 
 1061 0.249999 0.645828 1345 1346 
 1062 0.229166 0.624995 1345 1347 1358 1360 
 1063 0.270833 0.666661 1413 1415 
 1064 0.291666 0.687495 1413 1414 
 1065 0.333333 0.270828 382 384 937 939 
 1066 0.312499 0.291661 937 938 943 944 
 1067 0.354166 0.249995 383 384 1465 1466 
 1068 0.374999 0.229162 1465 1467 1478 1480 
 1069 0.416666 0.270827 385 387 1337 1338 
 1070 0.395833 0.291661 385 386 
 1071 0.437499 0.291660 1337 1339 
 1072 0.354166 0.291661 381 382 
 1073 0.374999 0.270828 381 383 386 388 
 1074 0.833333 0.562496 391 392 1117 1118 
 1075 0.812499 0.541662 1114 1116 1117 1119 
 1076 0.854166 0.499996 393 395 1369 1370 
 1077 0.875000 0.520830 393 394 399 400 
 1078 0.875000 0.479164 1366 1368 1369 1371 
 1079 0.916666 0.562498 401 402 1019 1020 
 1080 0.895833 0.541664 398 400 401 403 
 1081 0.854166 0.583330 390 392 533 535 
 1082 0.875000 0.604164 523 524 533 534 
 1083 0.854166 0.541663 389 391 394 396 
 1084 0.875000 0.562497 389 390 403 404 
 1085 0.916667 0.854166 410 412 897 899 
 1086 0.895833 0.874999 897 898 903 904 
 1087 0.937500 0.833333 411 412 894 896 
 1088 0.937500 0.916666 405 406 869 871 
 1089 0.958333 0.895833 405 407 418 420 
 1090 0.958333 0.937500 869 870 875 876 
 1091 0.937500 0.874999 407 408 409 410 
 1092 0.958333 0.854166 409 411 414 416 
 1093 0.062500 0.166666 425 427 926 928 
 1094 0.041667 0.145833 425 426 431 432 
 1095 0.062500 0.083333 422 424 565 567 
 1096 0.041667 0.062500 555 556 565 566 
 1097 0.062500 0.124999 421 423 426 428 
 1098 0.041667 0.104166 421 422 435 436 
 1099 0.145833 0.833331 442 444 1731 1732 
 1100 0.145833 0.916666 445 447 1185 1186 
 1101 0.125000 0.895832 445 446 451 452 
 1102 0.125000 0.937499 1182 1184 1185 1187 
 1103 0.145833 0.874999 441 443 446 448 
 1104 0.125000 0.854165 439 440 441 442 
 1105 0.583333 0.020833 1242 1244 
 1106 0.562500 0.083331 1266 1268 
 1107 0.833333 0.979166 455 456 1661 1662 
 1108 0.812500 0.958333 1658 1660 1661 1663 
 1109 0.854167 0.916666 457 459 905 906 
 1110 0.875000 0.937499 457 458 463 464 
 1111 0.875000 0.895832 902 904 905 907 
 1112 0.916667 0.979167 465 466 867 868 
 1113 0.895833 0.958333 462 464 465 467 
 1114 0.875000 0.979166 453 454 467 468 
 1115 0.854167 0.958333 453 455 458 460 
 1116 0.083333 0.395831 474 476 785 787 
 1117 0.104166 0.374997 785 786 791 792 
 1118 0.062500 0.416665 475 476 1090 1092 
 1119 0.062500 0.333332 469 470 821 823 
 1120 0.041667 0.354166 469 471 482 484 
 1121 0.041667 0.312499 821 822 827 828 
 1122 0.062500 0.374998 471 472 473 474 
 1123 0.041667 0.395832 473 475 478 480 
 1124 0.687499 0.374994 487 488 
 1125 0.729166 0.333328 489 490 1385 1387 
 1126 0.708333 0.354161 486 488 489 491 
 1127 0.708333 0.312495 1385 1386 1391 1392 
 1128 0.749999 0.395828 494 496 723 724 
 1129 0.708333 0.395827 493 495 
 1130 0.729166 0.374994 491 492 493 494 
 1131 0.750000 0.187497 503 504 710 712 
 1132 0.729166 0.249996 505 507 1382 1384 
 1133 0.708333 0.229162 505 506 511 512 
 1134 0.666666 0.187496 497 498 949 951 
 1135 0.687499 0.208329 497 499 510 512 
 1136 0.645833 0.208329 949 950 955 956 
 1137 0.708333 0.187496 499 500 501 502 
 1138 0.729166 0.208330 501 503 506 508 
 1139 0.270833 0.416661 514 516 
 1140 0.249999 0.395828 515 516 765 766 
 1141 0.229166 0.374995 762 764 765 767 
 1142 0.270833 0.333328 517 519 929 930 
 1143 0.291666 0.354161 517 518 
 1144 0.291666 0.312495 929 931 942 944 
 1145 0.291666 0.395827 513 514 
 1146 0.270833 0.374994 513 515 518 520 
 1147 0.916666 0.645831 525 526 571 572 
 1148 0.895833 0.624998 522 524 525 527 
 1149 0.854166 0.666664 530 532 697 699 
 1150 0.875000 0.687497 697 698 703 704 
 1151 0.833333 0.645830 531 532 1209 1210 
 1152 0.812499 0.624996 1206 1208 1209 1211 
 1153 0.875000 0.645831 527 528 529 530 
 1154 0.854166 0.624997 529 531 534 536 
 1155 0.604166 0.166663 541 542 947 948 
 1156 0.625000 0.145830 538 540 541 543 
 1157 0.583333 0.104164 546 548 1267 1268 
 1158 0.604166 0.083331 547 548 1237 1238 
 1159 0.625000 0.062498 1234 1236 1237 1239 
 1160 0.604166 0.124997 543 544 545 546 
 1161 0.625000 0.104164 545 547 550 552 
 1162 0.083333 0.020833 563 564 1629 1630 
 1163 0.104167 0.041666 1626 1628 1629 1631 
 1164 0.041667 0.020833 559 560 561 562 
 1165 0.062500 0.041666 561 563 566 568 
 1166 0.937500 0.583332 573 575 1018 1020 
 1167 0.958333 0.604166 573 574 579 580 
 1168 0.937500 0.666665 570 572 849 851 
 1169 0.958333 0.687499 849 850 855 856 
 1170 0.937500 0.624999 569 571 574 576 
 1171 0.958333 0.645832 569 570 583 584 
 1172 0.770833 0.083332 587 588 1145 1146 
 1173 0.791667 0.062499 1142 1144 1145 1147 
 1174 0.833333 0.104165 589 591 1450 1452 
 1175 0.812500 0.124998 589 590 595 596 
 1176 0.770833 0.166664 597 598 711 712 
 1177 0.791666 0.145831 594 596 597 599 
 1178 0.770833 0.124998 585 586 599 600 
 1179 0.791666 0.104165 585 587 590 592 
 1180 0.854166 0.249997 607 608 1317 1318 
 1181 0.875000 0.229165 1314 1316 1317 1319 
 1182 0.916666 0.270832 609 611 1482 1484 
 1183 0.895833 0.291665 609 610 615 616 
 1184 0.854166 0.333330 601 602 1161 1163 
 1185 0.875000 0.312497 601 603 614 616 
 1186 0.875000 0.354164 1161 1162 1167 1168 
 1187 0.854166 0.291664 603 604 605 606 
 1188 0.875000 0.270831 605 607 610 612 
 1189 0.750000 0.854164 622 624 1711 1712 
 1190 0.833333 0.854165 625 627 910 912 
 1191 0.812500 0.874998 625 626 631 632 
 1192 0.770833 0.916665 617 618 1669 1671 
 1193 0.791666 0.895832 617 619 630 632 
 1194 0.791667 0.937499 1659 1660 1669 1670 
 1195 0.791666 0.854165 621 623 626 628 
 1196 0.770833 0.874998 619 620 621 622 
 1197 0.249999 0.270829 633 635 934 936 
 1198 0.229166 0.291662 633 634 639 640 
 1199 0.187499 0.333329 641 642 757 759 
 1200 0.208333 0.312496 638 640 641 643 
 1201 0.208333 0.354162 757 758 763 764 
 1202 0.166666 0.270830 646 648 743 744 
 1203 0.208333 0.270829 634 636 645 647 
 1204 0.187499 0.291663 643 644 645 646 
 1205 0.791666 0.687496 651 652 
 1206 0.833333 0.729164 653 654 695 696 
 1207 0.812500 0.708330 650 652 653 655 
 1208 0.791666 0.729163 655 656 
 1209 0.937500 0.083333 669 670 1395 1396 
 1210 0.958333 0.062500 666 668 669 671 
 1211 0.916667 0.020833 658 660 1249 1251 
 1212 0.895833 0.041666 1249 1250 1255 1256 
 1213 0.958333 0.020833 657 659 662 664 
 1214 0.937500 0.041666 657 658 671 672 
 1215 0.083333 0.979167 682 684 1177 1179 
 1216 0.104167 0.958333 1177 1178 1183 1184 
 1217 0.041667 0.979167 681 683 686 688 
 1218 0.062500 0.958333 679 680 681 682 
 1219 0.916666 0.729165 689 690 863 864 
 1220 0.895833 0.708331 689 691 702 704 
 1221 0.875000 0.729164 691 692 693 694 
 1222 0.854166 0.708331 693 695 698 700 
 1223 0.833333 0.187498 713 715 1322 1324 
 1224 0.812500 0.208331 713 714 719 720 
 1225 0.770833 0.208330 707 708 709 710 
 1226 0.791666 0.187497 709 711 714 716 
 1227 0.833333 0.395829 733 734 1159 1160 
 1228 0.812499 0.374996 730 732 733 735 
 1229 0.770833 0.416661 722 724 1071 1072 
 1230 0.770833 0.374995 721 723 726 728 
 1231 0.791666 0.395829 721 722 735 736 
 1232 0.145833 0.333330 745 747 793 794 
 1233 0.125000 0.312497 745 746 751 752 
 1234 0.125000 0.354164 790 792 793 795 
 1235 0.083333 0.270832 737 738 819 820 
 1236 0.104166 0.291664 737 739 750 752 
 1237 0.125000 0.270831 739 740 741 742 
 1238 0.145833 0.291664 741 743 746 748 
 1239 0.166666 0.395829 755 756 798 800 
 1240 0.208333 0.395828 753 754 767 768 
 1241 0.187499 0.374996 753 755 758 760 
 1242 0.250000 0.812497 775 776 845 846 
 1243 0.229166 0.791663 842 844 845 847 
 1244 0.270833 0.749996 777 779 1410 1412 
 1245 0.291666 0.770829 777 778 783 784 
 1246 0.333333 0.812496 769 770 1031 1032 
 1247 0.312499 0.791663 769 771 782 784 
 1248 0.291666 0.812496 771 772 773 774 
 1249 0.270833 0.791663 773 775 778 780 
 1250 0.125000 0.395830 786 788 797 799 
 1251 0.145833 0.374996 795 796 797 798 
 1252 0.249999 0.729162 805 806 1411 1412 
 1253 0.229166 0.708329 802 804 805 807 
 1254 0.187500 0.749997 810 812 837 839 
 1255 0.208333 0.770830 837 838 843 844 
 1256 0.166666 0.729164 811 812 1702 1704 
 1257 0.187499 0.666663 813 815 1350 1352 
 1258 0.208333 0.687496 803 804 813 814 
 1259 0.208333 0.729163 807 808 809 810 
 1260 0.187500 0.708330 809 811 814 816 
 1261 0.062500 0.249999 818 820 913 915 
 1262 0.041667 0.229166 913 914 919 920 
 1263 0.062500 0.291665 817 819 822 824 
 1264 0.041667 0.270832 817 818 831 832 
 1265 0.166666 0.812498 835 836 1730 1732 
 1266 0.208333 0.812497 833 834 847 848 
 1267 0.187500 0.791664 833 835 838 840 
 1268 0.937500 0.749999 862 864 881 883 
 1269 0.958333 0.770833 881 882 887 888 
 1270 0.937500 0.708332 850 852 861 863 
 1271 0.958333 0.729166 859 860 861 862 
 1272 0.958333 0.979167 865 866 879 880 
 1273 0.937500 0.958333 865 867 870 872 
 1274 0.937500 0.791666 882 884 893 895 
 1275 0.958333 0.812499 891 892 893 894 
 1276 0.875000 0.854165 898 900 909 911 
 1277 0.854166 0.874999 907 908 909 910 
 1278 0.062500 0.208332 914 916 925 927 
 1279 0.041667 0.187499 923 924 925 926 
 1280 0.270833 0.249996 935 936 1201 1202 
 1281 0.291666 0.229162 1198 1200 1201 1203 
 1282 0.270833 0.291662 931 932 933 934 
 1283 0.291666 0.270828 933 935 938 940 
 1284 0.604166 0.249994 957 958 1327 1328 
 1285 0.624999 0.229162 954 956 957 959 
 1286 0.583333 0.187496 946 948 1047 1048 
 1287 0.624999 0.187496 945 947 950 952 
 1288 0.604166 0.208329 945 946 959 960 
 1289 0.333333 0.979166 965 966 1099 1100 
 1290 0.312500 0.958332 962 964 965 967 
 1291 0.250000 0.979166 971 972 985 986 
 1292 0.229167 0.958333 982 984 985 987 
 1293 0.291667 0.979166 967 968 969 970 
 1294 0.270833 0.958333 969 971 974 976 
 1295 0.166667 0.979166 991 992 1174 1176 
 1296 0.208333 0.979166 987 988 989 990 
 1297 0.187500 0.958333 978 980 989 991 
 1298 0.083333 0.645831 993 995 1062 1064 
 1299 0.104166 0.624997 993 994 999 1000 
 1300 0.145833 0.583330 1001 1002 1607 1608 
 1301 0.125000 0.604164 998 1000 1001 1003 
 1302 0.166666 0.645830 1006 1008 1351 1352 
 1303 0.145833 0.666663 1007 1008 1697 1698 
 1304 0.125000 0.687497 1694 1696 1697 1699 
 1305 0.145833 0.624997 1003 1004 1005 1006 
 1306 0.125000 0.645830 994 996 1005 1007 
 1307 0.937500 0.499998 1021 1023 1213 1214 
 1308 0.958333 0.520832 1011 1012 1021 1022 
 1309 0.958333 0.479166 1213 1215 1226 1228 
 1310 0.937500 0.541665 1017 1019 1022 1024 
 1311 0.958333 0.562499 1015 1016 1017 1018 
 1312 0.416666 0.812496 1025 1026 
 1313 0.395833 0.791662 1025 1027 
 1314 0.374999 0.812496 1027 1028 1029 1030 
 1315 0.354166 0.791662 1029 1031 
 1316 0.499999 0.187495 1041 1042 1299 1300 
 1317 0.520833 0.208328 1038 1040 1041 1043 
 1318 0.562499 0.166663 1046 1048 1269 1271 
 1319 0.541666 0.145830 1269 1270 1275 1276 
 1320 0.562499 0.208328 1034 1036 1045 1047 
 1321 0.541666 0.187495 1043 1044 1045 1046 
 1322 0.062500 0.583332 1057 1058 1283 1284 
 1323 0.041667 0.604166 1054 1056 1057 1059 
 1324 0.062500 0.666665 1063 1064 1753 1754 
 1325 0.041667 0.687499 1753 1755 1766 1768 
 1326 0.062500 0.624998 1059 1060 1061 1062 
 1327 0.041667 0.645832 1050 1052 1061 1063 
 1328 0.833333 0.437496 1073 1075 1374 1376 
 1329 0.812499 0.458329 1073 1074 1079 1080 
 1330 0.770833 0.499995 1065 1066 1121 1123 
 1331 0.791666 0.479162 1065 1067 1078 1080 
 1332 0.791666 0.520828 1115 1116 1121 1122 
 1333 0.770833 0.458328 1067 1068 1069 1070 
 1334 0.791666 0.437495 1069 1071 1074 1076 
 1335 0.062500 0.499998 1093 1095 1277 1278 
 1336 0.041667 0.479166 1083 1084 1093 1094 
 1337 0.041667 0.520832 1277 1279 1290 1292 
 1338 0.062500 0.458332 1089 1091 1094 1096 
 1339 0.041667 0.437499 1087 1088 1089 1090 
 1340 0.375000 0.979166 1097 1098 1111 1112 
 1341 0.354167 0.958332 1097 1099 1102 1104 
 1342 0.791666 0.604162 1207 1208 
 1343 0.791666 0.562495 1119 1120 
 1344 0.770833 0.541661 1122 1124 
 1345 0.666667 0.020833 1129 1130 1229 1231 
 1346 0.687500 0.041666 1126 1128 1129 1131 
 1347 0.645833 0.041666 1229 1230 1235 1236 
 1348 0.750000 0.020833 1135 1136 1150 1152 
 1349 0.708333 0.020833 1131 1132 1133 1134 
 1350 0.729167 0.041666 1133 1135 1138 1140 
 1351 0.833333 0.020833 1153 1155 1246 1248 
 1352 0.812500 0.041666 1143 1144 1153 1154 
 1353 0.791667 0.020833 1149 1151 1154 1156 
 1354 0.770833 0.041666 1147 1148 1149 1150 
 1355 0.354166 0.083331 1583 1584 
 1356 0.333333 0.020833 1541 1543 
 1357 0.312500 0.041666 1531 1532 1541 1542 
 1358 0.916666 0.395831 1169 1170 1499 1500 
 1359 0.895833 0.374998 1166 1168 1169 1171 
 1360 0.854166 0.416663 1158 1160 1375 1376 
 1361 0.854166 0.374997 1157 1159 1162 1164 
 1362 0.875000 0.395830 1157 1158 1171 1172 
 1363 0.479166 0.833329 1430 1432 
 1364 0.125000 0.979166 1173 1175 1178 1180 
 1365 0.145833 0.958333 1173 1174 1187 1188 
 1366 0.270833 0.166663 1191 1192 1565 1566 
 1367 0.291666 0.145830 1562 1564 1565 1567 
 1368 0.333333 0.187496 1193 1195 1470 1472 
 1369 0.312499 0.208329 1193 1194 1199 1200 
 1370 0.270833 0.208329 1189 1190 1203 1204 
 1371 0.291666 0.187496 1189 1191 1194 1196 
 1372 0.791666 0.645829 1211 1212 
 1373 0.916666 0.437498 1218 1220 1361 1363 
 1374 0.895833 0.458331 1361 1362 1367 1368 
 1375 0.937500 0.416665 1219 1220 1498 1500 
 1376 0.937500 0.458332 1215 1216 1217 1218 
 1377 0.958333 0.437499 1217 1219 1222 1224 
 1378 0.625000 0.020833 1230 1232 1241 1243 
 1379 0.604167 0.041666 1239 1240 1241 1242 
 1380 0.854167 0.083332 1257 1258 1451 1452 
 1381 0.875000 0.062499 1254 1256 1257 1259 
 1382 0.875000 0.020833 1245 1247 1250 1252 
 1383 0.854167 0.041666 1245 1246 1259 1260 
 1384 0.500000 0.104164 1261 1262 1623 1624 
 1385 0.520833 0.124997 1261 1263 1274 1276 
 1386 0.541666 0.104164 1263 1264 1265 1266 
 1387 0.562500 0.124997 1265 1267 1270 1272 
 1388 0.083333 0.562498 1282 1284 1593 1595 
 1389 0.104166 0.541664 1593 1594 1599 1600 
 1390 0.041667 0.562499 1281 1283 1286 1288 
 1391 0.062500 0.541665 1279 1280 1281 1282 
 1392 0.479166 0.166662 1298 1300 1609 1611 
 1393 0.458333 0.145830 1609 1610 1615 1616 
 1394 0.479166 0.249994 1301 1303 1342 1344 
 1395 0.458333 0.229161 1301 1302 1307 1308 
 1396 0.416666 0.187495 1293 1294 1473 1475 
 1397 0.437499 0.208328 1293 1295 1306 1308 
 1398 0.395833 0.208329 1473 1474 1479 1480 
 1399 0.479166 0.208328 1297 1299 1302 1304 
 1400 0.458333 0.187495 1295 1296 1297 1298 
 1401 0.624999 0.312494 1334 1336 
 1402 0.916667 0.187499 1309 1311 1646 1648 
 1403 0.895833 0.208332 1309 1310 1315 1316 
 1404 0.854166 0.166665 1323 1324 1461 1462 
 1405 0.875000 0.145832 1458 1460 1461 1463 
 1406 0.854166 0.208331 1319 1320 1321 1322 
 1407 0.875000 0.187498 1310 1312 1321 1323 
 1408 0.666666 0.270828 1329 1331 1377 1378 
 1409 0.645833 0.291661 1329 1330 1335 1336 
 1410 0.687499 0.291661 1377 1379 1390 1392 
 1411 0.604166 0.291661 1325 1326 
 1412 0.624999 0.270828 1325 1327 1330 1332 
 1413 0.479166 0.291660 1341 1343 
 1414 0.458333 0.270827 1339 1340 1341 1342 
 1415 0.187499 0.583329 1353 1355 1434 1436 
 1416 0.208333 0.604162 1353 1354 1359 1360 
 1417 0.208333 0.645829 1347 1348 1349 1350 
 1418 0.187499 0.624996 1349 1351 1354 1356 
 1419 0.854166 0.458330 1371 1372 1373 1374 
 1420 0.875000 0.437497 1362 1364 1373 1375 
 1421 0.729166 0.291662 1381 1383 1386 1388 
 1422 0.708333 0.270828 1379 1380 1381 1382 
 1423 0.937500 0.166666 1405 1406 1647 1648 
 1424 0.958333 0.145833 1402 1404 1405 1407 
 1425 0.916667 0.104166 1394 1396 1453 1455 
 1426 0.895833 0.124999 1453 1454 1459 1460 
 1427 0.958333 0.104166 1393 1395 1398 1400 
 1428 0.937500 0.124999 1393 1394 1407 1408 
 1429 0.291666 0.729162 1409 1410 
 1430 0.270833 0.708329 1409 1411 1414 1416 
 1431 0.500000 0.854163 1431 1432 1801 1802 
 1432 0.520833 0.874997 1801 1803 1814 1816 
 1433 0.458333 0.854163 1427 1428 1429 1430 
 1434 0.479166 0.874997 1418 1420 1429 1431 
 1435 0.166666 0.562496 1435 1436 1606 1608 
 1436 0.249999 0.562494 1445 1446 
 1437 0.229166 0.541661 1442 1444 1445 1447 
 1438 0.208333 0.562495 1433 1434 1447 1448 
 1439 0.187499 0.541662 1433 1435 1438 1440 
 1440 0.854166 0.124999 1449 1450 1463 1464 
 1441 0.875000 0.104166 1449 1451 1454 1456 
 1442 0.354166 0.166663 1471 1472 1577 1578 
 1443 0.375000 0.145830 1577 1579 1590 1592 
 1444 0.354166 0.208329 1467 1468 1469 1470 
 1445 0.374999 0.187496 1469 1471 1474 1476 
 1446 0.479166 0.083331 1622 1624 
 1447 0.562499 0.833329 1806 1808 
 1448 0.937500 0.249999 1483 1484 1641 1642 
 1449 0.958333 0.229166 1641 1643 1654 1656 
 1450 0.937500 0.333332 1493 1494 1501 1503 
 1451 0.958333 0.312499 1490 1492 1493 1495 
 1452 0.958333 0.354166 1501 1502 1507 1508 
 1453 0.937500 0.291665 1481 1482 1495 1496 
 1454 0.958333 0.270833 1481 1483 1486 1488 
 1455 0.937500 0.374998 1497 1499 1502 1504 
 1456 0.958333 0.395832 1497 1498 1511 1512 
 1457 0.166667 0.020833 1518 1520 1635 1636 
 1458 0.250000 0.020833 1521 1523 1538 1540 
 1459 0.229167 0.041666 1521 1522 1527 1528 
 1460 0.187500 0.083332 1513 1514 1787 1788 
 1461 0.208333 0.062499 1513 1515 1526 1528 
 1462 0.208333 0.020833 1517 1519 1522 1524 
 1463 0.187500 0.041666 1515 1516 1517 1518 
 1464 0.270833 0.083332 1533 1534 1571 1572 
 1465 0.291666 0.062499 1530 1532 1533 1535 
 1466 0.291667 0.020833 1537 1539 1542 1544 
 1467 0.270833 0.041666 1535 1536 1537 1538 
 1468 0.604166 0.833330 1751 1752 
 1469 0.666667 0.979166 1549 1550 1685 1687 
 1470 0.645833 0.958332 1546 1548 1549 1551 
 1471 0.687500 0.958332 1675 1676 1685 1686 
 1472 0.583333 0.979166 1555 1556 1770 1772 
 1473 0.604166 0.916665 1557 1559 1745 1746 
 1474 0.625000 0.937499 1547 1548 1557 1558 
 1475 0.625000 0.895831 1742 1744 1745 1747 
 1476 0.625000 0.979166 1551 1552 1553 1554 
 1477 0.604167 0.958332 1553 1555 1558 1560 
 1478 0.250000 0.104165 1570 1572 1789 1791 
 1479 0.229166 0.124998 1789 1790 1795 1796 
 1480 0.333333 0.104164 1573 1575 1582 1584 
 1481 0.312500 0.124997 1563 1564 1573 1574 
 1482 0.291666 0.104164 1569 1571 1574 1576 
 1483 0.270833 0.124998 1567 1568 1569 1570 
 1484 0.416666 0.104164 1585 1587 1617 1618 
 1485 0.395833 0.124997 1585 1586 1591 1592 
 1486 0.437500 0.124997 1614 1616 1617 1619 
 1487 0.375000 0.104164 1581 1583 1586 1588 
 1488 0.354166 0.124997 1579 1580 1581 1582 
 1489 0.125000 0.562497 1594 1596 1605 1607 
 1490 0.145833 0.541663 1603 1604 1605 1606 
 1491 0.479166 0.124997 1610 1612 1621 1623 
 1492 0.458333 0.104164 1619 1620 1621 1622 
 1493 0.125000 0.020833 1631 1632 1633 1634 
 1494 0.145833 0.041666 1633 1635 1638 1640 
 1495 0.937500 0.208332 1643 1644 1645 1646 
 1496 0.958333 0.187499 1645 1647 1650 1652 
 1497 0.750000 0.979166 1667 1668 1682 1684 
 1498 0.791667 0.979166 1663 1664 1665 1666 
 1499 0.770833 0.958333 1665 1667 1670 1672 
 1500 0.729166 0.916665 1677 1678 1713 1715 
 1501 0.708333 0.937499 1674 1676 1677 1679 
 1502 0.708333 0.895831 1713 1714 1719 1720 
 1503 0.708333 0.979166 1681 1683 1686 1688 
 1504 0.729167 0.958333 1679 1680 1681 1682 
 1505 0.083333 0.729165 1689 1691 1758 1760 
 1506 0.104166 0.708331 1689 1690 1695 1696 
 1507 0.145833 0.749997 1703 1704 1725 1726 
 1508 0.125000 0.770831 1722 1724 1725 1727 
 1509 0.145833 0.708330 1699 1700 1701 1702 
 1510 0.125000 0.729164 1690 1692 1701 1703 
 1511 0.729166 0.833330 1710 1712 
 1512 0.666666 0.854164 1705 1706 1737 1739 
 1513 0.687500 0.874997 1705 1707 1718 1720 
 1514 0.645833 0.874997 1737 1738 1743 1744 
 1515 0.729166 0.874998 1709 1711 1714 1716 
 1516 0.708333 0.854164 1707 1708 1709 1710 
 1517 0.083333 0.812499 1733 1735 1826 1828 
 1518 0.104166 0.791665 1723 1724 1733 1734 
 1519 0.125000 0.812498 1729 1731 1734 1736 
 1520 0.145833 0.791664 1727 1728 1729 1730 
 1521 0.583333 0.854163 1750 1752 1807 1808 
 1522 0.625000 0.854163 1738 1740 1749 1751 
 1523 0.604166 0.874997 1747 1748 1749 1750 
 1524 0.062500 0.749999 1759 1760 1821 1822 
 1525 0.041667 0.770833 1818 1820 1821 1823 
 1526 0.062500 0.708332 1755 1756 1757 1758 
 1527 0.041667 0.729166 1757 1759 1762 1764 
 1528 0.562500 0.916665 1781 1782 1809 1811 
 1529 0.541666 0.937498 1778 1780 1781 1783 
 1530 0.541666 0.895831 1809 1810 1815 1816 
 1531 0.541667 0.979166 1769 1771 1774 1776 
 1532 0.562500 0.958332 1769 1770 1783 1784 
 1533 0.187500 0.124998 1785 1786 1799 1800 
 1534 0.208333 0.104165 1785 1787 1790 1792 
 1535 0.541666 0.854163 1803 1804 1805 1806 
 1536 0.562500 0.874997 1805 1807 1810 1812 
 1537 0.041667 0.812499 1825 1827 1830 1832 
 1538 0.062500 0.791666 1823 1824 1825 1826 
 1539 0.145833 0.104165 157 158 159 160 
 1540 0.145833 0.145832 161 162 163 164 
 1541 0.104166 0.145832 165 166 167 168 
 1542 0.104167 0.104166 169 170 171 172 
 1543 0.187500 0.187497 173 174 175 176 
 1544 0.229166 0.187497 177 178 179 180 
 1545 0.229166 0.229163 181 182 183 184 
 1546 0.187500 0.229163 185 186 187 188 
 1547 0.270833 0.854164 189 190 191 192 
 1548 0.312500 0.854164 193 194 195 196 
 1549 0.312500 0.895831 197 198 199 200 
 1550 0.270833 0.895831 201 202 203 204 
 1551 0.729166 0.145831 205 206 207 208 
 1552 0.687500 0.145830 209 210 211 212 
 1553 0.687500 0.104164 213 214 215 216 
 1554 0.729166 0.104165 217 218 219 220 
 1555 0.520833 0.270827 221 222 223 224 
 1556 0.562499 0.270827 225 226 227 228 
 1557 0.145833 0.187498 229 230 231 232 
 1558 0.145833 0.229164 233 234 235 236 
 1559 0.104166 0.229165 237 238 239 240 
 1560 0.104166 0.187498 241 242 243 244 
 1561 0.854166 0.812498 245 246 247 248 
 1562 0.854166 0.770831 249 250 251 252 
 1563 0.895833 0.770832 253 254 255 256 
 1564 0.895833 0.812499 257 258 259 260 
 1565 0.229166 0.437495 261 262 263 264 
 1566 0.229166 0.479161 265 266 267 268 
 1567 0.187499 0.479162 269 270 271 272 
 1568 0.187499 0.437495 273 274 275 276 
 1569 0.437500 0.979166 277 278 279 280 
 1570 0.437500 0.937498 281 282 283 284 
 1571 0.479166 0.937498 285 286 287 288 
 1572 0.479167 0.979166 289 290 291 292 
 1573 0.229166 0.895832 293 294 295 296 
 1574 0.187500 0.895832 297 298 299 300 
 1575 0.187500 0.854165 301 302 303 304 
 1576 0.229166 0.854164 305 306 307 308 
 1577 0.062500 0.895833 309 310 311 312 
 1578 0.020833 0.895833 313 314 315 316 
 1579 0.020833 0.854166 317 318 319 320 
 1580 0.062500 0.854166 321 322 323 324 
 1581 0.145833 0.437496 325 326 327 328 
 1582 0.145833 0.479163 329 330 331 332 
 1583 0.104166 0.479164 333 334 335 336 
 1584 0.104166 0.437497 337 338 339 340 
 1585 0.354166 0.854163 341 342 343 344 
 1586 0.395833 0.854163 345 346 347 348 
 1587 0.395833 0.895831 349 350 351 352 
 1588 0.354166 0.895831 353 354 355 356 
 1589 0.770833 0.312496 357 358 359 360 
 1590 0.770833 0.270829 361 362 363 364 
 1591 0.812500 0.270830 365 366 367 368 
 1592 0.812499 0.312496 369 370 371 372 
 1593 0.812500 0.770830 373 374 375 376 
 1594 0.812500 0.812498 377 378 379 380 
 1595 0.354166 0.270828 381 382 383 384 
 1596 0.395833 0.270827 385 386 387 388 
 1597 0.854166 0.562496 389 390 391 392 
 1598 0.854166 0.520830 393 394 395 396 
 1599 0.895833 0.520831 397 398 399 400 
 1600 0.895833 0.562497 401 402 403 404 
 1601 0.937500 0.895833 405 406 407 408 
 1602 0.937500 0.854166 409 410 411 412 
 1603 0.979167 0.854166 413 414 415 416 
 1604 0.979167 0.895833 417 418 419 420 
 1605 0.062500 0.104166 421 422 423 424 
 1606 0.062500 0.145833 425 426 427 428 
 1607 0.020833 0.145833 429 430 431 432 
 1608 0.020833 0.104166 433 434 435 436 
 1609 0.104167 0.854165 437 438 439 440 
 1610 0.145833 0.854165 441 442 443 444 
 1611 0.145833 0.895832 445 446 447 448 
 1612 0.104167 0.895832 449 450 451 452 
 1613 0.854167 0.979166 453 454 455 456 
 1614 0.854167 0.937499 457 458 459 460 
 1615 0.895833 0.937499 461 462 463 464 
 1616 0.895833 0.979166 465 466 467 468 
 1617 0.062500 0.354165 469 470 471 472 
 1618 0.062500 0.395832 473 474 475 476 
 1619 0.020833 0.395833 477 478 479 480 
 1620 0.020833 0.354166 481 482 483 484 
 1621 0.687499 0.354161 485 486 487 488 
 1622 0.729166 0.354161 489 490 491 492 
 1623 0.729166 0.395828 493 494 495 496 
 1624 0.687499 0.187496 497 498 499 500 
 1625 0.729166 0.187497 501 502 503 504 
 1626 0.729166 0.229163 505 506 507 508 
 1627 0.687499 0.229162 509 510 511 512 
 1628 0.270833 0.395827 513 514 515 516 
 1629 0.270833 0.354161 517 518 519 520 
 1630 0.895833 0.604164 521 522 523 524 
 1631 0.895833 0.645831 525 526 527 528 
 1632 0.854166 0.645830 529 530 531 532 
 1633 0.854166 0.604163 533 534 535 536 
 1634 0.645833 0.145830 537 538 539 540 
 1635 0.604166 0.145830 541 542 543 544 
 1636 0.604166 0.104164 545 546 547 548 
 1637 0.645833 0.104164 549 550 551 552 
 1638 0.020833 0.062500 553 554 555 556 
 1639 0.020833 0.020833 557 558 559 560 
 1640 0.062500 0.020833 561 562 563 564 
 1641 0.062500 0.062500 565 566 567 568 
 1642 0.937500 0.645832 569 570 571 572 
 1643 0.937500 0.604165 573 574 575 576 
 1644 0.979167 0.604166 577 578 579 580 
 1645 0.979167 0.645833 581 582 583 584 
 1646 0.770833 0.104165 585 586 587 588 
 1647 0.812500 0.104165 589 590 591 592 
 1648 0.812500 0.145831 593 594 595 596 
 1649 0.770833 0.145831 597 598 599 600 
 1650 0.854166 0.312497 601 602 603 604 
 1651 0.854166 0.270831 605 606 607 608 
 1652 0.895833 0.270831 609 610 611 612 
 1653 0.895833 0.312498 613 614 615 616 
 1654 0.770833 0.895832 617 618 619 620 
 1655 0.770833 0.854164 621 622 623 624 
 1656 0.812500 0.854165 625 626 627 628 
 1657 0.812500 0.895832 629 630 631 632 
 1658 0.229166 0.270829 633 634 635 636 
 1659 0.229166 0.312495 637 638 639 640 
 1660 0.187499 0.312496 641 642 643 644 
 1661 0.187500 0.270830 645 646 647 648 
 1662 0.812500 0.687496 649 650 651 652 
 1663 0.812500 0.729163 653 654 655 656 
 1664 0.937500 0.020833 657 658 659 660 
 1665 0.979167 0.020833 661 662 663 664 
 1666 0.979167 0.062500 665 666 667 668 
 1667 0.937500 0.062500 669 670 671 672 
 1668 0.020833 0.937500 673 674 675 676 
 1669 0.062500 0.937500 677 678 679 680 
 1670 0.062500 0.979167 681 682 683 684 
 1671 0.020833 0.979167 685 686 687 688 
 1672 0.895833 0.729165 689 690 691 692 
 1673 0.854166 0.729164 693 694 695 696 
 1674 0.854166 0.687497 697 698 699 700 
 1675 0.895833 0.687498 701 702 703 704 
 1676 0.770833 0.229163 705 706 707 708 
 1677 0.770833 0.187497 709 710 711 712 
 1678 0.812500 0.187497 713 714 715 716 
 1679 0.812500 0.229164 717 718 719 720 
 1680 0.770833 0.395828 721 722 723 724 
 1681 0.770833 0.354162 725 726 727 728 
 1682 0.812499 0.354163 729 730 731 732 
 1683 0.812499 0.395829 733 734 735 736 
 1684 0.104166 0.270831 737 738 739 740 
 1685 0.145833 0.270830 741 742 743 744 
 1686 0.145833 0.312497 745 746 747 748 
 1687 0.104166 0.312498 749 750 751 752 
 1688 0.187499 0.395829 753 754 755 756 
 1689 0.187499 0.354162 757 758 759 760 
 1690 0.229166 0.354162 761 762 763 764 
 1691 0.229166 0.395828 765 766 767 768 
 1692 0.312499 0.812496 769 770 771 772 
 1693 0.270833 0.812497 773 774 775 776 
 1694 0.270833 0.770829 777 778 779 780 
 1695 0.312499 0.770829 781 782 783 784 
 1696 0.104166 0.395831 785 786 787 788 
 1697 0.104166 0.354164 789 790 791 792 
 1698 0.145833 0.354163 793 794 795 796 
 1699 0.145833 0.395830 797 798 799 800 
 1700 0.229166 0.687496 801 802 803 804 
 1701 0.229166 0.729163 805 806 807 808 
 1702 0.187500 0.729163 809 810 811 812 
 1703 0.187499 0.687496 813 814 815 816 
 1704 0.062500 0.270832 817 818 819 820 
 1705 0.062500 0.312499 821 822 823 824 
 1706 0.020833 0.312500 825 826 827 828 
 1707 0.020833 0.270833 829 830 831 832 
 1708 0.187500 0.812497 833 834 835 836 
 1709 0.187500 0.770830 837 838 839 840 
 1710 0.229166 0.770830 841 842 843 844 
 1711 0.229166 0.812497 845 846 847 848 
 1712 0.937500 0.687499 849 850 851 852 
 1713 0.979167 0.687500 853 854 855 856 
 1714 0.979167 0.729166 857 858 859 860 
 1715 0.937500 0.729165 861 862 863 864 
 1716 0.937500 0.979167 865 866 867 868 
 1717 0.937500 0.937500 869 870 871 872 
 1718 0.979167 0.937500 873 874 875 876 
 1719 0.979167 0.979167 877 878 879 880 
 1720 0.937500 0.770832 881 882 883 884 
 1721 0.979167 0.770833 885 886 887 888 
 1722 0.979167 0.812500 889 890 891 892 
 1723 0.937500 0.812499 893 894 895 896 
 1724 0.895833 0.854166 897 898 899 900 
 1725 0.895833 0.895833 901 902 903 904 
 1726 0.854167 0.895832 905 906 907 908 
 1727 0.854166 0.854165 909 910 911 912 
 1728 0.062500 0.229166 913 914 915 916 
 1729 0.020833 0.229166 917 918 919 920 
 1730 0.020833 0.187500 921 922 923 924 
 1731 0.062500 0.187499 925 926 927 928 
 1732 0.270833 0.312495 929 930 931 932 
 1733 0.270833 0.270829 933 934 935 936 
 1734 0.312499 0.270828 937 938 939 940 
 1735 0.312499 0.312494 941 942 943 944 
 1736 0.604166 0.187496 945 946 947 948 
 1737 0.645833 0.187496 949 950 951 952 
 1738 0.645833 0.229162 953 954 955 956 
 1739 0.604166 0.229162 957 958 959 960 
 1740 0.312500 0.937499 961 962 963 964 
 1741 0.312500 0.979166 965 966 967 968 
 1742 0.270833 0.979166 969 970 971 972 
 1743 0.270833 0.937499 973 974 975 976 
 1744 0.187500 0.937499 977 978 979 980 
 1745 0.229167 0.937499 981 982 983 984 
 1746 0.229167 0.979166 985 986 987 988 
 1747 0.187500 0.979166 989 990 991 992 
 1748 0.104166 0.645831 993 994 995 996 
 1749 0.104166 0.604164 997 998 999 1000 
 1750 0.145833 0.604163 1001 1002 1003 1004 
 1751 0.145833 0.645830 1005 1006 1007 1008 
 1752 0.979167 0.520833 1009 1010 1011 1012 
 1753 0.979167 0.562499 1013 1014 1015 1016 
 1754 0.937500 0.562498 1017 1018 1019 1020 
 1755 0.937500 0.520832 1021 1022 1023 1024 
 1756 0.395833 0.812496 1025 1026 1027 1028 
 1757 0.354166 0.812496 1029 1030 1031 1032 
 1758 0.562499 0.229161 1033 1034 1035 1036 
 1759 0.520833 0.229161 1037 1038 1039 1040 
 1760 0.520833 0.187495 1041 1042 1043 1044 
 1761 0.562499 0.187495 1045 1046 1047 1048 
 1762 0.020833 0.645833 1049 1050 1051 1052 
 1763 0.020833 0.604166 1053 1054 1055 1056 
 1764 0.062500 0.604165 1057 1058 1059 1060 
 1765 0.062500 0.645832 1061 1062 1063 1064 
 1766 0.770833 0.479161 1065 1066 1067 1068 
 1767 0.770833 0.437495 1069 1070 1071 1072 
 1768 0.812499 0.437496 1073 1074 1075 1076 
 1769 0.812499 0.479162 1077 1078 1079 1080 
 1770 0.020833 0.479166 1081 1082 1083 1084 
 1771 0.020833 0.437499 1085 1086 1087 1088 
 1772 0.062500 0.437498 1089 1090 1091 1092 
 1773 0.062500 0.479165 1093 1094 1095 1096 
 1774 0.354167 0.979166 1097 1098 1099 1100 
 1775 0.354166 0.937499 1101 1102 1103 1104 
 1776 0.395833 0.937498 1105 1106 1107 1108 
 1777 0.395833 0.979166 1109 1110 1111 1112 
 1778 0.812499 0.520829 1113 1114 1115 1116 
 1779 0.812499 0.562496 1117 1118 1119 1120 
 1780 0.770833 0.520828 1121 1122 1123 1124 
 1781 0.687500 0.062499 1125 1126 1127 1128 
 1782 0.687500 0.020833 1129 1130 1131 1132 
 1783 0.729167 0.020833 1133 1134 1135 1136 
 1784 0.729166 0.062499 1137 1138 1139 1140 
 1785 0.812500 0.062499 1141 1142 1143 1144 
 1786 0.770833 0.062499 1145 1146 1147 1148 
 1787 0.770833 0.020833 1149 1150 1151 1152 
 1788 0.812500 0.020833 1153 1154 1155 1156 
 1789 0.854166 0.395830 1157 1158 1159 1160 
 1790 0.854166 0.354163 1161 1162 1163 1164 
 1791 0.895833 0.354164 1165 1166 1167 1168 
 1792 0.895833 0.395831 1169 1170 1171 1172 
 1793 0.145833 0.979166 1173 1174 1175 1176 
 1794 0.104167 0.979166 1177 1178 1179 1180 
 1795 0.104167 0.937499 1181 1182 1183 1184 
 1796 0.145833 0.937499 1185 1186 1187 1188 
 1797 0.270833 0.187496 1189 1190 1191 1192 
 1798 0.312499 0.187496 1193 1194 1195 1196 
 1799 0.312499 0.229162 1197 1198 1199 1200 
 1800 0.270833 0.229163 1201 1202 1203 1204 
 1801 0.812499 0.604162 1205 1206 1207 1208 
 1802 0.812499 0.645829 1209 1210 1211 1212 
 1803 0.937500 0.479165 1213 1214 1215 1216 
 1804 0.937500 0.437498 1217 1218 1219 1220 
 1805 0.979167 0.437499 1221 1222 1223 1224 
 1806 0.979167 0.479166 1225 1226 1227 1228 
 1807 0.645833 0.020833 1229 1230 1231 1232 
 1808 0.645833 0.062498 1233 1234 1235 1236 
 1809 0.604166 0.062498 1237 1238 1239 1240 
 1810 0.604167 0.020833 1241 1242 1243 1244 
 1811 0.854167 0.020833 1245 1246 1247 1248 
 1812 0.895833 0.020833 1249 1250 1251 1252 
 1813 0.895833 0.062499 1253 1254 1255 1256 
 1814 0.854167 0.062499 1257 1258 1259 1260 
 1815 0.520833 0.104164 1261 1262 1263 1264 
 1816 0.562500 0.104164 1265 1266 1267 1268 
 1817 0.562500 0.145830 1269 1270 1271 1272 
 1818 0.520833 0.145830 1273 1274 1275 1276 
 1819 0.062500 0.520832 1277 1278 1279 1280 
 1820 0.062500 0.562498 1281 1282 1283 1284 
 1821 0.020833 0.562499 1285 1286 1287 1288 
 1822 0.020833 0.520833 1289 1290 1291 1292 
 1823 0.437499 0.187495 1293 1294 1295 1296 
 1824 0.479166 0.187495 1297 1298 1299 1300 
 1825 0.479166 0.229161 1301 1302 1303 1304 
 1826 0.437499 0.229161 1305 1306 1307 1308 
 1827 0.895833 0.187498 1309 1310 1311 1312 
 1828 0.895833 0.229165 1313 1314 1315 1316 
 1829 0.854166 0.229164 1317 1318 1319 1320 
 1830 0.854166 0.187498 1321 1322 1323 1324 
 1831 0.604166 0.270828 1325 1326 1327 1328 
 1832 0.645833 0.270828 1329 1330 1331 1332 
 1833 0.645833 0.312494 1333 1334 1335 1336 
 1834 0.437499 0.270827 1337 1338 1339 1340 
 1835 0.479166 0.270827 1341 1342 1343 1344 
 1836 0.229166 0.645828 1345 1346 1347 1348 
 1837 0.187499 0.645829 1349 1350 1351 1352 
 1838 0.187499 0.604162 1353 1354 1355 1356 
 1839 0.229166 0.604161 1357 1358 1359 1360 
 1840 0.895833 0.437497 1361 1362 1363 1364 
 1841 0.895833 0.479164 1365 1366 1367 1368 
 1842 0.854166 0.479163 1369 1370 1371 1372 
 1843 0.854166 0.437496 1373 1374 1375 1376 
 1844 0.687499 0.270828 1377 1378 1379 1380 
 1845 0.729166 0.270829 1381 1382 1383 1384 
 1846 0.729166 0.312495 1385 1386 1387 1388 
 1847 0.687499 0.312494 1389 1390 1391 1392 
 1848 0.937500 0.104166 1393 1394 1395 1396 
 1849 0.979167 0.104166 1397 1398 1399 1400 
 1850 0.979167 0.145833 1401 1402 1403 1404 
 1851 0.937500 0.145833 1405 1406 1407 1408 
 1852 0.270833 0.729162 1409 1410 1411 1412 
 1853 0.270833 0.687495 1413 1414 1415 1416 
 1854 0.479166 0.895831 1417 1418 1419 1420 
 1855 0.437500 0.895831 1421 1422 1423 1424 
 1856 0.437500 0.854163 1425 1426 1427 1428 
 1857 0.479166 0.854163 1429 1430 1431 1432 
 1858 0.187499 0.562495 1433 1434 1435 1436 
 1859 0.187499 0.520829 1437 1438 1439 1440 
 1860 0.229166 0.520828 1441 1442 1443 1444 
 1861 0.229166 0.562495 1445 1446 1447 1448 
 1862 0.854167 0.104165 1449 1450 1451 1452 
 1863 0.895833 0.104166 1453 1454 1455 1456 
 1864 0.895833 0.145832 1457 1458 1459 1460 
 1865 0.854166 0.145832 1461 1462 1463 1464 
 1866 0.354166 0.229162 1465 1466 1467 1468 
 1867 0.354166 0.187496 1469 1470 1471 1472 
 1868 0.395833 0.187496 1473 1474 1475 1476 
 1869 0.395833 0.229161 1477 1478 1479 1480 
 1870 0.937500 0.270832 1481 1482 1483 1484 
 1871 0.979167 0.270833 1485 1486 1487 1488 
 1872 0.979167 0.312500 1489 1490 1491 1492 
 1873 0.937500 0.312499 1493 1494 1495 1496 
 1874 0.937500 0.395832 1497 1498 1499 1500 
 1875 0.937500 0.354165 1501 1502 1503 1504 
 1876 0.979167 0.354166 1505 1506 1507 1508 
 1877 0.979167 0.395833 1509 1510 1511 1512 
 1878 0.187500 0.062499 1513 1514 1515 1516 
 1879 0.187500 0.020833 1517 1518 1519 1520 
 1880 0.229167 0.020833 1521 1522 1523 1524 
 1881 0.229167 0.062499 1525 1526 1527 1528 
 1882 0.312500 0.062499 1529 1530 1531 1532 
 1883 0.270833 0.062499 1533 1534 1535 1536 
 1884 0.270833 0.020833 1537 1538 1539 1540 
 1885 0.312500 0.020833 1541 1542 1543 1544 
 1886 0.645833 0.937499 1545 1546 1547 1548 
 1887 0.645833 0.979166 1549 1550 1551 1552 
 1888 0.604167 0.979166 1553 1554 1555 1556 
 1889 0.604166 0.937498 1557 1558 1559 1560 
 1890 0.312500 0.145830 1561 1562 1563 1564 
 1891 0.270833 0.145830 1565 1566 1567 1568 
 1892 0.270833 0.104165 1569 1570 1571 1572 
 1893 0.312500 0.104164 1573 1574 1575 1576 
 1894 0.354166 0.145830 1577 1578 1579 1580 
 1895 0.354166 0.104164 1581 1582 1583 1584 
 1896 0.395833 0.104164 1585 1586 1587 1588 
 1897 0.395833 0.145830 1589 1590 1591 1592 
 1898 0.104166 0.562497 1593 1594 1595 1596 
 1899 0.104166 0.520831 1597 1598 1599 1600 
 1900 0.145833 0.520830 1601 1602 1603 1604 
 1901 0.145833 0.562496 1605 1606 1607 1608 
 1902 0.479166 0.145830 1609 1610 1611 1612 
 1903 0.437500 0.145830 1613 1614 1615 1616 
 1904 0.437500 0.104164 1617 1618 1619 1620 
 1905 0.479166 0.104164 1621 1622 1623 1624 
 1906 0.104167 0.062499 1625 1626 1627 1628 
 1907 0.104167 0.020833 1629 1630 1631 1632 
 1908 0.145833 0.020833 1633 1634 1635 1636 
 1909 0.145833 0.062499 1637 1638 1639 1640 
 1910 0.937500 0.229166 1641 1642 1643 1644 
 1911 0.937500 0.187499 1645 1646 1647 1648 
 1912 0.979167 0.187500 1649 1650 1651 1652 
 1913 0.979167 0.229166 1653 1654 1655 1656 
 1914 0.812500 0.937499 1657 1658 1659 1660 
 1915 0.812500 0.979166 1661 1662 1663 1664 
 1916 0.770833 0.979166 1665 1666 1667 1668 
 1917 0.770833 0.937499 1669 1670 1671 1672 
 1918 0.687500 0.937499 1673 1674 1675 1676 
 1919 0.729167 0.937499 1677 1678 1679 1680 
 1920 0.729167 0.979166 1681 1682 1683 1684 
 1921 0.687500 0.979166 1685 1686 1687 1688 
 1922 0.104166 0.729165 1689 1690 1691 1692 
 1923 0.104166 0.687498 1693 1694 1695 1696 
 1924 0.145833 0.687497 1697 1698 1699 1700 
 1925 0.145833 0.729164 1701 1702 1703 1704 
 1926 0.687500 0.854164 1705 1706 1707 1708 
 1927 0.729166 0.854164 1709 1710 1711 1712 
 1928 0.729166 0.895831 1713 1714 1715 1716 
 1929 0.687500 0.895831 1717 1718 1719 1720 
 1930 0.104166 0.770832 1721 1722 1723 1724 
 1931 0.145833 0.770831 1725 1726 1727 1728 
 1932 0.145833 0.812498 1729 1730 1731 1732 
 1933 0.104166 0.812498 1733 1734 1735 1736 
 1934 0.645833 0.854164 1737 1738 1739 1740 
 1935 0.645833 0.895831 1741 1742 1743 1744 
 1936 0.604166 0.895831 1745 1746 1747 1748 
 1937 0.604166 0.854163 1749 1750 1751 1752 
 1938 0.062500 0.687499 1753 1754 1755 1756 
 1939 0.062500 0.729165 1757 1758 1759 1760 
 1940 0.020833 0.729166 1761 1762 1763 1764 
 1941 0.020833 0.687500 1765 1766 1767 1768 
 1942 0.562500 0.979166 1769 1770 1771 1772 
 1943 0.520833 0.979166 1773 1774 1775 1776 
 1944 0.520833 0.937498 1777 1778 1779 1780 
 1945 0.562500 0.937498 1781 1782 1783 1784 
 1946 0.187500 0.104165 1785 1786 1787 1788 
 1947 0.229166 0.104165 1789 1790 1791 1792 
 1948 0.229166 0.145831 1793 1794 1795 1796 
 1949 0.187500 0.145831 1797 1798 1799 1800 
 1950 0.520833 0.854163 1801 1802 1803 1804 
 1951 0.562500 0.854163 1805 1806 1807 1808 
 1952 0.562500 0.895831 1809 1810 1811 1812 
 1953 0.520833 0.895831 1813 1814 1815 1816 
 1954 0.020833 0.770833 1817 1818 1819 1820 
 1955 0.062500 0.770832 1821 1822 1823 1824 
 1956 0.062500 0.812499 1825 1826 1827 1828 
 1957 0.020833 0.812500 1829 1830 1831 1832 
 