58 2 1 16 16 17
61 2 1 15 15 16
84 2 3 11 12 11
85 2 3 12 13 12
142 2 1 13 13 14
143 2 1 14 14 15
279 0 3 1358 63 704
280 0 3 1359 704 62
291 0 3 1356 62 703
292 0 3 1357 703 61
313 1 2 1384 74 717
314 1 2 1385 717 75
317 1 2 1388 75 719
318 1 2 1389 719 76
413 3 0 1320 47 685
415 3 0 1321 685 46
417 3 0 1324 48 687
419 3 0 1325 687 47
429 1 2 1456 92 753
430 1 2 1457 753 93
433 1 2 1460 93 755
434 1 2 1461 755 94
454 0 1 1338 52 694
456 0 1 1339 694 53
466 0 1 1336 51 693
468 0 1 1337 693 52
477 1 0 1434 87 742
479 1 0 1435 742 86
481 1 0 1438 88 744
483 1 0 1439 744 87
553 1 2 1464 94 757
554 1 2 1465 757 95
557 1 2 1468 95 759
558 2 1 1200 0 625
558 1 2 1469 759 0
560 2 1 1201 625 4
562 2 1 1208 4 629
564 2 1 1209 629 5
577 3 2 1294 40 672
578 3 2 1295 672 41
581 3 2 1298 41 674
582 3 2 1299 674 42
659 2 3 1238 26 644
660 2 3 1239 644 25
661 3 0 1240 27 645
663 3 0 1241 645 1
663 2 3 1202 1 626
664 2 3 1203 626 26
665 3 0 1244 28 647
667 3 0 1245 647 27
673 1 0 1382 74 716
675 1 0 1383 716 73
683 0 3 1376 72 713
684 0 3 1377 713 71
685 1 0 1378 73 714
687 1 0 1379 714 2
687 0 3 1204 2 627
688 0 3 1205 627 72
825 1 2 1440 88 745
826 1 2 1441 745 89
829 1 2 1444 89 747
830 1 2 1445 747 90
853 3 2 1302 42 676
854 3 2 1303 676 43
857 3 2 1306 43 678
858 3 2 1307 678 44
866 0 1 1334 50 692
868 0 1 1335 692 51
873 3 2 1326 48 688
874 3 2 1327 688 49
877 3 2 1330 49 690
878 0 1 1206 3 628
878 3 2 1331 690 3
880 0 1 1207 628 50
885 3 2 1310 44 680
886 3 2 1311 680 45
889 3 2 1314 45 682
890 3 2 1315 682 46
917 1 2 1448 90 749
918 1 2 1449 749 91
921 1 2 1452 91 751
922 1 2 1453 751 92
966 0 1 1364 65 707
968 0 1 1365 707 66
970 0 1 1366 66 708
972 0 1 1367 708 67
986 0 1 1368 67 709
988 0 1 1369 709 68
990 0 1 1370 68 710
992 0 1 1371 710 69
1009 3 2 1286 38 668
1010 3 2 1287 668 39
1013 3 2 1290 39 670
1014 3 2 1291 670 40
1049 1 0 1410 81 730
1051 1 0 1411 730 80
1053 1 0 1414 82 732
1055 1 0 1415 732 81
1081 1 2 1424 84 737
1082 1 2 1425 737 85
1085 1 2 1428 85 739
1086 1 2 1429 739 86
1098 0 1 1362 64 706
1100 0 1 1363 706 65
1110 0 1 1360 63 705
1112 0 1 1361 705 64
1130 2 1 1226 19 638
1132 2 1 1227 638 20
1134 2 1 1228 20 639
1136 2 1 1229 639 21
1151 2 3 1230 22 640
1152 2 3 1231 640 21
1155 2 3 1232 23 641
1156 2 3 1233 641 22
1175 0 3 1372 70 711
1176 0 3 1373 711 69
1179 0 3 1374 71 712
1180 0 3 1375 712 70
1221 3 0 1280 37 665
1223 3 0 1281 665 36
1225 3 0 1284 38 667
1227 3 0 1285 667 37
1231 2 3 1224 19 637
1232 2 3 1225 637 18
1243 2 3 1222 18 636
1244 2 3 1223 636 17
1247 2 3 1234 24 642
1248 2 3 1235 642 23
1251 2 3 1236 25 643
1252 2 3 1237 643 24
1285 1 0 1418 83 734
1287 1 0 1419 734 82
1289 1 0 1422 84 736
1291 1 0 1423 736 83
1397 3 0 1248 29 649
1399 3 0 1249 649 28
1401 3 0 1252 30 651
1403 3 0 1253 651 29
1485 3 0 1264 33 657
1487 3 0 1265 657 32
1489 3 0 1268 34 659
1491 3 0 1269 659 33
1505 3 2 1270 34 660
1506 3 2 1271 660 35
1509 3 2 1274 35 662
1510 3 2 1275 662 36
1519 2 3 1214 8 632
1520 2 3 1215 632 7
1523 2 3 1216 9 633
1524 2 3 1217 633 8
1539 2 3 1218 10 634
1540 2 3 1219 634 9
1543 2 3 1220 11 635
1544 2 3 1221 635 10
1550 0 1 1348 57 699
1552 0 1 1349 699 58
1554 0 1 1350 58 700
1556 0 1 1351 700 59
1630 2 1 1210 5 630
1632 2 1 1211 630 6
1634 2 1 1212 6 631
1636 2 1 1213 631 7
1649 3 0 1256 31 653
1651 3 0 1257 653 30
1653 3 0 1260 32 655
1655 3 0 1261 655 31
1662 0 1 1340 53 695
1664 0 1 1341 695 54
1666 0 1 1342 54 696
1668 0 1 1343 696 55
1683 0 3 1344 56 697
1684 0 3 1345 697 55
1687 0 3 1346 57 698
1688 0 3 1347 698 56
1761 1 0 1402 79 726
1763 1 0 1403 726 78
1765 1 0 1406 80 728
1767 1 0 1407 728 79
1771 0 3 1352 60 701
1772 0 3 1353 701 59
1775 0 3 1354 61 702
1776 0 3 1355 702 60
1817 1 0 1398 78 724
1819 1 0 1399 724 77
1829 1 0 1394 77 722
1831 1 0 1395 722 76
