58 2 1 16 16 17
61 2 1 15 15 16
84 2 3 11 12 11
85 2 3 12 13 12
142 2 1 13 13 14
143 2 1 14 14 15
261 1 2 1388 75 719
262 1 2 1389 719 76
317 1 2 1456 92 753
318 1 2 1457 753 93
321 1 2 1460 93 755
322 1 2 1461 755 94
377 1 2 1464 94 757
378 1 2 1465 757 95
381 1 2 1468 95 759
382 2 1 1200 0 625
382 1 2 1469 759 0
384 2 1 1201 625 4
386 2 1 1208 4 629
388 2 1 1209 629 5
451 2 3 1238 26 644
452 2 3 1239 644 25
453 3 0 1240 27 645
455 3 0 1241 645 1
455 2 3 1202 1 626
456 2 3 1203 626 26
457 3 0 1244 28 647
459 3 0 1245 647 27
569 1 2 1444 89 747
570 1 2 1445 747 90
593 1 2 1448 90 749
594 1 2 1449 749 91
597 1 2 1452 91 751
598 1 2 1453 751 92
674 2 1 1226 19 638
676 2 1 1227 638 20
678 2 1 1228 20 639
680 2 1 1229 639 21
695 2 3 1230 22 640
696 2 3 1231 640 21
699 2 3 1232 23 641
700 2 3 1233 641 22
727 2 3 1224 19 637
728 2 3 1225 637 18
739 2 3 1222 18 636
740 2 3 1223 636 17
743 2 3 1234 24 642
744 2 3 1235 642 23
747 2 3 1236 25 643
748 2 3 1237 643 24
845 3 0 1248 29 649
847 3 0 1249 649 28
849 3 0 1252 30 651
851 3 0 1253 651 29
927 2 3 1214 8 632
928 2 3 1215 632 7
931 2 3 1216 9 633
932 2 3 1217 633 8
947 2 3 1218 10 634
948 2 3 1219 634 9
951 2 3 1220 11 635
952 2 3 1221 635 10
1022 2 1 1210 5 630
1024 2 1 1211 630 6
1026 2 1 1212 6 631
1028 2 1 1213 631 7
1041 3 0 1256 31 653
1043 3 0 1257 653 30
1045 3 0 1260 32 655
1047 3 0 1261 655 31
1097 1 0 1402 79 726
1099 1 0 1403 726 78
1101 1 0 1406 80 728
1103 1 0 1407 728 79
1129 1 0 1398 78 724
1131 1 0 1399 724 77
1141 1 0 1394 77 722
1143 1 0 1395 722 76
1201 1 2 4958 717 2085
1202 1 2 4959 2085 75
1289 1 0 5020 87 2116
1291 1 0 5021 2116 742
1297 1 0 5022 742 2117
1299 1 0 5023 2117 86
1305 1 0 5028 88 2120
1307 1 0 5029 2120 744
1313 1 0 5030 744 2121
1315 1 0 5031 2121 87
1597 1 2 5032 88 2122
1598 1 2 5033 2122 745
1601 1 2 5034 745 2123
1602 1 2 5035 2123 89
1761 3 2 4760 38 1986
1762 3 2 4761 1986 668
1765 3 2 4762 668 1987
1766 3 2 4763 1987 39
1777 3 2 4768 39 1990
1778 3 2 4769 1990 670
1781 3 2 4770 670 1991
1782 3 2 4771 1991 40
1841 1 0 4972 81 2092
1843 1 0 4973 2092 730
1849 1 0 4974 730 2093
1851 1 0 4975 2093 80
1857 1 0 4980 82 2096
1859 1 0 4981 2096 732
1865 1 0 4982 732 2097
1867 1 0 4983 2097 81
1905 1 2 5000 84 2106
1906 1 2 5001 2106 737
1909 1 2 5002 737 2107
1910 1 2 5003 2107 85
1921 1 2 5008 85 2110
1922 1 2 5009 2110 739
1925 1 2 5010 739 2111
1926 1 2 5011 2111 86
2049 3 0 4748 37 1980
2051 3 0 4749 1980 665
2057 3 0 4750 665 1981
2059 3 0 4751 1981 36
2065 3 0 4756 38 1984
2067 3 0 4757 1984 667
2073 3 0 4758 667 1985
2075 3 0 4759 1985 37
2113 1 0 4988 83 2100
2115 1 0 4989 2100 734
2121 1 0 4990 734 2101
2123 1 0 4991 2101 82
2129 1 0 4996 84 2104
2131 1 0 4997 2104 736
2137 1 0 4998 736 2105
2139 1 0 4999 2105 83
2257 3 0 4716 33 1964
2259 3 0 4717 1964 657
2265 3 0 4718 657 1965
2267 3 0 4719 1965 32
2273 3 0 4724 34 1968
2275 3 0 4725 1968 659
2281 3 0 4726 659 1969
2283 3 0 4727 1969 33
2337 3 2 4728 34 1970
2338 3 2 4729 1970 660
2341 3 2 4730 660 1971
2342 3 2 4731 1971 35
2353 3 2 4736 35 1974
2354 3 2 4737 1974 662
2357 3 2 4738 662 1975
2358 3 2 4739 1975 36
2703 0 3 10548 63 4244
2704 0 3 10549 4244 2058
2707 0 3 10550 2058 4245
2708 0 3 10551 4245 704
2719 0 3 10552 704 4246
2720 0 3 10553 4246 2059
2723 0 3 10554 2059 4247
2724 0 3 10555 4247 62
2895 0 3 10540 62 4240
2896 0 3 10541 4240 2056
2899 0 3 10542 2056 4241
2900 0 3 10543 4241 703
2911 0 3 10544 703 4242
2912 0 3 10545 4242 2057
2915 0 3 10546 2057 4243
2916 0 3 10547 4243 61
3429 3 2 10292 40 4116
3430 3 2 10293 4116 1994
3433 3 2 10294 1994 4117
3434 3 2 10295 4117 672
3445 3 2 10296 672 4118
3446 3 2 10297 4118 1995
3449 3 2 10298 1995 4119
3450 3 2 10299 4119 41
3493 3 2 10308 41 4124
3494 3 2 10309 4124 1998
3497 3 2 10310 1998 4125
3498 3 2 10311 4125 674
3509 3 2 10312 674 4126
3510 3 2 10313 4126 1999
3513 3 2 10314 1999 4127
3514 3 2 10315 4127 42
3685 3 2 10324 42 4132
3686 3 2 10325 4132 2002
3689 3 2 10326 2002 4133
3690 3 2 10327 4133 676
3701 3 2 10328 676 4134
3702 3 2 10329 4134 2003
3705 3 2 10330 2003 4135
3706 3 2 10331 4135 43
4282 0 1 10556 63 4248
4284 0 1 10557 4248 2060
4290 0 1 10558 2060 4249
4292 0 1 10559 4249 705
4314 0 1 10560 705 4250
4316 0 1 10561 4250 2061
4322 0 1 10562 2061 4251
4324 0 1 10563 4251 64
4602 0 1 10508 57 4224
4604 0 1 10509 4224 2048
4610 0 1 10510 2048 4225
4612 0 1 10511 4225 699
4634 0 1 10512 699 4226
4636 0 1 10513 4226 2049
4642 0 1 10514 2049 4227
4644 0 1 10515 4227 58
4666 0 1 10516 58 4228
4668 0 1 10517 4228 2050
4674 0 1 10518 2050 4229
4676 0 1 10519 4229 700
4698 0 1 10520 700 4230
4700 0 1 10521 4230 2051
4706 0 1 10522 2051 4231
4708 0 1 10523 4231 59
4858 0 1 10476 53 4208
4860 0 1 10477 4208 2040
4866 0 1 10478 2040 4209
4868 0 1 10479 4209 695
4890 0 1 10480 695 4210
4892 0 1 10481 4210 2041
4898 0 1 10482 2041 4211
4900 0 1 10483 4211 54
4922 0 1 10484 54 4212
4924 0 1 10485 4212 2042
4930 0 1 10486 2042 4213
4932 0 1 10487 4213 696
4954 0 1 10488 696 4214
4956 0 1 10489 4214 2043
4962 0 1 10490 2043 4215
4964 0 1 10491 4215 55
5199 0 3 10492 56 4216
5200 0 3 10493 4216 2044
5203 0 3 10494 2044 4217
5204 0 3 10495 4217 697
5215 0 3 10496 697 4218
5216 0 3 10497 4218 2045
5219 0 3 10498 2045 4219
5220 0 3 10499 4219 55
5263 0 3 10500 57 4220
5264 0 3 10501 4220 2046
5267 0 3 10502 2046 4221
5268 0 3 10503 4221 698
5279 0 3 10504 698 4222
5280 0 3 10505 4222 2047
5283 0 3 10506 2047 4223
5284 0 3 10507 4223 56
5327 0 3 10524 60 4232
5328 0 3 10525 4232 2052
5331 0 3 10526 2052 4233
5332 0 3 10527 4233 701
5343 0 3 10528 701 4234
5344 0 3 10529 4234 2053
5347 0 3 10530 2053 4235
5348 0 3 10531 4235 59
5391 0 3 10532 61 4236
5392 0 3 10533 4236 2054
5395 0 3 10534 2054 4237
5396 0 3 10535 4237 702
5407 0 3 10536 702 4238
5408 0 3 10537 4238 2055
5411 0 3 10538 2055 4239
5412 0 3 10539 4239 60
5637 1 2 20012 74 7772
5638 1 2 20013 7772 2084
5641 1 2 20014 2084 7773
5642 1 2 20015 7773 717
6133 3 0 20444 47 7988
6135 3 0 20445 7988 4168
6141 3 0 20446 4168 7989
6143 3 0 20447 7989 2020
6165 3 0 20448 2020 7990
6167 3 0 20449 7990 4169
6173 3 0 20450 4169 7991
6175 3 0 20451 7991 685
6261 3 0 20452 685 7992
6263 3 0 20453 7992 4170
6269 3 0 20454 4170 7993
6271 3 0 20455 7993 2021
6293 3 0 20456 2021 7994
6295 3 0 20457 7994 4171
6301 3 0 20458 4171 7995
6303 3 0 20459 7995 46
6389 3 0 20476 48 8004
6391 3 0 20477 8004 4176
6397 3 0 20478 4176 8005
6399 3 0 20479 8005 2024
6421 3 0 20480 2024 8006
6423 3 0 20481 8006 4177
6429 3 0 20482 4177 8007
6431 3 0 20483 8007 687
6517 3 0 20484 687 8008
6519 3 0 20485 8008 4178
6525 3 0 20486 4178 8009
6527 3 0 20487 8009 2025
6549 3 0 20488 2025 8010
6551 3 0 20489 8010 4179
6557 3 0 20490 4179 8011
6559 3 0 20491 8011 47
6730 0 1 20588 52 8060
6732 0 1 20589 8060 4204
6738 0 1 20590 4204 8061
6740 0 1 20591 8061 2038
6762 0 1 20592 2038 8062
6764 0 1 20593 8062 4205
6770 0 1 20594 4205 8063
6772 0 1 20595 8063 694
6858 0 1 20596 694 8064
6860 0 1 20597 8064 4206
6866 0 1 20598 4206 8065
6868 0 1 20599 8065 2039
6890 0 1 20600 2039 8066
6892 0 1 20601 8066 4207
6898 0 1 20602 4207 8067
6900 0 1 20603 8067 53
6986 0 1 20572 51 8052
6988 0 1 20573 8052 4200
6994 0 1 20574 4200 8053
6996 0 1 20575 8053 2036
7018 0 1 20576 2036 8054
7020 0 1 20577 8054 4201
7026 0 1 20578 4201 8055
7028 0 1 20579 8055 693
7114 0 1 20580 693 8056
7116 0 1 20581 8056 4202
7122 0 1 20582 4202 8057
7124 0 1 20583 8057 2037
7146 0 1 20584 2037 8058
7148 0 1 20585 8058 4203
7154 0 1 20586 4203 8059
7156 0 1 20587 8059 52
7157 1 0 20764 74 8148
7159 1 0 20765 8148 4292
7165 1 0 20766 4292 8149
7167 1 0 20767 8149 2082
7189 1 0 20768 2082 8150
7191 1 0 20769 8150 4293
7197 1 0 20770 4293 8151
7199 1 0 20771 8151 716
7285 1 0 20772 716 8152
7287 1 0 20773 8152 4294
7293 1 0 20774 4294 8153
7295 1 0 20775 8153 2083
7317 1 0 20776 2083 8154
7319 1 0 20777 8154 4295
7325 1 0 20778 4295 8155
7327 1 0 20779 8155 73
7583 0 3 20716 72 8124
7584 0 3 20717 8124 4280
7587 0 3 20718 4280 8125
7588 0 3 20719 8125 2076
7599 0 3 20720 2076 8126
7600 0 3 20721 8126 4281
7603 0 3 20722 4281 8127
7604 0 3 20723 8127 713
7647 0 3 20724 713 8128
7648 0 3 20725 8128 4282
7651 0 3 20726 4282 8129
7652 0 3 20727 8129 2077
7663 0 3 20728 2077 8130
7664 0 3 20729 8130 4283
7667 0 3 20730 4283 8131
7668 0 3 20731 8131 71
7669 1 0 20732 73 8132
7671 1 0 20733 8132 4284
7677 1 0 20734 4284 8133
7679 1 0 20735 8133 2078
7701 1 0 20736 2078 8134
7703 1 0 20737 8134 4285
7709 1 0 20738 4285 8135
7711 1 0 20739 8135 714
7797 1 0 20740 714 8136
7799 1 0 20741 8136 4286
7805 1 0 20742 4286 8137
7807 1 0 20743 8137 2079
7829 1 0 20744 2079 8138
7831 1 0 20745 8138 4287
7837 1 0 20746 4287 8139
7839 1 0 20747 8139 2
7839 0 3 20300 2 7916
7840 0 3 20301 7916 4108
7843 0 3 20302 4108 7917
7844 0 3 20303 7917 1958
7855 0 3 20304 1958 7918
7856 0 3 20305 7918 4109
7859 0 3 20306 4109 7919
7860 0 3 20307 7919 627
7903 0 3 20308 627 7920
7904 0 3 20309 7920 4110
7907 0 3 20310 4110 7921
7908 0 3 20311 7921 1959
7919 0 3 20312 1959 7922
7920 0 3 20313 7922 4111
7923 0 3 20314 4111 7923
7924 0 3 20315 7923 72
7925 3 2 20332 43 7932
7926 3 2 20333 7932 4140
7929 3 2 20334 4140 7933
7930 3 2 20335 7933 2006
7941 3 2 20336 2006 7934
7942 3 2 20337 7934 4141
7945 3 2 20338 4141 7935
7946 3 2 20339 7935 678
7989 3 2 20340 678 7936
7990 3 2 20341 7936 4142
7993 3 2 20342 4142 7937
7994 3 2 20343 7937 2007
8005 3 2 20344 2007 7938
8006 3 2 20345 7938 4143
8009 3 2 20346 4143 7939
8010 3 2 20347 7939 44
8522 0 1 20556 50 8044
8524 0 1 20557 8044 4196
8530 0 1 20558 4196 8045
8532 0 1 20559 8045 2034
8554 0 1 20560 2034 8046
8556 0 1 20561 8046 4197
8562 0 1 20562 4197 8047
8564 0 1 20563 8047 692
8650 0 1 20564 692 8048
8652 0 1 20565 8048 4198
8658 0 1 20566 4198 8049
8660 0 1 20567 8049 2035
8682 0 1 20568 2035 8050
8684 0 1 20569 8050 4199
8690 0 1 20570 4199 8051
8692 0 1 20571 8051 51
8693 3 2 20492 48 8012
8694 3 2 20493 8012 4180
8697 3 2 20494 4180 8013
8698 3 2 20495 8013 2026
8709 3 2 20496 2026 8014
8710 3 2 20497 8014 4181
8713 3 2 20498 4181 8015
8714 3 2 20499 8015 688
8757 3 2 20500 688 8016
8758 3 2 20501 8016 4182
8761 3 2 20502 4182 8017
8762 3 2 20503 8017 2027
8773 3 2 20504 2027 8018
8774 3 2 20505 8018 4183
8777 3 2 20506 4183 8019
8778 3 2 20507 8019 49
8949 3 2 20524 49 8028
8950 3 2 20525 8028 4188
8953 3 2 20526 4188 8029
8954 3 2 20527 8029 2030
8965 3 2 20528 2030 8030
8966 3 2 20529 8030 4189
8969 3 2 20530 4189 8031
8970 3 2 20531 8031 690
9013 3 2 20532 690 8032
9014 3 2 20533 8032 4190
9017 3 2 20534 4190 8033
9018 3 2 20535 8033 2031
9029 3 2 20536 2031 8034
9030 3 2 20537 8034 4191
9033 3 2 20538 4191 8035
9034 0 1 20316 3 7924
9034 3 2 20539 8035 3
9036 0 1 20317 7924 4112
9042 0 1 20318 4112 7925
9044 0 1 20319 7925 1960
9066 0 1 20320 1960 7926
9068 0 1 20321 7926 4113
9074 0 1 20322 4113 7927
9076 0 1 20323 7927 628
9162 0 1 20324 628 7928
9164 0 1 20325 7928 4114
9170 0 1 20326 4114 7929
9172 0 1 20327 7929 1961
9194 0 1 20328 1961 7930
9196 0 1 20329 7930 4115
9202 0 1 20330 4115 7931
9204 0 1 20331 7931 50
9461 3 2 20364 44 7948
9462 3 2 20365 7948 4148
9465 3 2 20366 4148 7949
9466 3 2 20367 7949 2010
9477 3 2 20368 2010 7950
9478 3 2 20369 7950 4149
9481 3 2 20370 4149 7951
9482 3 2 20371 7951 680
9525 3 2 20372 680 7952
9526 3 2 20373 7952 4150
9529 3 2 20374 4150 7953
9530 3 2 20375 7953 2011
9541 3 2 20376 2011 7954
9542 3 2 20377 7954 4151
9545 3 2 20378 4151 7955
9546 3 2 20379 7955 45
9717 3 2 20396 45 7964
9718 3 2 20397 7964 4156
9721 3 2 20398 4156 7965
9722 3 2 20399 7965 2014
9733 3 2 20400 2014 7966
9734 3 2 20401 7966 4157
9737 3 2 20402 4157 7967
9738 3 2 20403 7967 682
9781 3 2 20404 682 7968
9782 3 2 20405 7968 4158
9785 3 2 20406 4158 7969
9786 3 2 20407 7969 2015
9797 3 2 20408 2015 7970
9798 3 2 20409 7970 4159
9801 3 2 20410 4159 7971
9802 3 2 20411 7971 46
10314 0 1 20620 65 8076
10316 0 1 20621 8076 4256
10322 0 1 20622 4256 8077
10324 0 1 20623 8077 2064
10346 0 1 20624 2064 8078
10348 0 1 20625 8078 4257
10354 0 1 20626 4257 8079
10356 0 1 20627 8079 707
10442 0 1 20628 707 8080
10444 0 1 20629 8080 4258
10450 0 1 20630 4258 8081
10452 0 1 20631 8081 2065
10474 0 1 20632 2065 8082
10476 0 1 20633 8082 4259
10482 0 1 20634 4259 8083
10484 0 1 20635 8083 66
10570 0 1 20636 66 8084
10572 0 1 20637 8084 4260
10578 0 1 20638 4260 8085
10580 0 1 20639 8085 2066
10602 0 1 20640 2066 8086
10604 0 1 20641 8086 4261
10610 0 1 20642 4261 8087
10612 0 1 20643 8087 708
10698 0 1 20644 708 8088
10700 0 1 20645 8088 4262
10706 0 1 20646 4262 8089
10708 0 1 20647 8089 2067
10730 0 1 20648 2067 8090
10732 0 1 20649 8090 4263
10738 0 1 20650 4263 8091
10740 0 1 20651 8091 67
11082 0 1 20652 67 8092
11084 0 1 20653 8092 4264
11090 0 1 20654 4264 8093
11092 0 1 20655 8093 2068
11114 0 1 20656 2068 8094
11116 0 1 20657 8094 4265
11122 0 1 20658 4265 8095
11124 0 1 20659 8095 709
11210 0 1 20660 709 8096
11212 0 1 20661 8096 4266
11218 0 1 20662 4266 8097
11220 0 1 20663 8097 2069
11242 0 1 20664 2069 8098
11244 0 1 20665 8098 4267
11250 0 1 20666 4267 8099
11252 0 1 20667 8099 68
11338 0 1 20668 68 8100
11340 0 1 20669 8100 4268
11346 0 1 20670 4268 8101
11348 0 1 20671 8101 2070
11370 0 1 20672 2070 8102
11372 0 1 20673 8102 4269
11378 0 1 20674 4269 8103
11380 0 1 20675 8103 710
11466 0 1 20676 710 8104
11468 0 1 20677 8104 4270
11474 0 1 20678 4270 8105
11476 0 1 20679 8105 2071
11498 0 1 20680 2071 8106
11500 0 1 20681 8106 4271
11506 0 1 20682 4271 8107
11508 0 1 20683 8107 69
11594 0 1 20604 64 8068
11596 0 1 20605 8068 4252
11602 0 1 20606 4252 8069
11604 0 1 20607 8069 2062
11626 0 1 20608 2062 8070
11628 0 1 20609 8070 4253
11634 0 1 20610 4253 8071
11636 0 1 20611 8071 706
11722 0 1 20612 706 8072
11724 0 1 20613 8072 4254
11730 0 1 20614 4254 8073
11732 0 1 20615 8073 2063
11754 0 1 20616 2063 8074
11756 0 1 20617 8074 4255
11762 0 1 20618 4255 8075
11764 0 1 20619 8075 65
11935 0 3 20684 70 8108
11936 0 3 20685 8108 4272
11939 0 3 20686 4272 8109
11940 0 3 20687 8109 2072
11951 0 3 20688 2072 8110
11952 0 3 20689 8110 4273
11955 0 3 20690 4273 8111
11956 0 3 20691 8111 711
11999 0 3 20692 711 8112
12000 0 3 20693 8112 4274
12003 0 3 20694 4274 8113
12004 0 3 20695 8113 2073
12015 0 3 20696 2073 8114
12016 0 3 20697 8114 4275
12019 0 3 20698 4275 8115
12020 0 3 20699 8115 69
12191 0 3 20700 71 8116
12192 0 3 20701 8116 4276
12195 0 3 20702 4276 8117
12196 0 3 20703 8117 2074
12207 0 3 20704 2074 8118
12208 0 3 20705 8118 4277
12211 0 3 20706 4277 8119
12212 0 3 20707 8119 712
12255 0 3 20708 712 8120
12256 0 3 20709 8120 4278
12259 0 3 20710 4278 8121
12260 0 3 20711 8121 2075
12271 0 3 20712 2075 8122
12272 0 3 20713 8122 4279
12275 0 3 20714 4279 8123
12276 0 3 20715 8123 70
