0.003738 
0.003672 
0.003910 
0.003847 
0.000487 
0.000585 
0.000484 
0.000350 
0.001006 
0.000917 
0.000704 
0.000790 
0.000522 
0.000392 
0.000481 
0.000608 
0.000462 
0.000461 
0.000361 
0.000286 
0.003901 
0.004286 
0.001013 
0.001358 
0.001612 
0.001138 
0.000288 
0.000469 
0.000640 
0.000550 
0.003452 
0.003515 
0.002992 
0.003595 
0.000734 
0.000672 
0.000879 
0.000909 
0.001205 
0.001301 
0.001082 
0.001034 
0.001194 
0.000952 
0.000865 
0.000836 
0.001321 
0.001473 
0.001669 
0.001450 
0.004515 
0.004954 
0.003926 
0.003607 
0.002302 
0.003524 
0.003948 
0.003091 
0.003662 
0.002563 
0.003707 
0.004851 
0.002794 
0.003776 
0.003928 
0.002683 
0.000947 
0.000480 
0.000405 
0.000588 
0.003921 
0.004732 
0.001809 
0.002081 
0.001934 
0.001658 
0.002837 
0.003531 
0.002428 
0.001252 
0.001475 
0.001349 
0.001072 
0.001455 
0.003934 
0.001840 
0.000538 
0.000649 
0.000583 
0.000690 
0.000552 
0.000606 
0.000755 
0.004049 
0.003751 
0.001640 
0.001154 
0.000605 
0.000677 
0.000606 
0.000541 
0.000932 
0.000839 
0.000700 
0.000783 
0.000832 
0.000653 
0.001418 
0.001139 
0.000959 
0.001214 
0.001111 
0.000879 
0.001081 
0.001186 
0.001280 
0.001195 
0.003248 
0.001874 
0.002950 
0.004019 
0.001455 
0.001456 
0.003702 
0.003709 
0.004520 
0.003842 
0.003729 
0.001617 
0.001843 
0.003935 
0.003384 
0.003672 
0.003772 
0.004114 
0.004494 
0.003712 
0.003669 
0.002114 
0.002232 
0.003629 
0.003369 
0.003548 
0.003591 
0.001464 
0.001517 
0.001469 
0.001352 
0.001899 
0.001849 
0.001737 
0.001680 
0.001366 
0.001393 
0.001510 
0.001565 
0.001337 
0.001349 
0.001433 
0.001468 
0.001618 
0.001617 
0.001660 
0.001782 
0.001963 
0.001407 
0.001726 
0.001472 
0.001493 
0.001746 
0.001663 
0.001896 
0.001819 
0.001992 
0.001928 
0.002031 
0.000787 
0.001627 
0.000787 
0.001659 
0.000831 
0.001745 
0.000923 
0.001895 
0.000602 
0.000354 
0.000710 
0.000366 
0.000517 
0.000288 
0.000558 
0.000314 
0.001695 
0.001992 
0.001778 
0.002036 
0.001553 
0.001900 
0.001619 
0.001945 
0.002124 
0.002190 
0.002143 
0.002183 
0.002154 
0.002163 
0.002155 
0.002130 
0.000748 
0.000924 
0.001109 
0.001163 
0.000388 
0.000549 
0.000734 
0.000938 
0.000200 
0.000188 
0.000267 
0.000306 
0.000292 
0.000527 
0.000473 
0.000648 
0.001612 
0.001750 
0.001868 
0.002015 
0.001439 
0.001509 
0.001640 
0.001741 
0.000820 
0.001058 
0.001633 
0.001599 
0.002154 
0.001826 
0.002424 
0.002109 
0.000235 
0.000360 
0.000352 
0.000352 
0.001738 
0.001642 
0.002012 
0.001953 
0.001897 
0.001822 
0.002093 
0.002059 
0.001925 
0.001707 
0.001840 
0.001683 
0.001492 
0.001292 
0.001529 
0.001377 
0.001308 
0.001325 
0.001366 
0.001401 
0.001252 
0.001284 
0.001283 
0.001328 
0.000269 
0.000229 
0.000365 
0.000245 
0.000534 
0.000389 
0.000800 
0.000567 
0.000171 
0.000348 
0.000309 
0.000336 
0.004256 
0.004623 
0.003126 
0.003645 
0.000923 
0.001060 
0.000857 
0.000862 
0.000732 
0.000778 
0.000804 
0.000804 
0.000770 
0.000839 
0.001110 
0.001157 
0.000666 
0.000712 
0.001040 
0.001069 
0.000245 
0.000286 
0.000374 
0.000427 
0.000329 
0.000404 
0.000500 
0.000585 
0.000401 
0.000597 
0.000814 
0.001037 
0.000845 
0.001129 
0.001283 
0.001537 
0.001781 
0.001967 
0.002267 
0.002350 
0.001383 
0.001581 
0.002027 
0.002154 
0.002426 
0.002267 
0.002293 
0.002317 
0.002110 
0.002275 
0.001921 
0.002162 
0.003360 
0.001541 
0.003997 
0.001861 
0.006550 
0.007516 
0.007338 
0.008224 
0.005223 
0.006062 
0.005929 
0.006951 
0.000890 
0.000863 
0.000655 
0.000822 
0.000535 
0.000543 
0.000893 
0.000689 
0.000654 
0.001085 
0.000685 
0.000759 
0.000896 
0.000800 
0.000993 
0.001012 
0.004006 
0.002991 
0.003669 
0.002590 
0.003218 
0.002192 
0.002701 
0.001891 
0.004504 
0.004259 
0.004368 
0.003794 
0.004360 
0.004606 
0.004441 
0.004531 
0.001108 
0.000854 
0.001430 
0.001187 
0.000643 
0.000475 
0.000979 
0.000802 
0.001341 
0.001176 
0.001680 
0.001548 
0.001725 
0.001525 
0.001958 
0.001819 
0.002258 
0.002547 
0.001448 
0.001573 
0.002790 
0.002946 
0.001751 
0.001913 
0.001116 
0.001423 
0.001590 
0.001661 
0.001372 
0.001236 
0.001616 
0.001627 
0.001967 
0.001978 
0.001944 
0.002014 
0.001784 
0.001898 
0.001676 
0.001829 
0.002111 
0.002074 
0.001947 
0.002005 
0.001961 
0.001802 
0.001997 
0.001919 
0.004700 
0.005385 
0.003246 
0.004069 
0.002398 
0.003215 
0.002324 
0.002325 
0.003120 
0.002689 
0.003246 
0.002918 
0.002445 
0.003018 
0.002865 
0.002515 
0.002116 
0.001992 
0.002013 
0.002086 
0.002138 
0.002085 
0.002151 
0.002042 
0.001958 
0.001966 
0.001888 
0.001809 
0.001779 
0.001631 
0.001932 
0.001558 
0.000667 
0.000700 
0.000706 
0.000750 
0.000615 
0.000638 
0.000597 
0.000663 
0.001810 
0.001737 
0.001750 
0.001706 
0.001674 
0.002289 
0.001464 
0.002098 
0.000725 
0.000958 
0.000780 
0.000988 
0.000798 
0.000690 
0.000702 
0.000533 
0.003414 
0.003998 
0.002552 
0.003179 
0.001933 
0.002225 
0.001858 
0.001777 
0.002137 
0.001934 
0.002195 
0.002035 
0.002269 
0.002851 
0.002031 
0.002111 
0.002109 
0.002140 
0.002030 
0.002086 
0.001963 
0.002050 
0.002133 
0.001998 
0.002093 
0.002027 
0.002118 
0.002122 
0.001949 
0.001864 
0.002105 
0.002075 
0.001216 
0.001332 
0.001304 
0.001394 
0.001402 
0.001465 
0.001514 
0.001550 
0.001252 
0.001330 
0.001419 
0.001468 
0.000955 
0.001089 
0.001096 
0.001204 
0.000984 
0.001076 
0.001117 
0.001229 
0.000893 
0.001053 
0.000956 
0.000958 
0.001221 
0.001878 
0.001264 
0.001753 
0.001403 
0.001802 
0.001532 
0.001882 
0.001497 
0.001520 
0.001745 
0.001745 
0.001543 
0.001567 
0.001749 
0.001760 
0.001943 
0.001960 
0.002158 
0.002196 
0.001938 
0.001936 
0.002102 
0.002125 
0.001704 
0.001317 
0.000951 
0.000921 
0.002759 
0.002204 
0.001267 
0.001120 
0.004407 
0.003581 
0.005084 
0.004109 
0.002801 
0.002135 
0.003205 
0.002441 
0.001993 
0.001954 
0.002205 
0.002132 
0.001981 
0.001997 
0.002225 
0.002233 
0.001593 
0.001621 
0.001776 
0.001794 
0.001645 
0.001657 
0.001804 
0.001792 
0.000736 
0.001144 
0.000815 
0.001219 
0.000911 
0.001313 
0.001031 
0.001424 
0.000310 
0.000555 
0.000351 
0.000655 
0.000180 
0.000381 
0.000268 
0.000465 
0.001087 
0.001504 
0.000996 
0.001171 
0.001763 
0.001125 
0.001957 
0.001759 
0.001931 
0.002084 
0.002119 
0.002183 
0.002259 
0.002231 
0.002324 
0.002209 
0.002119 
0.002221 
0.002393 
0.002385 
0.001425 
0.001702 
0.001777 
0.001979 
0.004346 
0.004295 
0.003777 
0.003888 
0.004218 
0.004324 
0.003337 
0.003600 
0.004320 
0.003929 
0.004574 
0.004468 
0.003558 
0.003241 
0.004277 
0.004062 
0.003747 
0.002984 
0.003717 
0.003100 
0.003556 
0.002644 
0.003699 
0.002833 
0.002259 
0.002161 
0.002349 
0.002181 
0.002455 
0.002211 
0.002565 
0.002256 
0.000910 
0.001096 
0.000984 
0.001157 
0.001060 
0.001217 
0.001133 
0.001274 
0.000788 
0.000884 
0.000844 
0.000985 
0.000626 
0.000717 
0.000696 
0.000801 
0.002792 
0.003668 
0.002986 
0.003854 
0.002575 
0.003388 
0.002658 
0.003512 
0.003814 
0.003722 
0.003944 
0.003820 
0.004076 
0.003878 
0.004200 
0.003905 
0.002165 
0.003575 
0.001648 
0.002787 
0.003598 
0.005396 
0.002855 
0.004474 
0.005499 
0.004739 
0.004906 
0.004573 
0.004292 
0.004348 
0.003627 
0.004015 
0.001634 
0.001277 
0.001561 
0.001409 
0.001424 
0.001423 
0.001143 
0.001282 
0.002284 
0.002583 
0.002329 
0.002398 
0.002739 
0.002805 
0.002353 
0.002256 
0.001418 
0.001206 
0.000700 
0.000564 
0.001735 
0.001603 
0.001077 
0.000875 
0.001887 
0.001937 
0.002032 
0.002118 
0.001654 
0.000904 
0.002015 
0.001308 
0.002310 
0.001639 
0.002505 
0.001872 
0.002111 
0.002230 
0.002128 
0.002266 
0.001655 
0.001844 
0.001705 
0.001935 
0.001991 
0.002087 
0.002113 
0.002226 
0.002569 
0.002589 
0.002047 
0.002005 
0.002307 
0.002464 
0.001950 
0.002019 
0.000551 
0.000520 
0.000632 
0.000634 
0.000711 
0.000688 
0.000909 
0.000846 
0.000834 
0.000787 
0.001030 
0.000956 
0.000313 
0.000294 
0.000446 
0.000446 
0.001983 
0.001764 
0.001906 
0.001655 
0.002350 
0.002160 
0.002038 
0.002017 
0.002540 
0.002433 
0.002525 
0.002354 
0.002294 
0.002117 
0.002166 
0.001965 
0.000619 
0.000604 
0.000494 
0.000570 
0.000867 
0.000686 
0.000481 
0.000522 
0.007328 
0.007628 
0.007982 
0.008460 
0.001350 
0.001241 
0.000457 
0.000286 
0.001651 
0.001619 
0.001720 
0.001536 
0.000209 
0.000198 
0.000251 
0.000205 
0.001970 
0.002133 
0.001793 
0.001868 
0.001759 
0.001842 
0.001705 
0.001737 
0.000759 
0.000954 
0.000646 
0.000882 
0.001192 
0.001433 
0.001158 
0.001439 
0.003219 
0.002297 
0.003155 
0.002084 
0.003152 
0.002371 
0.003203 
0.002369 
0.005444 
0.006630 
0.004410 
0.005814 
0.003275 
0.003070 
0.003418 
0.003276 
0.003552 
0.003437 
0.003683 
0.003590 
0.002531 
0.003214 
0.002536 
0.003291 
0.002585 
0.003089 
0.002551 
0.003151 
0.000630 
0.000687 
0.000674 
0.000583 
0.000640 
0.000934 
0.000662 
0.000744 
0.002463 
0.002523 
0.002062 
0.002170 
0.003302 
0.002972 
0.002893 
0.002830 
0.002522 
0.002120 
0.002609 
0.002279 
0.002501 
0.002362 
0.002256 
0.002272 
0.001300 
0.001072 
0.002427 
0.002118 
0.002025 
0.001606 
0.003328 
0.002826 
0.000503 
0.000460 
0.001022 
0.000737 
0.000443 
0.000629 
0.000537 
0.000405 
0.000273 
0.000543 
0.000252 
0.000405 
0.000239 
0.000323 
0.000302 
0.000310 
0.000436 
0.000374 
0.000477 
0.000302 
0.000315 
0.000625 
0.000383 
0.000476 
0.001199 
0.001901 
0.001042 
0.001788 
0.000921 
0.001698 
0.000834 
0.001642 
0.001454 
0.001475 
0.001752 
0.001748 
0.001965 
0.001949 
0.002096 
0.002093 
0.002007 
0.001985 
0.002125 
0.002108 
0.001426 
0.001437 
0.001766 
0.001757 
0.000496 
0.000664 
0.000570 
0.000715 
0.000386 
0.000414 
0.000346 
0.000405 
0.000691 
0.001165 
0.001065 
0.001612 
0.001143 
0.001089 
0.000943 
0.000872 
0.000973 
0.001290 
0.000822 
0.001087 
0.001345 
0.001810 
0.001149 
0.001533 
0.001671 
0.001641 
0.001387 
0.001344 
0.000697 
0.000820 
0.000871 
0.000984 
0.001085 
0.001170 
0.001317 
0.001369 
0.000916 
0.000999 
0.001209 
0.001263 
0.000478 
0.000567 
0.000671 
0.000766 
0.001211 
0.001233 
0.001161 
0.001181 
0.001100 
0.001117 
0.001030 
0.001055 
0.002053 
0.002029 
0.002162 
0.002144 
0.002102 
0.002078 
0.002188 
0.002178 
0.001501 
0.001462 
0.001859 
0.001826 
0.001437 
0.001426 
0.001799 
0.001779 
0.000180 
0.000188 
0.000332 
0.000309 
0.000207 
0.000222 
0.000313 
0.000334 
0.000628 
0.000638 
0.001025 
0.001024 
0.000676 
0.000640 
0.001085 
0.001046 
0.001461 
0.001633 
0.001290 
0.001492 
0.001148 
0.001288 
0.000932 
0.001091 
0.001708 
0.001833 
0.001406 
0.001536 
0.001966 
0.002069 
0.001691 
0.001836 
0.002641 
0.002609 
0.002815 
0.002680 
0.002742 
0.002548 
0.002456 
0.002266 
0.003111 
0.002932 
0.002863 
0.002661 
0.002620 
0.002642 
0.003018 
0.002928 
0.000630 
0.000577 
0.000786 
0.000735 
0.003567 
0.004362 
0.003026 
0.003803 
0.004955 
0.006017 
0.004124 
0.005068 
0.001496 
0.001445 
0.002070 
0.002019 
0.001470 
0.001505 
0.002113 
0.002102 
0.001328 
0.001403 
0.002117 
0.002111 
0.001679 
0.001660 
0.001602 
0.001506 
0.002099 
0.001937 
0.001841 
0.001725 
0.001413 
0.001523 
0.001335 
0.001365 
0.002375 
0.002206 
0.001842 
0.001865 
0.002571 
0.002337 
0.002952 
0.002482 
0.002145 
0.002000 
0.002361 
0.002164 
0.001967 
0.002116 
0.002034 
0.002130 
0.002103 
0.002139 
0.002178 
0.002148 
0.002931 
0.002321 
0.003060 
0.002391 
0.002530 
0.002011 
0.002676 
0.002188 
0.001501 
0.001230 
0.001719 
0.001271 
0.001343 
0.001940 
0.001382 
0.001957 
0.003345 
0.003350 
0.002831 
0.002839 
0.002390 
0.002393 
0.002002 
0.001987 
0.001830 
0.002503 
0.001567 
0.002128 
0.002543 
0.003484 
0.002153 
0.002956 
0.003147 
0.003110 
0.002843 
0.002984 
0.003603 
0.003166 
0.003409 
0.003171 
0.002667 
0.002314 
0.002749 
0.002379 
0.002796 
0.002441 
0.002796 
0.002487 
0.000739 
0.000730 
0.000610 
0.000677 
0.000637 
0.000681 
0.000557 
0.000567 
0.002535 
0.002809 
0.002272 
0.002612 
0.002744 
0.002502 
0.002644 
0.002476 
0.002513 
0.002404 
0.002376 
0.002293 
0.002110 
0.002433 
0.002096 
0.002318 
0.002971 
0.003611 
0.002371 
0.003157 
0.001884 
0.002691 
0.001562 
0.002259 
0.001468 
0.001772 
0.001601 
0.001847 
0.001376 
0.002187 
0.001353 
0.001848 
0.000955 
0.000990 
0.000872 
0.000917 
0.000785 
0.000839 
0.000671 
0.000741 
0.001682 
0.001944 
0.001681 
0.001980 
0.001420 
0.001911 
0.001409 
0.001698 
0.001458 
0.001651 
0.001554 
0.001778 
0.001585 
0.001916 
0.001376 
0.001749 
0.000554 
0.000554 
0.000699 
0.000665 
0.000570 
0.000573 
0.000549 
0.000604 
0.000619 
0.000560 
0.000582 
0.000569 
0.000913 
0.000894 
0.000340 
0.000334 
0.000878 
0.000864 
0.000328 
0.000322 
0.000303 
0.000304 
0.000449 
0.000450 
0.000304 
0.000305 
0.000450 
0.000451 
0.000851 
0.000840 
0.000318 
0.000313 
0.000831 
0.000823 
0.000310 
0.000306 
0.000303 
0.000305 
0.000451 
0.000453 
0.000301 
0.000304 
0.000451 
0.000456 
0.001787 
0.001757 
0.001425 
0.001405 
0.001730 
0.001708 
0.001391 
0.001386 
0.001116 
0.001109 
0.000865 
0.000869 
0.001109 
0.001120 
0.000881 
0.000905 
0.001891 
0.001872 
0.001522 
0.001497 
0.001847 
0.001818 
0.001472 
0.001448 
0.001180 
0.001161 
0.000892 
0.000880 
0.001143 
0.001128 
0.000872 
0.000866 
0.001445 
0.001702 
0.002184 
0.002375 
0.001984 
0.002266 
0.002539 
0.002675 
0.002398 
0.002473 
0.002226 
0.002234 
0.002525 
0.002555 
0.002229 
0.002212 
0.002531 
0.002766 
0.002779 
0.002853 
0.002965 
0.003123 
0.002898 
0.002917 
0.002565 
0.002559 
0.002187 
0.002155 
0.002538 
0.002509 
0.002120 
0.002087 
0.012220 
0.011842 
0.011915 
0.011439 
0.011473 
0.011114 
0.010984 
0.010548 
0.008266 
0.007856 
0.003040 
0.002829 
0.007474 
0.007118 
0.002644 
0.002483 
0.002496 
0.002530 
0.004558 
0.004555 
0.002565 
0.002600 
0.004552 
0.004547 
0.007283 
0.007195 
0.010186 
0.009963 
0.007106 
0.007016 
0.009741 
0.009522 
0.002635 
0.002670 
0.004542 
0.004535 
0.002705 
0.002739 
0.004527 
0.004517 
0.006925 
0.006834 
0.009305 
0.009091 
0.006742 
0.006649 
0.008880 
0.008672 
0.010765 
0.010426 
0.010132 
0.009736 
0.010097 
0.009778 
0.009360 
0.009004 
0.006788 
0.006483 
0.002345 
0.002229 
0.006203 
0.005947 
0.002134 
0.002060 
0.000816 
0.000810 
0.000304 
0.000303 
0.000805 
0.000800 
0.000303 
0.000304 
0.000300 
0.000305 
0.000454 
0.000463 
0.000303 
0.000312 
0.000460 
0.000476 
0.000795 
0.000789 
0.000308 
0.000316 
0.000782 
0.000774 
0.000327 
0.000344 
0.000314 
0.000331 
0.000473 
0.000497 
0.000342 
0.000367 
0.000498 
0.000533 
0.001275 
0.001094 
0.001064 
0.000985 
0.000906 
0.000838 
0.000875 
0.000898 
0.000926 
0.000896 
0.000836 
0.000814 
0.000840 
0.000878 
0.000795 
0.000869 
0.001743 
0.001110 
0.002340 
0.001526 
0.000725 
0.000406 
0.000993 
0.000646 
0.001979 
0.001381 
0.001587 
0.001228 
0.000925 
0.000709 
0.000929 
0.000818 
0.001133 
0.001098 
0.000438 
0.000420 
0.001066 
0.001035 
0.000404 
0.000389 
0.000272 
0.000276 
0.000411 
0.000419 
0.000282 
0.000287 
0.000426 
0.000433 
0.001006 
0.000980 
0.000377 
0.000366 
0.000955 
0.000933 
0.000356 
0.000348 
0.000292 
0.000295 
0.000438 
0.000442 
0.000299 
0.000301 
0.000445 
0.000447 
0.001403 
0.001211 
0.001506 
0.001347 
0.001011 
0.000896 
0.001166 
0.000985 
0.001517 
0.001411 
0.001901 
0.001470 
0.001283 
0.001141 
0.001381 
0.001262 
0.001943 
0.001581 
0.001682 
0.001515 
0.001454 
0.001359 
0.001473 
0.001414 
0.001567 
0.001376 
0.001289 
0.001411 
0.001442 
0.001435 
0.001499 
0.001560 
0.002369 
0.001879 
0.002057 
0.001841 
0.001727 
0.001582 
0.001752 
0.001634 
0.001866 
0.001688 
0.001565 
0.001738 
0.001738 
0.001693 
0.001820 
0.001837 
0.000662 
0.000658 
0.000488 
0.000490 
0.000657 
0.000659 
0.000493 
0.000501 
0.000362 
0.000366 
0.000312 
0.000320 
0.000372 
0.000383 
0.000331 
0.000346 
0.000666 
0.000679 
0.000513 
0.000532 
0.000700 
0.000735 
0.000558 
0.000601 
0.000398 
0.000418 
0.000359 
0.000398 
0.000444 
0.000495 
0.000413 
0.000455 
0.000760 
0.000592 
0.000451 
0.000547 
0.000514 
0.000547 
0.000683 
0.000828 
0.000655 
0.000785 
0.001069 
0.001140 
0.000893 
0.000983 
0.001193 
0.001230 
0.001717 
0.001467 
0.000947 
0.000730 
0.001217 
0.000976 
0.000550 
0.000445 
0.000435 
0.000364 
0.000652 
0.000769 
0.000413 
0.000522 
0.000879 
0.000983 
0.004755 
0.004921 
0.004315 
0.004314 
0.005042 
0.005119 
0.004268 
0.004181 
0.003548 
0.003411 
0.002628 
0.002406 
0.003239 
0.003036 
0.002164 
0.001908 
0.005153 
0.005143 
0.004053 
0.003890 
0.005092 
0.005000 
0.003695 
0.003471 
0.002806 
0.002556 
0.001645 
0.001383 
0.002291 
0.002016 
0.001131 
0.000902 
0.005053 
0.005756 
0.005713 
0.004748 
0.005299 
0.004420 
0.004954 
0.004239 
0.007306 
0.003785 
0.009135 
0.003101 
0.004559 
0.004105 
0.004093 
0.003976 
0.010877 
0.003018 
0.012410 
0.003590 
0.003562 
0.003821 
0.002999 
0.003618 
0.013689 
0.004530 
0.014708 
0.005586 
0.002474 
0.003360 
0.002107 
0.003048 
0.031826 
0.045593 
0.027896 
0.040890 
0.040187 
0.025751 
0.037817 
0.026073 
0.024519 
0.036685 
0.021610 
0.032931 
0.035413 
0.026026 
0.033034 
0.025684 
0.055420 
0.070327 
0.048045 
0.063160 
0.047259 
0.019169 
0.046153 
0.021752 
0.041767 
0.056681 
0.036409 
0.050841 
0.044482 
0.023672 
0.042445 
0.024979 
0.000735 
0.000480 
0.000745 
0.000434 
0.000516 
0.000659 
0.000470 
0.000603 
0.000755 
0.000396 
0.000765 
0.000366 
0.000428 
0.000586 
0.000393 
0.000540 
0.000779 
0.000736 
0.000747 
0.000663 
0.000742 
0.000833 
0.000686 
0.000784 
0.000732 
0.000595 
0.000730 
0.000534 
0.000625 
0.000747 
0.000571 
0.000687 
0.005729 
0.007611 
0.005535 
0.007153 
0.013093 
0.011535 
0.011789 
0.010286 
0.005393 
0.006781 
0.005290 
0.006478 
0.010699 
0.009238 
0.009788 
0.008356 
0.003109 
0.003591 
0.003026 
0.003525 
0.004143 
0.004798 
0.004076 
0.004700 
0.002975 
0.003489 
0.002947 
0.003477 
0.004043 
0.004641 
0.004034 
0.004612 
0.004088 
0.004511 
0.003692 
0.004130 
0.005096 
0.005947 
0.004700 
0.005487 
0.003421 
0.003873 
0.003235 
0.003702 
0.004434 
0.005169 
0.004257 
0.004948 
0.007431 
0.010867 
0.006801 
0.009758 
0.021595 
0.019560 
0.018826 
0.016963 
0.006335 
0.008880 
0.005988 
0.008177 
0.016547 
0.014815 
0.014660 
0.013027 
0.001901 
0.000832 
0.001923 
0.000839 
0.000784 
0.000401 
0.000628 
0.000458 
0.001985 
0.000915 
0.002056 
0.000965 
0.000645 
0.000496 
0.000685 
0.000538 
0.004870 
0.004704 
0.003222 
0.002953 
0.004504 
0.004273 
0.002669 
0.002373 
0.001738 
0.001464 
0.000719 
0.000620 
0.001206 
0.000980 
0.000632 
0.000739 
0.004014 
0.003729 
0.002073 
0.001775 
0.003421 
0.003096 
0.001490 
0.001236 
0.000815 
0.000747 
0.000896 
0.001071 
0.000793 
0.000928 
0.001247 
0.001415 
0.001266 
0.001395 
0.001377 
0.001443 
0.001510 
0.001609 
0.001497 
0.001538 
0.001288 
0.001308 
0.001094 
0.001086 
0.001319 
0.001323 
0.001073 
0.001057 
0.000661 
0.000811 
0.000963 
0.001089 
0.000970 
0.001123 
0.001201 
0.001296 
0.001084 
0.001166 
0.001159 
0.001084 
0.001216 
0.001258 
0.001092 
0.001096 
0.008908 
0.009545 
0.009096 
0.009488 
0.010180 
0.010812 
0.009852 
0.010185 
0.008055 
0.008158 
0.006177 
0.006033 
0.008217 
0.008231 
0.005850 
0.005626 
0.006386 
0.007010 
0.007300 
0.007779 
0.007639 
0.008273 
0.008239 
0.008679 
0.007254 
0.007510 
0.006341 
0.006362 
0.007730 
0.007912 
0.006342 
0.006280 
0.001426 
0.001367 
0.001914 
0.002069 
0.001378 
0.001475 
0.002344 
0.002727 
0.002830 
0.003361 
0.004710 
0.005362 
0.003948 
0.004585 
0.006042 
0.006749 
0.001661 
0.001925 
0.003198 
0.003745 
0.002256 
0.002644 
0.004357 
0.005029 
0.005268 
0.005995 
0.007481 
0.008238 
0.006766 
0.007581 
0.009021 
0.009829 
0.002373 
0.002363 
0.001866 
0.001838 
0.002354 
0.002343 
0.001810 
0.001781 
0.001447 
0.001407 
0.001114 
0.001065 
0.001366 
0.001325 
0.001018 
0.000970 
0.000855 
0.000803 
0.000658 
0.000606 
0.000752 
0.000703 
0.000555 
0.000507 
0.000503 
0.000459 
0.000460 
0.000422 
0.000414 
0.000370 
0.000378 
0.000316 
0.001141 
0.001050 
0.000980 
0.000877 
0.000975 
0.000911 
0.000790 
0.000716 
0.000867 
0.000754 
0.000789 
0.000667 
0.000662 
0.000577 
0.000577 
0.000524 
0.002434 
0.002411 
0.002002 
0.001959 
0.002395 
0.002383 
0.001925 
0.001894 
0.001644 
0.001584 
0.001359 
0.001283 
0.001534 
0.001489 
0.001220 
0.001165 
0.000777 
0.000756 
0.000558 
0.000541 
0.000736 
0.000718 
0.000525 
0.000513 
0.000391 
0.000378 
0.000300 
0.000294 
0.000368 
0.000363 
0.000289 
0.000291 
0.000702 
0.000688 
0.000503 
0.000496 
0.000677 
0.000668 
0.000490 
0.000488 
0.000359 
0.000355 
0.000291 
0.000293 
0.000355 
0.000359 
0.000296 
0.000304 
0.002707 
0.003527 
0.004172 
0.005258 
0.002765 
0.002002 
0.003786 
0.002508 
0.006434 
0.007816 
0.010044 
0.011721 
0.005142 
0.003511 
0.007543 
0.007214 
0.001464 
0.001199 
0.001892 
0.001940 
0.001148 
0.001217 
0.002286 
0.002690 
0.003591 
0.004408 
0.008779 
0.010472 
0.005299 
0.006087 
0.011839 
0.012894 
0.022359 
0.024014 
0.051883 
0.049130 
0.024941 
0.025379 
0.046305 
0.043639 
0.081613 
0.069986 
0.066333 
0.054465 
0.061221 
0.054422 
0.045920 
0.039568 
0.016088 
0.019430 
0.039527 
0.057975 
0.017341 
0.019682 
0.054212 
0.054049 
0.206919 
0.153462 
0.203635 
0.143171 
0.120247 
0.097543 
0.108546 
0.083289 
0.001461 
0.001258 
0.001286 
0.001512 
0.001182 
0.001255 
0.001745 
0.001972 
0.001877 
0.002039 
0.002037 
0.002110 
0.002180 
0.002300 
0.002165 
0.002204 
0.001886 
0.001902 
0.001592 
0.001580 
0.001908 
0.001904 
0.001564 
0.001544 
0.001263 
0.001243 
0.000958 
0.000939 
0.001222 
0.001201 
0.000921 
0.000905 
0.001693 
0.001762 
0.001567 
0.001586 
0.001817 
0.001858 
0.001596 
0.001597 
0.001319 
0.001311 
0.001039 
0.001019 
0.001298 
0.001281 
0.000998 
0.000978 
0.002757 
0.002412 
0.001039 
0.000939 
0.002070 
0.001745 
0.000960 
0.001090 
0.001109 
0.001307 
0.001571 
0.001713 
0.001507 
0.001699 
0.001838 
0.001947 
0.000561 
0.000394 
0.000356 
0.000243 
0.000252 
0.000206 
0.000214 
0.000328 
0.000218 
0.000180 
0.000244 
0.000284 
0.000235 
0.000344 
0.000322 
0.000378 
0.001272 
0.001112 
0.001050 
0.000877 
0.000933 
0.000746 
0.000694 
0.000514 
0.000865 
0.000683 
0.000727 
0.000495 
0.000491 
0.000342 
0.000396 
0.000258 
0.002305 
0.001968 
0.001793 
0.001804 
0.001977 
0.001916 
0.001750 
0.001628 
0.001677 
0.001598 
0.001486 
0.001360 
0.001480 
0.001320 
0.001201 
0.001019 
0.001812 
0.001669 
0.001474 
0.001294 
0.001495 
0.001298 
0.001096 
0.000890 
0.001138 
0.000943 
0.000827 
0.000638 
0.000748 
0.000563 
0.000465 
0.000350 
0.011439 
0.012058 
0.010484 
0.010744 
0.012666 
0.013260 
0.010960 
0.011128 
0.008198 
0.008116 
0.005364 
0.005065 
0.007981 
0.007792 
0.004729 
0.004360 
0.003081 
0.003565 
0.005760 
0.006550 
0.004095 
0.004672 
0.007402 
0.008322 
0.008443 
0.009355 
0.010664 
0.011527 
0.010321 
0.011346 
0.012417 
0.013337 
0.005300 
0.005986 
0.009316 
0.010395 
0.006736 
0.007562 
0.011568 
0.012850 
0.012437 
0.013600 
0.014286 
0.015264 
0.014842 
0.016171 
0.016268 
0.017297 
0.013833 
0.014379 
0.011241 
0.011291 
0.014889 
0.015355 
0.011272 
0.011174 
0.007545 
0.007238 
0.003960 
0.003536 
0.006870 
0.006440 
0.003094 
0.002649 
0.015211 
0.021048 
0.011580 
0.016845 
0.042258 
0.038435 
0.034732 
0.031681 
0.009570 
0.014186 
0.008304 
0.012294 
0.029243 
0.026657 
0.024994 
0.022727 
0.005930 
0.007881 
0.006698 
0.007551 
0.010190 
0.012514 
0.008399 
0.009502 
0.005644 
0.006068 
0.004691 
0.005098 
0.006681 
0.007675 
0.005698 
0.006623 
0.064096 
0.074305 
0.078234 
0.086935 
0.086252 
0.099912 
0.096488 
0.106911 
0.047531 
0.046588 
0.015979 
0.012605 
0.043908 
0.038931 
0.010655 
0.012990 
0.113896 
0.122038 
0.117800 
0.126748 
0.205902 
0.188367 
0.137240 
0.104597 
0.032790 
0.036033 
0.019312 
0.028350 
0.072540 
0.065309 
0.053806 
0.048353 
0.015762 
0.016098 
0.010989 
0.010707 
0.016345 
0.016482 
0.010319 
0.009818 
0.005949 
0.005399 
0.002220 
0.001847 
0.004797 
0.004157 
0.001591 
0.001524 
0.008476 
0.009493 
0.014257 
0.015808 
0.010631 
0.011914 
0.017526 
0.019433 
0.017595 
0.019122 
0.018346 
0.019406 
0.020759 
0.022513 
0.020468 
0.021517 
0.013367 
0.015023 
0.021560 
0.023937 
0.016918 
0.019096 
0.026599 
0.029583 
0.024387 
0.026382 
0.022534 
0.023494 
0.028496 
0.030719 
0.024367 
0.025112 
0.016489 
0.016341 
0.009197 
0.008454 
0.016012 
0.015475 
0.007593 
0.006627 
0.003500 
0.002868 
0.001666 
0.001957 
0.002341 
0.002049 
0.002318 
0.002694 
0.003392 
0.002886 
0.003362 
0.002888 
0.002451 
0.002096 
0.002438 
0.002055 
0.003315 
0.002902 
0.003238 
0.002915 
0.002450 
0.002047 
0.002477 
0.002060 
0.003790 
0.003364 
0.003596 
0.003135 
0.003064 
0.002850 
0.002798 
0.002549 
0.003484 
0.002990 
0.003425 
0.002914 
0.002616 
0.002329 
0.002506 
0.002182 
0.002697 
0.002591 
0.002364 
0.002228 
0.002517 
0.002468 
0.002129 
0.002056 
0.002109 
0.001941 
0.001927 
0.001727 
0.001815 
0.001719 
0.001573 
0.001453 
0.001808 
0.001577 
0.001738 
0.001480 
0.001396 
0.001253 
0.001273 
0.001110 
0.001705 
0.001423 
0.001698 
0.001394 
0.001194 
0.001011 
0.001145 
0.000946 
0.002241 
0.004582 
0.002222 
0.004588 
0.008052 
0.012259 
0.008136 
0.012492 
0.002204 
0.004595 
0.002189 
0.004603 
0.008219 
0.012724 
0.008302 
0.012956 
0.015963 
0.017037 
0.016407 
0.017691 
0.013274 
0.006210 
0.013984 
0.006713 
0.016855 
0.018360 
0.017307 
0.019044 
0.014725 
0.007247 
0.015498 
0.007812 
0.017760 
0.019742 
0.018216 
0.020454 
0.016302 
0.008409 
0.017140 
0.009037 
0.018674 
0.021180 
0.019133 
0.021923 
0.018011 
0.009697 
0.018916 
0.010390 
0.002175 
0.004612 
0.002164 
0.004622 
0.008384 
0.013186 
0.008464 
0.013413 
0.002154 
0.004632 
0.002145 
0.004642 
0.008543 
0.013638 
0.008618 
0.013858 
0.002098 
0.004647 
0.002081 
0.004628 
0.008892 
0.014837 
0.008909 
0.014990 
0.002058 
0.004596 
0.002029 
0.004549 
0.008905 
0.015120 
0.008875 
0.015221 
0.002137 
0.004651 
0.002129 
0.004657 
0.008689 
0.014073 
0.008754 
0.014280 
0.002121 
0.004660 
0.002111 
0.004657 
0.008811 
0.014478 
0.008858 
0.014665 
0.019592 
0.022682 
0.020052 
0.023461 
0.019860 
0.011116 
0.020844 
0.011877 
0.020511 
0.024263 
0.020971 
0.025092 
0.021874 
0.012676 
0.022956 
0.013518 
0.021429 
0.025954 
0.021886 
0.026855 
0.024100 
0.014408 
0.025317 
0.015356 
0.022341 
0.027805 
0.022793 
0.028815 
0.026624 
0.016373 
0.028041 
0.017477 
0.001440 
0.002163 
0.003064 
0.002720 
0.002072 
0.002037 
0.002536 
0.002399 
0.002807 
0.001883 
0.001106 
0.001397 
0.001663 
0.001551 
0.001649 
0.002019 
0.001931 
0.001802 
0.002235 
0.002075 
0.001665 
0.001533 
0.001945 
0.001881 
0.001567 
0.001714 
0.002459 
0.002958 
0.001988 
0.002367 
0.003503 
0.004089 
0.003994 
0.004571 
0.005259 
0.005783 
0.005164 
0.005770 
0.006300 
0.006807 
0.005909 
0.006289 
0.005843 
0.006029 
0.006641 
0.006963 
0.006174 
0.006279 
0.002041 
0.002410 
0.003231 
0.003709 
0.002905 
0.003436 
0.004210 
0.004733 
0.004195 
0.004646 
0.004733 
0.005061 
0.005084 
0.005505 
0.005358 
0.005619 
0.000483 
0.000273 
0.000668 
0.000349 
0.000295 
0.000532 
0.000240 
0.000454 
0.000875 
0.000501 
0.001088 
0.000687 
0.000268 
0.000389 
0.000394 
0.000341 
0.000459 
0.000712 
0.000331 
0.000494 
0.000728 
0.000674 
0.000551 
0.000647 
0.000289 
0.000389 
0.000343 
0.000299 
0.000464 
0.000620 
0.000383 
0.000584 
0.001846 
0.001918 
0.002532 
0.002616 
0.001971 
0.002004 
0.002677 
0.002713 
0.002339 
0.002386 
0.002079 
0.002092 
0.002416 
0.002428 
0.002092 
0.002082 
0.002007 
0.001942 
0.002722 
0.002703 
0.001815 
0.001073 
0.002704 
0.003216 
0.002427 
0.002429 
0.002061 
0.002019 
0.002493 
0.003165 
0.001963 
0.001838 
0.001670 
0.001645 
0.001275 
0.001230 
0.001625 
0.001856 
0.001193 
0.001078 
0.000921 
0.000871 
0.000743 
0.000686 
0.000802 
0.000738 
0.000632 
0.000581 
0.001763 
0.001748 
0.001423 
0.001390 
0.001727 
0.001701 
0.001354 
0.001315 
0.001099 
0.001058 
0.000954 
0.000902 
0.001014 
0.000970 
0.000850 
0.000797 
0.014233 
0.014582 
0.014657 
0.015170 
0.010745 
0.004505 
0.011331 
0.004885 
0.015087 
0.015776 
0.015522 
0.016399 
0.011947 
0.005296 
0.012595 
0.005738 
0.002339 
0.004567 
0.002312 
0.004569 
0.007714 
0.011328 
0.007799 
0.011560 
0.002286 
0.004572 
0.002263 
0.004577 
0.007883 
0.011793 
0.007968 
0.012026 
0.002462 
0.004560 
0.002430 
0.004561 
0.007370 
0.010412 
0.007457 
0.010639 
0.002398 
0.004563 
0.002368 
0.004565 
0.007543 
0.010867 
0.007629 
0.011097 
0.012607 
0.012410 
0.013002 
0.012925 
0.008703 
0.003277 
0.009170 
0.003541 
0.013405 
0.013458 
0.013815 
0.014011 
0.009665 
0.003833 
0.010190 
0.004154 
0.002416 
0.002600 
0.002452 
0.002543 
0.002740 
0.002834 
0.002583 
0.002574 
0.002341 
0.002339 
0.002114 
0.002032 
0.002288 
0.002191 
0.001907 
0.001747 
0.001501 
0.001708 
0.001990 
0.001936 
0.001948 
0.002196 
0.002135 
0.002314 
0.002085 
0.002079 
0.002142 
0.002113 
0.002196 
0.002291 
0.002127 
0.002150 
0.000768 
0.000675 
0.000741 
0.000730 
0.000672 
0.000760 
0.000886 
0.001125 
0.000795 
0.000992 
0.001363 
0.001361 
0.001261 
0.001561 
0.001650 
0.001937 
0.000947 
0.001210 
0.001415 
0.001737 
0.001525 
0.001875 
0.002076 
0.002420 
0.001871 
0.002185 
0.002219 
0.002482 
0.002491 
0.002779 
0.002717 
0.002915 
0.024503 
0.024101 
0.033760 
0.032350 
0.023677 
0.023239 
0.031070 
0.029898 
0.035475 
0.033260 
0.023335 
0.021570 
0.031319 
0.029594 
0.020040 
0.018689 
0.025497 
0.025406 
0.041207 
0.039021 
0.025181 
0.024870 
0.037068 
0.035324 
0.049025 
0.044656 
0.034719 
0.030926 
0.041056 
0.038040 
0.027890 
0.025407 
0.001335 
0.001466 
0.003071 
0.003405 
0.001591 
0.001702 
0.003689 
0.003925 
0.006751 
0.007298 
0.013690 
0.014279 
0.007739 
0.008088 
0.014701 
0.014991 
0.001797 
0.001875 
0.004118 
0.004271 
0.001939 
0.001990 
0.004390 
0.004481 
0.008359 
0.008563 
0.015176 
0.015276 
0.008711 
0.008812 
0.015309 
0.015287 
0.000927 
0.000901 
0.000822 
0.000722 
0.000898 
0.000884 
0.000694 
0.000672 
0.000769 
0.000549 
0.000461 
0.000437 
0.000515 
0.000489 
0.000405 
0.000380 
0.000866 
0.000845 
0.000648 
0.000624 
0.000822 
0.000799 
0.000600 
0.000578 
0.000464 
0.000441 
0.000356 
0.000337 
0.000421 
0.000406 
0.000319 
0.000310 
0.001806 
0.002744 
0.001642 
0.002273 
0.003742 
0.004376 
0.003283 
0.003998 
0.001601 
0.001838 
0.001621 
0.001450 
0.002823 
0.003600 
0.002377 
0.003191 
0.001347 
0.001169 
0.001155 
0.000986 
0.001955 
0.002775 
0.001564 
0.002359 
0.001331 
0.000885 
0.001455 
0.000931 
0.001224 
0.001955 
0.000967 
0.001579 
0.001269 
0.003483 
0.002084 
0.002944 
0.003426 
0.001586 
0.002663 
0.001918 
0.002128 
0.002921 
0.002134 
0.002878 
0.002558 
0.001968 
0.002528 
0.002042 
0.001771 
0.001451 
0.001776 
0.001473 
0.001138 
0.001004 
0.001173 
0.001052 
0.001789 
0.001493 
0.002043 
0.001452 
0.001198 
0.001097 
0.001221 
0.001140 
0.002235 
0.001445 
0.002158 
0.001470 
0.001238 
0.001181 
0.001254 
0.001216 
0.002099 
0.001457 
0.002057 
0.001646 
0.001280 
0.001267 
0.001607 
0.001305 
0.001757 
0.002427 
0.001629 
0.002300 
0.002276 
0.002055 
0.002203 
0.002015 
0.001473 
0.002177 
0.000855 
0.002486 
0.002145 
0.001972 
0.002486 
0.001906 
0.003365 
0.003637 
0.003003 
0.003375 
0.003579 
0.003242 
0.003444 
0.003234 
0.002626 
0.003079 
0.002246 
0.002758 
0.003262 
0.003177 
0.003038 
0.003069 
0.004548 
0.004270 
0.004301 
0.004178 
0.003645 
0.002824 
0.003699 
0.002988 
0.004019 
0.004041 
0.003706 
0.003860 
0.003707 
0.003116 
0.003667 
0.003202 
0.001960 
0.001183 
0.002188 
0.001425 
0.000600 
0.000496 
0.000795 
0.000417 
0.002394 
0.001661 
0.002570 
0.001884 
0.001011 
0.000518 
0.001238 
0.000698 
0.002712 
0.002089 
0.002813 
0.002267 
0.001465 
0.000909 
0.001682 
0.001130 
0.002869 
0.002411 
0.002876 
0.002515 
0.001881 
0.001349 
0.002053 
0.001558 
0.000567 
0.000846 
0.000688 
0.000783 
0.000908 
0.001432 
0.000913 
0.001460 
0.000792 
0.000890 
0.000958 
0.000977 
0.001013 
0.001472 
0.001080 
0.001557 
0.001017 
0.001043 
0.001033 
0.001158 
0.001180 
0.001568 
0.001254 
0.001636 
0.001147 
0.001254 
0.001255 
0.001341 
0.001342 
0.001608 
0.001395 
0.001631 
0.000299 
0.000522 
0.000413 
0.000530 
0.000602 
0.000836 
0.000732 
0.000907 
0.000538 
0.000700 
0.000757 
0.000851 
0.000860 
0.001009 
0.000998 
0.001138 
0.001332 
0.000567 
0.001376 
0.000600 
0.000258 
0.000351 
0.000264 
0.000336 
0.001421 
0.000635 
0.001467 
0.000673 
0.000271 
0.000321 
0.000284 
0.000304 
0.001169 
0.000459 
0.001207 
0.000482 
0.000265 
0.000401 
0.000262 
0.000390 
0.001247 
0.000508 
0.001289 
0.000536 
0.000258 
0.000379 
0.000258 
0.000365 
0.001554 
0.001201 
0.001420 
0.001116 
0.001156 
0.001299 
0.001100 
0.001271 
0.001328 
0.001032 
0.001246 
0.001111 
0.001034 
0.001252 
0.001135 
0.001220 
0.002058 
0.001403 
0.001935 
0.001404 
0.001285 
0.001152 
0.001274 
0.001239 
0.001814 
0.001357 
0.001680 
0.001284 
0.001253 
0.001281 
0.001211 
0.001301 
0.001742 
0.001709 
0.001350 
0.001258 
0.001650 
0.001566 
0.001147 
0.001029 
0.000935 
0.000839 
0.000709 
0.000789 
0.000783 
0.000817 
0.000976 
0.001247 
0.001945 
0.001743 
0.001409 
0.001461 
0.001748 
0.001752 
0.001456 
0.001416 
0.001238 
0.001189 
0.001014 
0.000877 
0.001120 
0.001036 
0.000799 
0.000727 
0.000826 
0.001379 
0.002280 
0.002024 
0.001514 
0.001668 
0.002151 
0.002307 
0.002269 
0.001986 
0.001817 
0.001884 
0.002080 
0.002182 
0.001939 
0.002005 
0.001786 
0.001892 
0.002453 
0.002585 
0.001988 
0.002072 
0.002702 
0.002803 
0.002282 
0.002371 
0.002054 
0.002086 
0.002443 
0.002495 
0.002096 
0.002081 
0.003064 
0.004102 
0.003060 
0.004142 
0.005130 
0.005911 
0.005222 
0.006047 
0.003054 
0.004180 
0.003045 
0.004217 
0.005314 
0.006189 
0.005408 
0.006335 
0.006160 
0.005693 
0.006307 
0.005784 
0.004720 
0.002925 
0.004657 
0.002790 
0.006464 
0.005889 
0.006631 
0.006008 
0.004610 
0.002662 
0.004580 
0.002543 
0.006809 
0.006141 
0.006997 
0.006289 
0.004567 
0.002433 
0.004571 
0.002332 
0.007195 
0.006452 
0.007404 
0.006630 
0.004595 
0.002240 
0.004637 
0.002160 
0.003034 
0.004251 
0.003021 
0.004285 
0.005502 
0.006487 
0.005597 
0.006644 
0.003005 
0.004316 
0.002987 
0.004345 
0.005693 
0.006806 
0.005789 
0.006973 
0.002934 
0.003481 
0.002931 
0.003497 
0.004045 
0.004606 
0.004070 
0.004618 
0.002936 
0.003521 
0.002945 
0.003552 
0.004107 
0.004646 
0.004152 
0.004687 
0.005220 
0.006232 
0.005176 
0.006032 
0.009023 
0.007610 
0.008377 
0.006977 
0.005153 
0.005870 
0.005148 
0.005740 
0.007831 
0.006437 
0.007365 
0.005972 
0.005159 
0.005636 
0.005185 
0.005556 
0.006965 
0.005568 
0.006619 
0.005215 
0.005222 
0.005495 
0.005271 
0.005452 
0.006319 
0.004903 
0.006055 
0.004624 
0.002957 
0.003587 
0.002971 
0.003626 
0.004204 
0.004738 
0.004263 
0.004798 
0.002986 
0.003667 
0.003000 
0.003710 
0.004326 
0.004866 
0.004394 
0.004943 
0.003065 
0.003064 
0.004062 
0.004019 
0.003061 
0.003055 
0.003976 
0.003933 
0.005040 
0.004952 
0.005781 
0.005656 
0.004865 
0.004780 
0.005536 
0.005422 
0.003047 
0.003038 
0.003888 
0.003843 
0.003026 
0.003014 
0.003799 
0.003754 
0.004698 
0.004618 
0.005314 
0.005212 
0.004540 
0.004465 
0.005116 
0.005026 
0.005570 
0.005480 
0.005429 
0.005414 
0.005400 
0.005331 
0.005413 
0.005425 
0.005274 
0.005436 
0.003736 
0.003932 
0.005618 
0.005824 
0.004143 
0.004372 
0.006022 
0.005895 
0.005615 
0.005549 
0.005777 
0.005668 
0.005496 
0.005456 
0.004799 
0.004893 
0.003069 
0.003221 
0.005004 
0.005130 
0.003383 
0.003554 
0.000347 
0.000209 
0.000386 
0.000237 
0.000153 
0.000165 
0.000165 
0.000157 
0.000428 
0.000268 
0.000471 
0.000302 
0.000182 
0.000164 
0.000206 
0.000184 
0.000516 
0.000339 
0.000562 
0.000379 
0.000233 
0.000202 
0.000262 
0.000224 
0.000608 
0.000420 
0.000655 
0.000462 
0.000294 
0.000253 
0.000331 
0.000284 
0.002283 
0.001646 
0.002301 
0.001683 
0.001148 
0.000779 
0.001194 
0.000827 
0.002317 
0.001717 
0.002331 
0.001750 
0.001239 
0.000875 
0.001283 
0.000923 
0.002186 
0.001481 
0.002214 
0.001525 
0.000954 
0.000586 
0.001004 
0.000634 
0.002239 
0.001567 
0.002262 
0.001607 
0.001053 
0.000682 
0.001101 
0.000730 
0.000309 
0.000275 
0.000186 
0.000169 
0.000245 
0.000218 
0.000157 
0.000152 
0.000146 
0.000145 
0.000168 
0.000161 
0.000147 
0.000151 
0.000169 
0.000185 
0.002156 
0.002123 
0.001435 
0.001388 
0.002088 
0.002051 
0.001340 
0.001290 
0.000904 
0.000854 
0.000540 
0.000495 
0.000804 
0.000755 
0.000451 
0.000410 
0.002013 
0.001972 
0.001240 
0.001189 
0.001930 
0.001887 
0.001139 
0.001088 
0.000706 
0.000657 
0.000370 
0.000333 
0.000610 
0.000566 
0.000296 
0.000283 
0.000198 
0.000183 
0.000153 
0.000161 
0.000166 
0.000193 
0.000171 
0.000234 
0.000159 
0.000172 
0.000194 
0.000194 
0.000178 
0.000234 
0.000201 
0.000234 
0.008350 
0.008097 
0.007507 
0.007263 
0.007855 
0.007624 
0.007035 
0.006825 
0.005006 
0.004883 
0.001961 
0.001990 
0.004781 
0.004699 
0.002033 
0.002090 
0.009471 
0.009174 
0.008667 
0.008349 
0.008888 
0.008613 
0.008050 
0.007770 
0.005714 
0.005504 
0.002005 
0.001968 
0.005316 
0.005150 
0.001950 
0.001947 
0.002772 
0.002804 
0.004506 
0.004493 
0.002835 
0.002865 
0.004477 
0.004460 
0.006555 
0.006460 
0.008468 
0.008267 
0.006365 
0.006270 
0.008069 
0.007876 
0.002893 
0.002919 
0.004441 
0.004420 
0.002944 
0.002967 
0.004397 
0.004372 
0.006174 
0.006078 
0.007686 
0.007501 
0.005981 
0.005885 
0.007321 
0.007144 
0.001703 
0.000892 
0.001750 
0.000939 
0.000407 
0.000245 
0.000443 
0.000244 
0.001797 
0.000988 
0.001843 
0.001039 
0.000480 
0.000249 
0.000520 
0.000246 
0.001514 
0.000713 
0.001561 
0.000755 
0.000300 
0.000289 
0.000322 
0.000273 
0.001608 
0.000799 
0.001656 
0.000845 
0.000346 
0.000261 
0.000376 
0.000250 
