0.002999 
0.002996 
0.003099 
0.003024 
0.000505 
0.000578 
0.000502 
0.000384 
0.000893 
0.000809 
0.000665 
0.000739 
0.000514 
0.000378 
0.000449 
0.000586 
0.000612 
0.000627 
0.000326 
0.000295 
0.003143 
0.003365 
0.001064 
0.001118 
0.001371 
0.001224 
0.000377 
0.000512 
0.000654 
0.000666 
0.002822 
0.002819 
0.002440 
0.002882 
0.000681 
0.000648 
0.000779 
0.000793 
0.001159 
0.001283 
0.000988 
0.000890 
0.000864 
0.000931 
0.000744 
0.000592 
0.001140 
0.001303 
0.001476 
0.001261 
0.003350 
0.003702 
0.002859 
0.002610 
0.002164 
0.003088 
0.003434 
0.002733 
0.002655 
0.001867 
0.002735 
0.003577 
0.002292 
0.002997 
0.002988 
0.002210 
0.001165 
0.000525 
0.000372 
0.000782 
0.002996 
0.003648 
0.001642 
0.001827 
0.001707 
0.001494 
0.002335 
0.002828 
0.001845 
0.000999 
0.001539 
0.001250 
0.001007 
0.001364 
0.003179 
0.001504 
0.000366 
0.000527 
0.000466 
0.000656 
0.000504 
0.000530 
0.000713 
0.003230 
0.003010 
0.001733 
0.001305 
0.000476 
0.000540 
0.000376 
0.000313 
0.000826 
0.000829 
0.000572 
0.000641 
0.000767 
0.000619 
0.001459 
0.001103 
0.000898 
0.001104 
0.000995 
0.000818 
0.000900 
0.000998 
0.001102 
0.001063 
0.002734 
0.001599 
0.002523 
0.003423 
0.002006 
0.001483 
0.001534 
0.002803 
0.002834 
0.003579 
0.002942 
0.002859 
0.001996 
0.001562 
0.001667 
0.001749 
0.003175 
0.002800 
0.003035 
0.003085 
0.003288 
0.003422 
0.002787 
0.002752 
0.001841 
0.001932 
0.002948 
0.002780 
0.002913 
0.002954 
0.001127 
0.001187 
0.001162 
0.001093 
0.001463 
0.001398 
0.001330 
0.001304 
0.001183 
0.001191 
0.001273 
0.001305 
0.001177 
0.001180 
0.001233 
0.001250 
0.005985 
0.005921 
0.001186 
0.001159 
0.005881 
0.005861 
0.001139 
0.001127 
0.001342 
0.001358 
0.001402 
0.001478 
0.001485 
0.001162 
0.001369 
0.001240 
0.001252 
0.001409 
0.001379 
0.001529 
0.001494 
0.001608 
0.001572 
0.001643 
0.001105 
0.001821 
0.001120 
0.001871 
0.001179 
0.001962 
0.001283 
0.002097 
0.000401 
0.000535 
0.000521 
0.000604 
0.000342 
0.000508 
0.000371 
0.000498 
0.006497 
0.006318 
0.004176 
0.004195 
0.006815 
0.006695 
0.004436 
0.004281 
0.006338 
0.006995 
0.008062 
0.008677 
0.008303 
0.009765 
0.008991 
0.009031 
0.001579 
0.001728 
0.001623 
0.001741 
0.001495 
0.001688 
0.001536 
0.001709 
0.001768 
0.001728 
0.001770 
0.001710 
0.001763 
0.001683 
0.001746 
0.001644 
0.000833 
0.000925 
0.001115 
0.001070 
0.000523 
0.000678 
0.000873 
0.001028 
0.000189 
0.000288 
0.000343 
0.000424 
0.000398 
0.000621 
0.000583 
0.000716 
0.038727 
0.036417 
0.023927 
0.022130 
0.019194 
0.018937 
0.035394 
0.033909 
0.018675 
0.018407 
0.032470 
0.031082 
0.034280 
0.032315 
0.020540 
0.019151 
0.005852 
0.005842 
0.001126 
0.001141 
0.005809 
0.005728 
0.001180 
0.001254 
0.001294 
0.001379 
0.001485 
0.001574 
0.001207 
0.001239 
0.001350 
0.001409 
0.003843 
0.002713 
0.003766 
0.002421 
0.004636 
0.002060 
0.005592 
0.002972 
0.000813 
0.000685 
0.001616 
0.001196 
0.002003 
0.001516 
0.002120 
0.001753 
0.000170 
0.000138 
0.000252 
0.000283 
0.001287 
0.001204 
0.001503 
0.001447 
0.001441 
0.001366 
0.001590 
0.001551 
0.002058 
0.001838 
0.001488 
0.001346 
0.001620 
0.001408 
0.001209 
0.001078 
0.001159 
0.001171 
0.001199 
0.001217 
0.001107 
0.001138 
0.001150 
0.001177 
0.006498 
0.006334 
0.001387 
0.001318 
0.006193 
0.006076 
0.001264 
0.001221 
0.000304 
0.000228 
0.000536 
0.000393 
0.000735 
0.000510 
0.000965 
0.000738 
0.000318 
0.000263 
0.000515 
0.000342 
0.004766 
0.003859 
0.004883 
0.004405 
0.004518 
0.004487 
0.003772 
0.004094 
0.003477 
0.004186 
0.002473 
0.003195 
0.005519 
0.005410 
0.004581 
0.004991 
0.002585 
0.002547 
0.001448 
0.001488 
0.002586 
0.002777 
0.001608 
0.001896 
0.001056 
0.001354 
0.000797 
0.000996 
0.000845 
0.000900 
0.000716 
0.000718 
0.000882 
0.000922 
0.001138 
0.001158 
0.000819 
0.000847 
0.001113 
0.001122 
0.000318 
0.000376 
0.000553 
0.000591 
0.000428 
0.000516 
0.000648 
0.000706 
0.000625 
0.000813 
0.001032 
0.001202 
0.001020 
0.001235 
0.001375 
0.001538 
0.001732 
0.001823 
0.002036 
0.002042 
0.001499 
0.001620 
0.001959 
0.002006 
0.003700 
0.002834 
0.002217 
0.002896 
0.006222 
0.004926 
0.002306 
0.001868 
0.014782 
0.015625 
0.011305 
0.010625 
0.016044 
0.016049 
0.009619 
0.008379 
0.030070 
0.017354 
0.038798 
0.013169 
0.045133 
0.010313 
0.048861 
0.010402 
0.100785 
0.110348 
0.085266 
0.098061 
0.132743 
0.135500 
0.117185 
0.123166 
0.002031 
0.001832 
0.001853 
0.001818 
0.001665 
0.001756 
0.001503 
0.001669 
0.005287 
0.001565 
0.005566 
0.001378 
0.004279 
0.002115 
0.004863 
0.001812 
0.029656 
0.026181 
0.026099 
0.022291 
0.013649 
0.017646 
0.013400 
0.017324 
0.016357 
0.020833 
0.014466 
0.018620 
0.043287 
0.039932 
0.035094 
0.031812 
0.002800 
0.001433 
0.003263 
0.001686 
0.003708 
0.001965 
0.004112 
0.002255 
0.004935 
0.005917 
0.005264 
0.006370 
0.003974 
0.004700 
0.004498 
0.005349 
0.000821 
0.000725 
0.000718 
0.000797 
0.000508 
0.000718 
0.000751 
0.000512 
0.001198 
0.001949 
0.000645 
0.001074 
0.000698 
0.000683 
0.000886 
0.000869 
0.003017 
0.002211 
0.002753 
0.001945 
0.002431 
0.001702 
0.002087 
0.001540 
0.003849 
0.003244 
0.003682 
0.002901 
0.003779 
0.003608 
0.003869 
0.003479 
0.001202 
0.000995 
0.001424 
0.001249 
0.000812 
0.000657 
0.001090 
0.000949 
0.001352 
0.001237 
0.001565 
0.001487 
0.001601 
0.001475 
0.001715 
0.001643 
0.015662 
0.014919 
0.007017 
0.005677 
0.013861 
0.012537 
0.004579 
0.004037 
0.004089 
0.004932 
0.004484 
0.004719 
0.002694 
0.003251 
0.003561 
0.004099 
0.001657 
0.001843 
0.001143 
0.001179 
0.002009 
0.002117 
0.001275 
0.001378 
0.000896 
0.001133 
0.001256 
0.001341 
0.001157 
0.001034 
0.001309 
0.001312 
0.028682 
0.032135 
0.024792 
0.025438 
0.021734 
0.025204 
0.022398 
0.023770 
0.004846 
0.006908 
0.013854 
0.017605 
0.009660 
0.012983 
0.021843 
0.026549 
0.001598 
0.001607 
0.001586 
0.001635 
0.001463 
0.001547 
0.001388 
0.001503 
0.001701 
0.001680 
0.001581 
0.001623 
0.001610 
0.001506 
0.001621 
0.001571 
0.003646 
0.004906 
0.002522 
0.003652 
0.001956 
0.002561 
0.001927 
0.001915 
0.002897 
0.002220 
0.002831 
0.002375 
0.002543 
0.002388 
0.002785 
0.002086 
0.009342 
0.009311 
0.005746 
0.005486 
0.003400 
0.003049 
0.002040 
0.001672 
0.004397 
0.003819 
0.003290 
0.002540 
0.009491 
0.009387 
0.006402 
0.006030 
0.001681 
0.001546 
0.001581 
0.001589 
0.001751 
0.001654 
0.001731 
0.001602 
0.001511 
0.001435 
0.001438 
0.001353 
0.001331 
0.001233 
0.001453 
0.001213 
0.000807 
0.000820 
0.000648 
0.000671 
0.000839 
0.000813 
0.000579 
0.000618 
0.003064 
0.002918 
0.001646 
0.001547 
0.002782 
0.002668 
0.001481 
0.001448 
0.001345 
0.001293 
0.001291 
0.001261 
0.001263 
0.001717 
0.001096 
0.001561 
0.000607 
0.000800 
0.000622 
0.000792 
0.000673 
0.000600 
0.000577 
0.000467 
0.009388 
0.011452 
0.031741 
0.049999 
0.011698 
0.014607 
0.051831 
0.055491 
0.139659 
0.120878 
0.130177 
0.108337 
0.210791 
0.165416 
0.208587 
0.158054 
0.007835 
0.006676 
0.006147 
0.007187 
0.006606 
0.006798 
0.004736 
0.004598 
0.005663 
0.006228 
0.004823 
0.004820 
0.011011 
0.009384 
0.004269 
0.005090 
0.002854 
0.003346 
0.002051 
0.002479 
0.001623 
0.001789 
0.001563 
0.001498 
0.001756 
0.001630 
0.001773 
0.001674 
0.001851 
0.002290 
0.001701 
0.001749 
0.002232 
0.001303 
0.001100 
0.000783 
0.004189 
0.003279 
0.002979 
0.001971 
0.006095 
0.006196 
0.005346 
0.004813 
0.005809 
0.005011 
0.003918 
0.002837 
0.001676 
0.001717 
0.001540 
0.001596 
0.001542 
0.001618 
0.001575 
0.001497 
0.001748 
0.001730 
0.001700 
0.001729 
0.001702 
0.001665 
0.001743 
0.001746 
0.001112 
0.001184 
0.001172 
0.001222 
0.001238 
0.001267 
0.001314 
0.001323 
0.001157 
0.001199 
0.001270 
0.001294 
0.000941 
0.001031 
0.001046 
0.001112 
0.001031 
0.000837 
0.001210 
0.000954 
0.000819 
0.000810 
0.000886 
0.000747 
0.000936 
0.001361 
0.000930 
0.001263 
0.001021 
0.001313 
0.001116 
0.001384 
0.001365 
0.001366 
0.001512 
0.001504 
0.001370 
0.001377 
0.001502 
0.001507 
0.001635 
0.001649 
0.001794 
0.001819 
0.001624 
0.001626 
0.001738 
0.001765 
0.001508 
0.001183 
0.000878 
0.000816 
0.002338 
0.001909 
0.001198 
0.001046 
0.003396 
0.002804 
0.003995 
0.003283 
0.002238 
0.001743 
0.002615 
0.002034 
0.001638 
0.001583 
0.001769 
0.001690 
0.001661 
0.001661 
0.001829 
0.001815 
0.001388 
0.001399 
0.001515 
0.001520 
0.001405 
0.001394 
0.001513 
0.001481 
0.035532 
0.038835 
0.025675 
0.025463 
0.016870 
0.021383 
0.031734 
0.037435 
0.026642 
0.032823 
0.043711 
0.050640 
0.041984 
0.044891 
0.024752 
0.023488 
0.075304 
0.069107 
0.055765 
0.051687 
0.024098 
0.033424 
0.021465 
0.026356 
0.143096 
0.135993 
0.144340 
0.139573 
0.204188 
0.186720 
0.136574 
0.104678 
0.047422 
0.049386 
0.021622 
0.019143 
0.040146 
0.048855 
0.058309 
0.066812 
0.059190 
0.071320 
0.076239 
0.086654 
0.050522 
0.050489 
0.016136 
0.012915 
0.011905 
0.009004 
0.011014 
0.008934 
0.013868 
0.011506 
0.012638 
0.009713 
0.010327 
0.009746 
0.008007 
0.006990 
0.006763 
0.005305 
0.006318 
0.004483 
0.000902 
0.001220 
0.000967 
0.001274 
0.001043 
0.001338 
0.001132 
0.001410 
0.000450 
0.000738 
0.000539 
0.000828 
0.000295 
0.000577 
0.000363 
0.000654 
0.000948 
0.001208 
0.000834 
0.000944 
0.001449 
0.000916 
0.001632 
0.001418 
0.001721 
0.001772 
0.001818 
0.001806 
0.001873 
0.001801 
0.001872 
0.001748 
0.001882 
0.001900 
0.002018 
0.001962 
0.001437 
0.001605 
0.001676 
0.001773 
0.003375 
0.003373 
0.002805 
0.002905 
0.003207 
0.003323 
0.002458 
0.002660 
0.003618 
0.003420 
0.003644 
0.003609 
0.003212 
0.003013 
0.003527 
0.003417 
0.020505 
0.043277 
0.020785 
0.044887 
0.052770 
0.036017 
0.056034 
0.039021 
0.059434 
0.042205 
0.062973 
0.045575 
0.021065 
0.046486 
0.021335 
0.048063 
0.021828 
0.052509 
0.021731 
0.053821 
0.021575 
0.049605 
0.021755 
0.051095 
0.066668 
0.049151 
0.070556 
0.052984 
0.074714 
0.057170 
0.079270 
0.061865 
0.002946 
0.002442 
0.002876 
0.002501 
0.002900 
0.002225 
0.002953 
0.002347 
0.001844 
0.001725 
0.001937 
0.001760 
0.002029 
0.001804 
0.002114 
0.001855 
0.005189 
0.004413 
0.006055 
0.006607 
0.003751 
0.003745 
0.008174 
0.010661 
0.015008 
0.018315 
0.018713 
0.020703 
0.009072 
0.011893 
0.014052 
0.016475 
0.000905 
0.001039 
0.000952 
0.001077 
0.001004 
0.001113 
0.001055 
0.001149 
0.000828 
0.000867 
0.000849 
0.000952 
0.000672 
0.000756 
0.000765 
0.000823 
0.002692 
0.003173 
0.002838 
0.003295 
0.002492 
0.002951 
0.002577 
0.003057 
0.003073 
0.002829 
0.003172 
0.002898 
0.003261 
0.002931 
0.003333 
0.002934 
0.001684 
0.002678 
0.001316 
0.002111 
0.002730 
0.004023 
0.002172 
0.003331 
0.004085 
0.003648 
0.003642 
0.003497 
0.003156 
0.003272 
0.002654 
0.002986 
0.001744 
0.001354 
0.001538 
0.001394 
0.001186 
0.001295 
0.000912 
0.001039 
0.002783 
0.001145 
0.003941 
0.001793 
0.001402 
0.001731 
0.001792 
0.001273 
0.005213 
0.005436 
0.006675 
0.006840 
0.005521 
0.005463 
0.006843 
0.006684 
0.004740 
0.004461 
0.002829 
0.002546 
0.005044 
0.004939 
0.003324 
0.003092 
0.046676 
0.030574 
0.049648 
0.033199 
0.019966 
0.040064 
0.020232 
0.041666 
0.019450 
0.036920 
0.019706 
0.038479 
0.041209 
0.025934 
0.043860 
0.028151 
0.001762 
0.002328 
0.002109 
0.002328 
0.002804 
0.003127 
0.002400 
0.002360 
0.001592 
0.001424 
0.000885 
0.000738 
0.001794 
0.001729 
0.001223 
0.001055 
0.001474 
0.001501 
0.001604 
0.001660 
0.001225 
0.000583 
0.001514 
0.000919 
0.001768 
0.001206 
0.001951 
0.001419 
0.001681 
0.001768 
0.001710 
0.001819 
0.001382 
0.001523 
0.001439 
0.001611 
0.001628 
0.001692 
0.001737 
0.001808 
0.002057 
0.002048 
0.001609 
0.001553 
0.001869 
0.001990 
0.001547 
0.001601 
0.007710 
0.008571 
0.007310 
0.007218 
0.005056 
0.006484 
0.006060 
0.006906 
0.002433 
0.002944 
0.003383 
0.004869 
0.004223 
0.006003 
0.006561 
0.008223 
0.000592 
0.000535 
0.000686 
0.000700 
0.000786 
0.000751 
0.000909 
0.000863 
0.000850 
0.000836 
0.000995 
0.000933 
0.000292 
0.000323 
0.000418 
0.000433 
0.090522 
0.084432 
0.073928 
0.067321 
0.107756 
0.098034 
0.093296 
0.082269 
0.017478 
0.019405 
0.056537 
0.056541 
0.020650 
0.021376 
0.055932 
0.054986 
0.001524 
0.001348 
0.001465 
0.001292 
0.001815 
0.001674 
0.001562 
0.001548 
0.002055 
0.001941 
0.001984 
0.001839 
0.001808 
0.001651 
0.001684 
0.001517 
0.003300 
0.003350 
0.002245 
0.002094 
0.003306 
0.003201 
0.001930 
0.001775 
0.000973 
0.000888 
0.000529 
0.000571 
0.001251 
0.001103 
0.000618 
0.000587 
0.006695 
0.011534 
0.004992 
0.009040 
0.004207 
0.006719 
0.004247 
0.004767 
0.006368 
0.007153 
0.006276 
0.007364 
0.005824 
0.006255 
0.006224 
0.006733 
0.001034 
0.000938 
0.000308 
0.000275 
0.001276 
0.001278 
0.001322 
0.001186 
0.000138 
0.000214 
0.000177 
0.000291 
0.001564 
0.001718 
0.001391 
0.001470 
0.001333 
0.001430 
0.001275 
0.001322 
0.000669 
0.000830 
0.000577 
0.000779 
0.001022 
0.001211 
0.001006 
0.001232 
0.002333 
0.001642 
0.002280 
0.001479 
0.002295 
0.001701 
0.002325 
0.001693 
0.005050 
0.003514 
0.004953 
0.003650 
0.004755 
0.003722 
0.004461 
0.003723 
0.003888 
0.005349 
0.003315 
0.004708 
0.004866 
0.006359 
0.004416 
0.005909 
0.002583 
0.002318 
0.002718 
0.002480 
0.002844 
0.002608 
0.002962 
0.002729 
0.002393 
0.002765 
0.002432 
0.002855 
0.002343 
0.002589 
0.002365 
0.002679 
0.000465 
0.000651 
0.000504 
0.000575 
0.000500 
0.000817 
0.000483 
0.000668 
0.002021 
0.002033 
0.001717 
0.001774 
0.002624 
0.002388 
0.002336 
0.002257 
0.002055 
0.001785 
0.002093 
0.001870 
0.002000 
0.001902 
0.001819 
0.001824 
0.001662 
0.001438 
0.002523 
0.002284 
0.002321 
0.001956 
0.003129 
0.002809 
0.000693 
0.000499 
0.001423 
0.001099 
0.000367 
0.000481 
0.000858 
0.000701 
0.000388 
0.000700 
0.000296 
0.000548 
0.000236 
0.000426 
0.000288 
0.000363 
0.000317 
0.000639 
0.000327 
0.000555 
0.000471 
0.000880 
0.000376 
0.000750 
0.001381 
0.001907 
0.001274 
0.001858 
0.001191 
0.001822 
0.001131 
0.001807 
0.001368 
0.001366 
0.001540 
0.001524 
0.001646 
0.001632 
0.001710 
0.001720 
0.001686 
0.001665 
0.001715 
0.001709 
0.001378 
0.001371 
0.001576 
0.001558 
0.000536 
0.000717 
0.000648 
0.000764 
0.000377 
0.000459 
0.000448 
0.000509 
0.010041 
0.010755 
0.008012 
0.009667 
0.013532 
0.011581 
0.011923 
0.011403 
0.007403 
0.003342 
0.008326 
0.004565 
0.008875 
0.005730 
0.008969 
0.006661 
0.002755 
0.003466 
0.003242 
0.003785 
0.003743 
0.004039 
0.004190 
0.004165 
0.002104 
0.003035 
0.002923 
0.003739 
0.001000 
0.001849 
0.001459 
0.002389 
0.000992 
0.000945 
0.000811 
0.000759 
0.000845 
0.001118 
0.000706 
0.000932 
0.001172 
0.001577 
0.001001 
0.001335 
0.001448 
0.001407 
0.001205 
0.001161 
0.000756 
0.000845 
0.000901 
0.000976 
0.001064 
0.001111 
0.001224 
0.001247 
0.000969 
0.001016 
0.001179 
0.001202 
0.000588 
0.000652 
0.000761 
0.000830 
0.007093 
0.001727 
0.007315 
0.001895 
0.006681 
0.001476 
0.006881 
0.001588 
0.001066 
0.001117 
0.001013 
0.001079 
0.000951 
0.001025 
0.000884 
0.000972 
0.001728 
0.001707 
0.001731 
0.001723 
0.001759 
0.001745 
0.001736 
0.001736 
0.001459 
0.001429 
0.001664 
0.001641 
0.001406 
0.001389 
0.001618 
0.001597 
0.000266 
0.000254 
0.000531 
0.000510 
0.000264 
0.000285 
0.000510 
0.000522 
0.000803 
0.000805 
0.001120 
0.001111 
0.000851 
0.000818 
0.001175 
0.001142 
0.001225 
0.001353 
0.001094 
0.001249 
0.000989 
0.001094 
0.000811 
0.000938 
0.001441 
0.001519 
0.001199 
0.001290 
0.001606 
0.001673 
0.001400 
0.001502 
0.002225 
0.002150 
0.002254 
0.002123 
0.002121 
0.001967 
0.001869 
0.001731 
0.002433 
0.002278 
0.002162 
0.002015 
0.002317 
0.002279 
0.002490 
0.002378 
0.000702 
0.000645 
0.000827 
0.000871 
0.003806 
0.003456 
0.003314 
0.003132 
0.002957 
0.004061 
0.002529 
0.003483 
0.003967 
0.005354 
0.003440 
0.004694 
0.004698 
0.003705 
0.004285 
0.003666 
0.004955 
0.004625 
0.003030 
0.003461 
0.004984 
0.005082 
0.003539 
0.003226 
0.004519 
0.005067 
0.006003 
0.006588 
0.005574 
0.005995 
0.007049 
0.007324 
0.001196 
0.001152 
0.001586 
0.001539 
0.001187 
0.001208 
0.001633 
0.001617 
0.001105 
0.001148 
0.001634 
0.001636 
0.015940 
0.022087 
0.016280 
0.022994 
0.022377 
0.014204 
0.023094 
0.014328 
0.023954 
0.014572 
0.024960 
0.014946 
0.016613 
0.023964 
0.016936 
0.024997 
0.001283 
0.001274 
0.001270 
0.001217 
0.001600 
0.001481 
0.001430 
0.001352 
0.001111 
0.001203 
0.001106 
0.001132 
0.001772 
0.001669 
0.001394 
0.001439 
0.002650 
0.001937 
0.002796 
0.002086 
0.002272 
0.001635 
0.002472 
0.001785 
0.001516 
0.001621 
0.001591 
0.001647 
0.001670 
0.001671 
0.001754 
0.001696 
0.002146 
0.001690 
0.002235 
0.001734 
0.001870 
0.001504 
0.001960 
0.001620 
0.001173 
0.001031 
0.001341 
0.001084 
0.001066 
0.001462 
0.001099 
0.001484 
0.002844 
0.002754 
0.002419 
0.002370 
0.002047 
0.002009 
0.001726 
0.001688 
0.001585 
0.002164 
0.001364 
0.001849 
0.002159 
0.002973 
0.001846 
0.002535 
0.013443 
0.017366 
0.013635 
0.017622 
0.023822 
0.019609 
0.022408 
0.017757 
0.021580 
0.016475 
0.021155 
0.015586 
0.013904 
0.018019 
0.014215 
0.018517 
0.015594 
0.015244 
0.021244 
0.020463 
0.014894 
0.014549 
0.019746 
0.019096 
0.021108 
0.021021 
0.014566 
0.014975 
0.021803 
0.021377 
0.014200 
0.014316 
0.002332 
0.002391 
0.002092 
0.002263 
0.002744 
0.002514 
0.002558 
0.002477 
0.002182 
0.001910 
0.002224 
0.001961 
0.002231 
0.002000 
0.002198 
0.002017 
0.000646 
0.000635 
0.000628 
0.000761 
0.000625 
0.000574 
0.000622 
0.000494 
0.001800 
0.000785 
0.002094 
0.000899 
0.002407 
0.001130 
0.002724 
0.001382 
0.009219 
0.004948 
0.009274 
0.005224 
0.009043 
0.004358 
0.009142 
0.004657 
0.001868 
0.002110 
0.001700 
0.001960 
0.002128 
0.002004 
0.002030 
0.001957 
0.001922 
0.001880 
0.001826 
0.001781 
0.001627 
0.001844 
0.001672 
0.001794 
0.001527 
0.001277 
0.000612 
0.000625 
0.008918 
0.008769 
0.004053 
0.003741 
0.008599 
0.008411 
0.003432 
0.003133 
0.001069 
0.000914 
0.000660 
0.000745 
0.002170 
0.002655 
0.001743 
0.002301 
0.001411 
0.001955 
0.001205 
0.001652 
0.001125 
0.001381 
0.001197 
0.001416 
0.001112 
0.001686 
0.001071 
0.001446 
0.027424 
0.026115 
0.016123 
0.015458 
0.030520 
0.028891 
0.017958 
0.016952 
0.018131 
0.017847 
0.029748 
0.028471 
0.017553 
0.017249 
0.027252 
0.026094 
0.000821 
0.000913 
0.000744 
0.000930 
0.000777 
0.000867 
0.000827 
0.000836 
0.007989 
0.002567 
0.008206 
0.002843 
0.007540 
0.002093 
0.007766 
0.002318 
0.001237 
0.001463 
0.001218 
0.001466 
0.001124 
0.001430 
0.001125 
0.001319 
0.001170 
0.001335 
0.001272 
0.001479 
0.001125 
0.001398 
0.000942 
0.001266 
