0.001897 
0.001843 
0.001837 
0.001747 
0.000464 
0.000380 
0.000313 
0.000410 
0.000679 
0.000622 
0.000572 
0.000625 
0.000489 
0.000398 
0.000378 
0.000516 
0.000770 
0.000958 
0.000587 
0.000544 
0.001916 
0.002289 
0.002862 
0.002178 
0.003933 
0.003921 
0.049159 
0.049997 
0.000662 
0.001729 
0.001858 
0.000882 
0.000493 
0.000364 
0.000485 
0.000564 
0.003661 
0.003310 
0.003428 
0.003824 
0.006587 
0.007082 
0.004618 
0.004266 
0.001762 
0.001746 
0.001712 
0.001781 
0.023821 
0.020464 
0.034343 
0.027957 
0.004238 
0.004260 
0.003835 
0.003658 
0.002540 
0.003332 
0.002275 
0.002198 
0.000515 
0.000536 
0.000632 
0.000750 
0.001436 
0.001741 
0.001162 
0.000906 
0.082634 
0.094635 
0.088299 
0.075978 
0.050639 
0.050706 
0.004422 
0.004104 
0.040480 
0.023375 
0.003986 
0.005760 
0.001933 
0.000595 
0.001025 
0.002441 
0.003034 
0.003482 
0.005476 
0.004617 
0.004087 
0.004441 
0.047312 
0.048250 
0.002956 
0.003894 
0.003160 
0.001899 
0.010981 
0.008631 
0.006963 
0.010562 
0.012114 
0.011993 
0.006256 
0.004192 
0.003571 
0.003640 
0.002730 
0.002799 
0.004640 
0.004828 
0.005287 
0.005638 
0.000879 
0.001034 
0.001208 
0.001116 
0.017338 
0.020080 
0.032379 
0.037013 
0.134095 
0.142949 
0.141794 
0.129456 
0.001863 
0.002079 
0.001576 
0.001408 
0.005489 
0.004705 
0.049652 
0.045573 
0.001323 
0.001899 
0.002058 
0.001585 
0.059110 
0.067326 
0.080179 
0.072014 
0.007095 
0.008720 
0.008053 
0.006626 
0.002280 
0.004995 
0.007696 
0.004372 
0.004804 
0.004311 
0.006746 
0.007480 
0.004393 
0.003870 
0.004328 
0.004460 
0.039966 
0.041282 
0.011979 
0.014118 
0.003151 
0.003214 
0.002286 
0.002842 
0.001467 
0.001059 
0.001589 
0.002043 
0.061932 
0.049039 
0.031193 
0.046772 
0.003885 
0.003585 
0.004051 
0.003981 
0.007878 
0.005419 
0.006423 
0.006731 
0.037087 
0.015718 
0.018536 
0.036256 
0.003395 
0.003782 
0.002869 
0.002528 
0.004340 
0.005056 
0.012600 
0.012891 
0.001654 
0.001213 
0.001769 
0.002274 
0.217066 
0.182493 
0.178039 
0.215856 
0.038894 
0.016134 
0.012670 
0.041004 
0.005668 
0.004134 
0.004320 
0.004770 
0.008865 
0.011126 
0.013557 
0.014468 
0.001803 
0.001829 
0.002011 
0.002196 
0.003434 
0.003170 
0.004023 
0.004163 
0.003331 
0.003473 
0.003562 
0.003239 
0.003711 
0.002867 
0.002281 
0.002628 
0.003981 
0.003990 
0.004535 
0.004471 
0.001670 
0.001250 
0.000760 
0.001226 
0.003721 
0.005317 
0.004981 
0.003434 
0.004037 
0.004430 
0.003954 
0.003705 
0.076230 
0.064478 
0.084304 
0.092236 
0.103925 
0.130623 
0.199402 
0.185582 
0.110225 
0.106081 
0.127561 
0.128950 
0.027651 
0.041388 
0.038025 
0.027129 
0.004003 
0.004163 
0.003415 
0.003079 
0.002645 
0.002300 
0.001755 
0.002211 
0.004454 
0.004186 
0.004816 
0.004798 
0.005732 
0.005349 
0.007817 
0.007821 
0.001654 
0.001674 
0.001325 
0.001205 
0.116682 
0.105867 
0.114294 
0.124712 
0.141843 
0.133007 
0.123034 
0.132518 
0.006384 
0.006683 
0.004863 
0.005165 
0.008832 
0.018106 
0.037476 
0.027441 
0.003130 
0.003233 
0.002948 
0.002673 
0.007583 
0.007188 
0.005733 
0.005858 
0.004334 
0.006036 
0.008152 
0.006562 
0.003546 
0.005422 
0.012944 
0.009722 
0.009250 
0.008990 
0.009911 
0.010471 
0.097712 
0.108926 
0.101539 
0.089921 
0.006553 
0.006179 
0.006122 
0.004820 
0.003123 
0.001829 
0.002521 
0.003732 
0.003623 
0.003918 
0.002836 
0.002722 
0.001497 
0.001651 
0.001021 
0.000675 
0.016995 
0.012343 
0.008434 
0.012979 
0.002405 
0.002146 
0.002761 
0.002982 
0.001066 
0.000917 
0.002274 
0.001789 
0.143616 
0.158920 
0.165261 
0.151903 
0.002839 
0.003434 
0.004315 
0.003612 
0.008529 
0.011041 
0.005891 
0.006404 
0.019390 
0.014050 
0.009292 
0.006885 
0.001021 
0.002354 
0.001870 
0.000847 
0.001853 
0.002274 
0.001155 
0.000791 
0.000557 
0.000403 
0.000621 
0.000594 
0.002272 
0.001704 
0.002228 
0.002963 
0.002019 
0.001993 
0.003354 
0.003444 
0.010317 
0.009491 
0.007625 
0.008768 
0.004984 
0.005415 
0.006697 
0.006147 
0.002353 
0.003317 
0.001545 
0.001155 
0.000626 
0.000640 
0.001561 
0.001624 
0.004687 
0.005788 
0.004935 
0.004566 
0.007702 
0.008381 
0.006448 
0.005333 
0.001139 
0.001883 
0.001654 
0.000818 
0.000985 
0.001604 
0.003612 
0.003045 
0.004217 
0.004384 
0.005924 
0.006216 
0.004006 
0.004329 
0.004188 
0.004074 
0.002124 
0.002584 
0.002211 
0.001589 
0.019427 
0.026286 
0.021264 
0.020240 
0.000788 
0.000918 
0.000785 
0.000702 
0.008973 
0.009202 
0.009700 
0.007965 
0.002523 
0.001918 
0.002662 
0.003592 
0.000779 
0.000777 
0.001105 
0.001215 
0.003078 
0.003542 
0.003537 
0.002923 
0.045310 
0.046335 
0.005007 
0.005810 
0.004073 
0.003966 
0.004230 
0.004160 
0.002857 
0.002743 
0.003737 
0.003859 
0.003032 
0.002515 
0.003524 
0.003824 
0.004956 
0.003990 
0.004502 
0.005563 
0.001702 
0.000960 
0.001425 
0.001988 
0.002102 
0.002457 
0.001908 
0.001712 
0.008441 
0.006568 
0.008366 
0.009987 
0.011693 
0.010914 
0.009906 
0.010457 
0.002515 
0.002007 
0.001983 
0.002535 
0.002033 
0.002369 
0.001815 
0.001486 
0.001829 
0.001563 
0.001452 
0.001938 
0.069077 
0.056814 
0.060460 
0.072985 
0.002491 
0.002130 
0.001994 
0.001983 
0.002876 
0.002084 
0.002228 
0.003175 
0.006603 
0.006173 
0.003957 
0.004434 
0.003446 
0.003359 
0.002279 
0.002181 
0.002040 
0.001663 
0.001896 
0.002332 
0.006625 
0.004955 
0.003658 
0.004951 
0.062303 
0.053192 
0.051464 
0.061707 
0.065772 
0.063190 
0.052036 
0.053958 
0.005003 
0.005763 
0.005256 
0.005101 
0.003924 
0.002641 
0.001416 
0.001842 
0.012516 
0.014026 
0.038315 
0.039559 
0.004448 
0.004775 
0.004411 
0.004523 
0.011004 
0.040770 
0.041952 
0.009513 
0.005044 
0.003927 
0.002163 
0.002927 
0.064868 
0.070042 
0.082578 
0.077479 
0.002018 
0.002041 
0.001923 
0.001864 
0.006854 
0.008107 
0.043108 
0.044232 
0.001941 
0.003452 
0.003854 
0.002051 
