Grid_size  576
vertices_size  625
Edge_size  1200
total_DOF  1875
Face_Vertex_Edge 
0 
 221 220 217 140
 391 389 392 384 
1 
 218 221 145 217
 385 391 386 242 
2 
 125 219 218 221
 204 388 205 386 
3 
 219 109 221 220
 388 171 387 392 
4 
 226 225 222 211
 403 401 404 393 
5 
 223 226 203 222
 395 403 396 346 
6 
 215 224 223 226
 377 399 378 396 
7 
 224 216 226 225
 399 381 398 404 
8 
 231 230 227 198
 412 411 413 405 
9 
 228 231 199 227
 407 412 408 339 
10 
 211 229 228 231
 371 410 372 408 
11 
 229 213 231 230
 410 375 409 413 
12 
 225 234 211 229
 401 418 402 372 
13 
 216 232 225 234
 381 415 382 402 
14 
 232 212 234 233
 415 373 414 419 
15 
 234 233 229 213
 418 417 419 409 
16 
 237 214 238 235
 423 376 422 424 
17 
 238 235 236 202
 425 420 424 421 
18 
 232 238 212 236
 414 425 416 374 
19 
 216 237 232 238
 382 423 383 416 
20 
 243 242 239 145
 433 432 434 426 
21 
 240 243 149 239
 428 433 429 245 
22 
 173 241 240 243
 286 431 287 429 
23 
 241 121 243 242
 431 198 430 434 
24 
 248 247 244 148
 443 441 444 435 
25 
 245 248 146 244
 436 443 437 243 
26 
 123 246 245 248
 199 439 200 437 
27 
 246 102 248 247
 439 155 438 444 
28 
 249 252 214 235
 445 451 446 376 
29 
 200 250 249 252
 341 448 342 446 
30 
 250 204 252 251
 448 349 447 452 
31 
 252 251 235 202
 451 450 452 420 
32 
 224 255 216 237
 398 457 400 383 
33 
 215 253 224 255
 378 454 379 400 
34 
 253 201 255 254
 454 344 453 458 
35 
 255 254 237 214
 457 456 458 422 
36 
 256 260 151 259
 459 468 460 250 
37 
 150 257 256 260
 247 462 248 460 
38 
 257 126 260 258
 462 206 461 467 
39 
 260 258 259 100
 468 464 467 466 
40 
 263 188 264 261
 473 313 472 474 
41 
 264 261 262 184
 475 469 474 471 
42 
 250 264 204 262
 447 475 449 350 
43 
 200 263 250 264
 342 473 343 449 
44 
 267 218 242 145
 481 385 480 432 
45 
 265 267 121 242
 476 481 477 198 
46 
 115 266 265 267
 187 479 188 477 
47 
 266 125 267 218
 479 204 478 480 
48 
 272 271 268 158
 489 488 490 482 
49 
 269 272 120 268
 484 489 485 196 
50 
 116 270 269 272
 189 487 190 485 
51 
 270 127 272 271
 487 209 486 490 
52 
 273 277 167 276
 491 499 492 275 
53 
 190 274 273 277
 317 494 318 492 
54 
 274 154 277 275
 494 253 493 498 
55 
 277 275 276 153
 499 496 498 497 
56 
 282 281 278 166
 508 507 509 500 
57 
 279 282 189 278
 501 508 502 315 
58 
 208 280 279 282
 361 505 362 502 
59 
 280 191 282 281
 505 320 504 509 
60 
 203 222 284 285
 347 394 346 513 
61 
 222 211 285 228
 394 371 393 515 
62 
 285 228 283 199
 516 407 515 510 
63 
 284 285 205 283
 512 516 513 351 
64 
 289 288 286 185
 524 522 525 517 
65 
 287 289 183 286
 519 524 520 305 
66 
 205 283 287 289
 352 511 351 520 
67 
 283 199 289 288
 511 340 510 525 
68 
 290 293 63 62
 526 534 527 85 
69 
 112 291 290 293
 179 530 180 527 
70 
 291 132 293 292
 530 217 529 535 
71 
 293 292 62 61
 534 532 535 84 
72 
 102 294 247 297
 155 537 156 442 
73 
 294 138 297 295
 537 232 536 541 
74 
 297 295 296 122
 542 539 541 540 
75 
 247 297 148 296
 441 542 442 244 
76 
 298 301 110 300
 543 550 544 173 
77 
 74 75 298 301
 99 101 98 544 
78 
 75 76 301 299
 101 102 100 549 
79 
 301 299 300 106
 550 546 549 547 
80 
 303 200 304 249
 555 341 554 557 
81 
 304 249 254 214
 558 445 557 456 
82 
 302 304 201 254
 551 558 552 344 
83 
 206 303 302 304
 354 555 355 552 
84 
 308 307 275 153
 565 564 566 496 
85 
 305 308 154 275
 559 565 560 253 
86 
 111 306 305 308
 176 563 177 560 
87 
 306 131 308 307
 563 216 562 566 
88 
 312 245 309 146
 575 436 574 567 
89 
 310 312 174 309
 568 575 569 288 
90 
 112 311 310 312
 181 572 182 569 
91 
 311 123 312 245
 572 199 571 574 
92 
 316 315 313 187
 582 581 583 576 
93 
 314 316 196 313
 578 582 579 333 
94 
 206 302 314 316
 356 553 354 579 
95 
 302 201 316 315
 553 345 551 583 
96 
 320 177 321 317
 590 294 589 592 
97 
 321 317 318 181
 593 584 592 585 
98 
 319 321 162 318
 587 593 588 267 
99 
 161 320 319 321
 264 590 265 588 
100 
 120 268 324 325
 197 483 196 597 
101 
 268 158 325 322
 483 262 482 598 
102 
 325 322 323 147
 599 594 598 595 
103 
 324 325 171 323
 596 599 597 282 
104 
 330 329 326 178
 608 606 609 600 
105 
 327 330 163 326
 602 608 603 269 
106 
 193 328 327 330
 326 605 327 603 
107 
 328 194 330 329
 605 328 604 609 
108 
 206 314 333 334
 357 580 356 615 
109 
 314 196 334 331
 580 334 578 617 
110 
 334 331 332 197
 618 610 617 612 
111 
 333 334 164 332
 614 618 615 271 
112 
 335 339 198 338
 619 628 620 338 
113 
 210 336 335 339
 368 622 369 620 
114 
 336 195 339 337
 622 330 621 627 
115 
 339 337 338 165
 628 624 627 626 
116 
 344 343 340 152
 638 636 639 629 
117 
 341 344 176 340
 631 638 632 291 
118 
 97 342 341 344
 144 635 145 632 
119 
 342 129 344 343
 635 213 634 639 
120 
 347 108 348 345
 644 168 643 646 
121 
 348 345 346 127
 647 640 646 642 
122 
 47 348 46 346
 66 647 67 65 
123 
 48 347 47 348
 68 644 70 67 
124 
 351 350 219 109
 652 650 653 387 
125 
 349 351 125 219
 648 652 649 205 
126 
 92 93 349 351
 135 137 134 649 
127 
 93 94 351 350
 137 139 136 653 
128 
 300 106 354 352
 548 165 547 659 
129 
 354 352 295 122
 658 654 659 539 
130 
 353 354 138 295
 655 658 656 232 
131 
 110 300 353 354
 174 548 173 656 
132 
 358 16 355 17
 666 16 665 660 
133 
 356 358 114 355
 661 666 662 186 
134 
 133 357 356 358
 220 664 221 662 
135 
 357 15 358 16
 664 15 663 665 
136 
 362 52 359 53
 675 75 674 667 
137 
 360 362 128 359
 669 675 670 210 
138 
 108 361 360 362
 169 673 170 670 
139 
 361 51 362 52
 673 74 672 674 
140 
 365 103 366 363
 680 158 679 682 
141 
 366 363 364 131
 683 676 682 678 
142 
 87 366 86 364
 123 683 124 122 
143 
 88 365 87 366
 125 680 127 124 
144 
 367 370 191 281
 684 691 685 320 
145 
 192 368 367 370
 322 688 323 685 
146 
 368 177 370 369
 688 295 687 692 
147 
 370 369 281 166
 691 690 692 507 
148 
 373 150 374 256
 697 247 696 699 
149 
 374 256 371 151
 700 459 699 693 
150 
 372 374 181 371
 694 700 695 302 
151 
 168 373 372 374
 276 697 277 695 
152 
 196 313 377 378
 335 577 333 705 
153 
 313 187 378 375
 577 312 576 707 
154 
 378 375 376 167
 708 701 707 702 
155 
 377 378 172 376
 704 708 705 283 
156 
 129 379 343 382
 213 710 214 637 
157 
 379 101 382 380
 710 153 709 715 
158 
 382 380 381 155
 716 711 715 713 
159 
 343 382 152 381
 636 716 637 251 
160 
 150 383 257 386
 248 718 249 463 
161 
 383 175 386 384
 718 290 717 722 
162 
 386 384 385 114
 723 719 722 720 
163 
 257 386 126 385
 461 723 463 207 
164 
 94 95 350 388
 139 141 138 651 
165 
 95 0 388 4
 141 0 140 726 
166 
 388 4 387 5
 727 4 726 724 
167 
 350 388 109 387
 650 727 651 172 
168 
 391 390 379 101
 732 730 733 709 
169 
 389 391 129 379
 728 732 729 214 
170 
 40 41 389 391
 54 56 53 729 
171 
 41 42 391 390
 56 58 55 733 
172 
 395 259 392 100
 741 466 740 734 
173 
 393 395 139 392
 736 741 737 234 
174 
 124 394 393 395
 202 739 203 737 
175 
 394 151 395 259
 739 250 738 740 
176 
 398 161 399 319
 747 264 746 749 
177 
 399 319 396 162
 750 587 749 742 
178 
 397 399 136 396
 744 750 745 226 
179 
 113 398 397 399
 183 747 184 745 
180 
 402 104 403 400
 755 161 754 758 
181 
 403 400 322 147
 757 751 758 594 
182 
 401 403 158 322
 752 757 753 262 
183 
 128 402 401 403
 211 755 212 753 
184 
 404 407 173 241
 759 765 760 287 
185 
 172 405 404 407
 284 762 285 760 
186 
 405 156 407 406
 762 257 761 766 
187 
 407 406 241 121
 765 764 766 430 
188 
 411 324 408 171
 773 596 772 767 
189 
 409 411 186 408
 768 773 769 311 
190 
 155 410 409 411
 255 771 256 769 
191 
 410 120 411 324
 771 197 770 772 
192 
 414 413 26 25
 778 776 779 25 
193 
 27 414 1 26
 26 778 27 1 
194 
 28 412 27 414
 28 775 29 27 
195 
 412 118 414 413
 775 193 774 779 
196 
 74 298 73 416
 97 545 99 96 
197 
 298 110 416 415
 545 175 543 783 
198 
 416 415 72 71
 782 780 783 94 
199 
 73 416 2 72
 95 782 96 2 
200 
 417 116 418 269
 785 189 784 786 
201 
 418 269 410 120
 787 484 786 770 
202 
 380 418 155 410
 711 787 712 256 
203 
 101 417 380 418
 153 785 154 712 
204 
 318 181 420 371
 586 302 585 790 
205 
 420 371 394 151
 791 693 790 738 
206 
 419 420 124 394
 788 791 789 203 
207 
 162 318 419 420
 268 586 267 789 
208 
 423 422 369 166
 795 794 796 690 
209 
 320 423 177 369
 589 795 591 295 
210 
 161 421 320 423
 265 793 266 591 
211 
 421 142 423 422
 793 239 792 796 
212 
 425 115 426 265
 801 187 800 802 
213 
 426 265 406 121
 803 476 802 764 
214 
 424 426 156 406
 797 803 798 257 
215 
 103 425 424 426
 159 801 160 798 
216 
 428 276 427 153
 806 497 805 804 
217 
 405 428 156 427
 761 806 763 258 
218 
 172 376 405 428
 285 703 283 763 
219 
 376 167 428 276
 703 275 702 805 
220 
 431 146 432 244
 812 243 811 813 
221 
 432 244 429 148
 814 435 813 807 
222 
 430 432 182 429
 809 814 810 303 
223 
 170 431 430 432
 280 812 281 810 
224 
 363 433 131 307
 676 815 677 216 
225 
 103 424 363 433
 158 799 159 677 
226 
 424 156 433 427
 799 258 797 816 
227 
 433 427 307 153
 815 804 816 564 
228 
 178 434 437 438
 297 818 296 823 
229 
 434 182 438 435
 818 304 817 824 
230 
 438 435 436 160
 825 819 824 821 
231 
 437 438 144 436
 822 825 823 241 
232 
 280 441 191 440
 504 831 506 321 
233 
 208 439 280 441
 362 827 363 506 
234 
 439 212 441 236
 827 374 826 830 
235 
 441 236 440 202
 831 421 830 829 
236 
 443 442 425 115
 834 832 835 800 
237 
 365 443 103 425
 679 834 681 160 
238 
 88 89 365 443
 127 129 126 681 
239 
 89 90 443 442
 129 131 128 835 
240 
 445 296 444 122
 838 540 837 836 
241 
 435 445 160 444
 819 838 820 263 
242 
 182 429 435 445
 304 808 303 820 
243 
 429 148 445 296
 808 244 807 837 
244 
 390 447 101 417
 730 841 731 154 
245 
 42 43 390 447
 58 60 57 731 
246 
 43 44 447 446
 60 62 59 842 
247 
 447 446 417 116
 841 839 842 784 
248 
 448 50 361 51
 844 73 843 672 
249 
 347 448 108 361
 643 844 645 170 
250 
 48 49 347 448
 70 72 69 645 
251 
 49 3 448 50
 72 3 71 843 
252 
 446 449 116 270
 839 845 840 190 
253 
 44 45 446 449
 62 64 61 840 
254 
 45 46 449 346
 64 65 63 846 
255 
 449 346 270 127
 845 642 846 486 
256 
 345 450 127 271
 640 847 641 209 
257 
 108 360 345 450
 168 671 169 641 
258 
 360 128 450 401
 671 211 669 848 
259 
 450 401 271 158
 847 752 848 488 
260 
 452 190 453 273
 852 317 851 854 
261 
 453 273 375 167
 855 491 854 701 
262 
 451 453 187 375
 849 855 850 312 
263 
 207 452 451 453
 358 852 359 850 
264 
 442 454 115 266
 832 856 833 188 
265 
 90 91 442 454
 131 133 130 833 
266 
 91 92 454 349
 133 135 132 857 
267 
 454 349 266 125
 856 648 857 478 
268 
 377 172 456 404
 706 284 704 860 
269 
 456 404 455 173
 861 759 860 858 
270 
 331 456 197 455
 610 861 611 336 
271 
 196 377 331 456
 334 706 335 611 
272 
 459 458 383 175
 865 864 866 717 
273 
 373 459 150 383
 696 865 698 249 
274 
 168 457 373 459
 277 863 278 698 
275 
 457 184 459 458
 863 308 862 866 
276 
 461 186 462 408
 870 311 869 871 
277 
 462 408 460 171
 872 767 871 867 
278 
 336 462 195 460
 621 872 623 331 
279 
 210 461 336 462
 369 870 370 623 
280 
 123 463 246 465
 200 874 201 440 
281 
 463 65 465 66
 874 88 873 877 
282 
 465 66 464 67
 878 89 877 875 
283 
 246 465 102 464
 438 878 440 157 
284 
 294 467 138 466
 536 881 538 233 
285 
 102 464 294 467
 156 876 157 538 
286 
 464 67 467 68
 876 90 875 880 
287 
 467 68 466 69
 881 91 880 879 
288 
 468 472 135 471
 882 890 883 224 
289 
 96 469 468 472
 142 885 143 883 
290 
 469 119 472 470
 885 195 884 889 
291 
 472 470 471 144
 890 886 889 887 
292 
 38 39 473 474
 50 52 49 892 
293 
 39 40 474 389
 52 54 51 895 
294 
 474 389 342 129
 894 728 895 634 
295 
 473 474 97 342
 891 894 892 145 
296 
 476 174 477 309
 899 288 898 901 
297 
 477 309 431 146
 902 567 901 811 
298 
 475 477 170 431
 896 902 897 281 
299 
 183 476 475 477
 306 899 307 897 
300 
 261 480 184 458
 469 907 470 308 
301 
 188 478 261 480
 313 904 314 470 
302 
 478 141 480 479
 904 237 903 908 
303 
 480 479 458 175
 907 905 908 864 
304 
 81 483 80 482
 111 914 112 110 
305 
 82 481 81 483
 113 910 114 112 
306 
 481 96 483 468
 910 142 909 913 
307 
 483 468 482 135
 914 882 913 911 
308 
 485 189 486 278
 918 315 917 920 
309 
 486 278 422 166
 921 500 920 794 
310 
 484 486 142 422
 915 921 916 239 
311 
 176 485 484 486
 292 918 293 916 
312 
 84 85 487 488
 119 121 118 923 
313 
 85 86 488 364
 121 122 120 926 
314 
 488 364 306 131
 925 678 926 562 
315 
 487 488 111 306
 922 925 923 177 
316 
 489 64 463 65
 928 87 927 873 
317 
 311 489 123 463
 571 928 573 201 
318 
 112 290 311 489
 182 528 179 573 
319 
 290 63 489 64
 528 86 526 927 
320 
 176 340 485 492
 293 630 291 919 
321 
 340 152 492 490
 630 252 629 932 
322 
 492 490 491 169
 933 929 932 931 
323 
 485 492 189 491
 917 933 919 316 
324 
 126 493 258 495
 206 935 208 465 
325 
 493 19 495 20
 935 19 934 938 
326 
 495 20 494 21
 939 20 938 937 
327 
 258 495 100 494
 464 939 465 152 
328 
 139 392 496 497
 235 735 234 941 
329 
 392 100 497 494
 735 152 734 943 
330 
 497 494 22 21
 942 937 943 21 
331 
 496 497 23 22
 940 942 941 22 
332 
 98 498 500 501
 148 945 147 949 
333 
 498 134 501 499
 945 222 944 952 
334 
 501 499 12 11
 951 946 952 11 
335 
 500 501 13 12
 948 951 949 12 
336 
 504 503 421 142
 956 955 957 792 
337 
 398 504 161 421
 746 956 748 266 
338 
 113 502 398 504
 184 954 185 748 
339 
 502 130 504 503
 954 215 953 957 
340 
 183 286 476 507
 307 518 305 900 
341 
 286 185 507 505
 518 309 517 961 
342 
 507 505 506 143
 962 958 961 960 
343 
 476 507 174 506
 898 962 900 289 
344 
 508 511 210 461
 963 969 964 370 
345 
 209 509 508 511
 365 967 366 964 
346 
 509 169 511 510
 967 279 966 970 
347 
 511 510 461 186
 969 968 970 869 
348 
 512 466 70 69
 971 879 972 92 
349 
 415 512 71 70
 780 971 781 93 
350 
 110 353 415 512
 175 657 174 781 
351 
 353 138 512 466
 657 233 655 972 
352 
 515 240 513 149
 978 428 977 973 
353 
 514 515 179 513
 975 978 976 298 
354 
 197 455 514 515
 337 859 336 976 
355 
 455 173 515 240
 859 286 858 977 
356 
 152 381 490 516
 252 714 251 930 
357 
 381 155 516 409
 714 255 713 979 
358 
 516 409 510 186
 980 768 979 968 
359 
 490 516 169 510
 929 980 930 279 
360 
 473 97 519 517
 893 146 891 984 
361 
 519 517 518 130
 985 981 984 983 
362 
 37 519 36 518
 46 985 47 45 
363 
 38 473 37 519
 48 893 50 47 
364 
 493 520 19 18
 934 986 936 18 
365 
 126 385 493 520
 208 721 207 936 
366 
 385 114 520 355
 721 186 720 987 
367 
 520 355 18 17
 986 660 987 17 
368 
 521 207 522 451
 989 358 988 992 
369 
 522 451 315 187
 991 849 992 581 
370 
 253 522 201 315
 453 991 455 345 
371 
 215 521 253 522
 379 989 380 455 
372 
 525 524 233 213
 998 996 999 417 
373 
 439 525 212 233
 826 998 828 373 
374 
 208 523 439 525
 363 994 364 828 
375 
 523 209 525 524
 994 367 993 999 
376 
 527 496 24 23
 1002 940 1003 23 
377 
 413 527 25 24
 776 1002 777 24 
378 
 118 526 413 527
 193 1001 194 777 
379 
 526 139 527 496
 1001 235 1000 1003 
380 
 528 133 529 356
 1005 220 1004 1006 
381 
 529 356 384 114
 1007 661 1006 719 
382 
 479 529 175 384
 905 1007 906 290 
383 
 141 528 479 529
 237 1005 238 906 
384 
 487 111 531 530
 924 178 922 1011 
385 
 531 530 481 96
 1010 1008 1011 909 
386 
 83 531 82 481
 115 1010 116 114 
387 
 84 487 83 531
 117 924 119 116 
388 
 534 157 535 532
 1017 259 1016 1020 
389 
 535 532 478 141
 1019 1012 1020 903 
390 
 533 535 188 478
 1014 1019 1015 314 
391 
 164 534 533 535
 272 1017 273 1015 
392 
 536 537 204 251
 1021 1024 1022 349 
393 
 192 367 536 537
 324 686 322 1022 
394 
 367 191 537 440
 686 321 684 1025 
395 
 537 440 251 202
 1024 829 1025 450 
396 
 215 223 521 540
 380 397 377 990 
397 
 223 203 540 538
 397 348 395 1030 
398 
 540 538 539 193
 1031 1026 1030 1028 
399 
 521 540 207 539
 988 1031 990 360 
400 
 541 543 107 542
 1032 1037 1033 166 
401 
 136 396 541 543
 227 743 226 1033 
402 
 396 162 543 419
 743 268 742 1036 
403 
 543 419 542 124
 1037 788 1036 1034 
404 
 545 262 457 184
 1042 471 1041 862 
405 
 544 545 168 457
 1038 1042 1039 278 
406 
 192 536 544 545
 325 1023 324 1039 
407 
 536 204 545 262
 1023 350 1021 1041 
408 
 284 205 547 546
 514 353 512 1046 
409 
 547 546 328 194
 1045 1043 1046 604 
410 
 538 547 193 328
 1026 1045 1027 327 
411 
 203 284 538 547
 348 514 347 1027 
412 
 523 548 209 509
 993 1048 995 366 
413 
 208 279 523 548
 364 503 361 995 
414 
 279 189 548 491
 503 316 501 1047 
415 
 548 491 509 169
 1048 931 1047 966 
416 
 303 549 200 263
 554 1049 556 343 
417 
 206 333 303 549
 355 616 357 556 
418 
 333 164 549 533
 616 272 614 1050 
419 
 549 533 263 188
 1049 1014 1050 472 
420 
 326 178 551 437
 601 297 600 1053 
421 
 551 437 470 144
 1054 822 1053 886 
422 
 550 551 119 470
 1051 1054 1052 195 
423 
 163 326 550 551
 270 601 269 1052 
424 
 287 183 553 475
 521 306 519 1057 
425 
 553 475 552 170
 1058 896 1057 1055 
426 
 546 553 194 552
 1043 1058 1044 329 
427 
 205 287 546 553
 353 521 352 1044 
428 
 517 554 130 503
 981 1060 982 215 
429 
 97 341 517 554
 146 633 144 982 
430 
 341 176 554 484
 633 292 631 1059 
431 
 554 484 503 142
 1060 915 1059 955 
432 
 209 508 524 555
 367 965 365 997 
433 
 508 210 555 335
 965 368 963 1062 
434 
 555 335 230 198
 1061 619 1062 411 
435 
 524 555 213 230
 996 1061 997 375 
436 
 544 168 556 372
 1040 276 1038 1064 
437 
 556 372 317 181
 1063 694 1064 584 
438 
 368 556 177 317
 687 1063 689 294 
439 
 192 544 368 556
 323 1040 325 689 
440 
 559 558 412 118
 1069 1067 1070 774 
441 
 29 559 28 412
 30 1069 31 29 
442 
 30 557 29 559
 32 1066 33 31 
443 
 557 107 559 558
 1066 167 1065 1070 
444 
 199 227 288 561
 340 406 339 523 
445 
 227 198 561 338
 406 338 405 1073 
446 
 561 338 560 165
 1074 626 1073 1071 
447 
 288 561 185 560
 522 1074 523 310 
448 
 552 170 562 430
 1056 280 1055 1075 
449 
 562 430 434 182
 1076 809 1075 817 
450 
 329 562 178 434
 606 1076 607 296 
451 
 194 552 329 562
 328 1056 329 607 
452 
 291 564 132 563
 529 1080 531 218 
453 
 112 310 291 564
 180 570 181 531 
454 
 310 174 564 506
 570 289 568 1079 
455 
 564 506 563 143
 1080 960 1079 1077 
456 
 567 550 565 119
 1085 1051 1084 1081 
457 
 274 567 154 565
 493 1085 495 254 
458 
 190 566 274 567
 318 1083 319 495 
459 
 566 163 567 550
 1083 270 1082 1084 
460 
 207 539 452 568
 359 1029 360 853 
461 
 539 193 568 327
 1029 326 1028 1086 
462 
 568 327 566 163
 1087 602 1086 1082 
463 
 452 568 190 566
 851 1087 853 319 
464 
 569 393 526 139
 1089 736 1088 1000 
465 
 558 569 118 526
 1067 1089 1068 194 
466 
 107 542 558 569
 167 1035 166 1068 
467 
 542 124 569 393
 1035 202 1034 1088 
468 
 332 197 571 514
 613 337 612 1092 
469 
 571 514 570 179
 1093 975 1092 1090 
470 
 534 571 157 570
 1016 1093 1018 260 
471 
 164 332 534 571
 273 613 271 1018 
472 
 98 500 572 573
 149 950 148 1095 
473 
 500 13 573 14
 950 13 948 1096 
474 
 573 14 357 15
 1097 14 1096 663 
475 
 572 573 133 357
 1094 1097 1095 221 
476 
 576 575 574 159
 1100 1099 1101 1098 
477 
 505 576 143 574
 958 1100 959 240 
478 
 185 560 505 576
 309 1072 310 959 
479 
 560 165 576 575
 1072 274 1071 1101 
480 
 579 397 577 136
 1108 744 1107 1102 
481 
 33 579 32 577
 38 1108 39 37 
482 
 34 578 33 579
 40 1105 42 39 
483 
 578 113 579 397
 1105 183 1104 1107 
484 
 580 518 502 130
 1109 983 1110 953 
485 
 578 580 113 502
 1104 1109 1106 185 
486 
 34 35 578 580
 42 44 41 1106 
487 
 35 36 580 518
 44 45 43 1110 
488 
 583 140 584 581
 1115 236 1114 1117 
489 
 584 581 8 7
 1116 1111 1117 7 
490 
 582 584 9 8
 1112 1116 1113 8 
491 
 105 583 582 584
 163 1115 164 1113 
492 
 134 585 499 586
 222 1119 223 947 
493 
 585 105 586 582
 1119 163 1118 1121 
494 
 586 582 10 9
 1120 1112 1121 9 
495 
 499 586 11 10
 946 1120 947 10 
496 
 589 588 575 159
 1126 1125 1127 1099 
497 
 337 589 165 575
 624 1126 625 274 
498 
 195 587 337 589
 330 1123 332 625 
499 
 587 180 589 588
 1123 300 1122 1127 
500 
 137 590 592 593
 229 1129 228 1133 
501 
 590 57 593 58
 1129 80 1128 1135 
502 
 593 58 591 59
 1136 81 1135 1131 
503 
 592 593 99 591
 1132 1136 1133 150 
504 
 179 513 595 596
 299 974 298 1140 
505 
 513 149 596 594
 974 246 973 1142 
506 
 596 594 585 105
 1141 1137 1142 1118 
507 
 595 596 134 585
 1139 1141 1140 223 
508 
 570 179 598 595
 1091 299 1090 1147 
509 
 598 595 498 134
 1146 1139 1147 944 
510 
 597 598 98 498
 1143 1146 1144 147 
511 
 157 570 597 598
 261 1091 260 1144 
512 
 530 599 96 469
 1008 1148 1009 143 
513 
 111 305 530 599
 178 561 176 1009 
514 
 305 154 599 565
 561 254 559 1149 
515 
 599 565 469 119
 1148 1081 1149 884 
516 
 532 600 141 528
 1012 1150 1013 238 
517 
 157 597 532 600
 259 1145 261 1013 
518 
 597 98 600 572
 1145 149 1143 1151 
519 
 600 572 528 133
 1150 1094 1151 1004 
520 
 109 387 220 601
 171 725 172 390 
521 
 387 5 601 6
 725 5 724 1152 
522 
 601 6 581 7
 1153 6 1152 1111 
523 
 220 601 140 581
 389 1153 390 236 
524 
 577 136 602 541
 1103 227 1102 1154 
525 
 602 541 557 107
 1155 1032 1154 1065 
526 
 31 602 30 557
 34 1155 35 33 
527 
 32 577 31 602
 36 1103 37 35 
528 
 128 359 402 604
 212 668 210 756 
529 
 359 53 604 54
 668 76 667 1157 
530 
 604 54 603 55
 1158 77 1157 1156 
531 
 402 604 104 603
 754 1158 756 162 
532 
 137 605 590 606
 228 1160 230 1130 
533 
 605 104 606 603
 1160 162 1159 1163 
534 
 606 603 56 55
 1162 1156 1163 78 
535 
 590 606 57 56
 1128 1162 1130 79 
536 
 607 609 117 608
 1164 1169 1165 191 
537 
 135 471 607 609
 225 888 224 1165 
538 
 471 144 609 436
 888 241 887 1168 
539 
 609 436 608 160
 1169 821 1168 1166 
540 
 611 323 610 147
 1172 595 1171 1170 
541 
 587 611 180 610
 1122 1172 1124 301 
542 
 195 460 587 611
 332 868 331 1124 
543 
 460 171 611 323
 868 282 867 1171 
544 
 612 180 613 610
 1174 301 1173 1177 
545 
 613 610 400 147
 1176 1170 1177 751 
546 
 605 613 104 400
 1159 1176 1161 161 
547 
 137 612 605 613
 230 1174 231 1161 
548 
 117 608 614 615
 192 1167 191 1179 
549 
 608 160 615 444
 1167 263 1166 1181 
550 
 615 444 352 122
 1180 836 1181 654 
551 
 614 615 106 352
 1178 1180 1179 165 
552 
 612 617 180 588
 1173 1183 1175 300 
553 
 137 592 612 617
 231 1134 229 1175 
554 
 592 99 617 616
 1134 151 1132 1184 
555 
 617 616 588 159
 1183 1182 1184 1125 
556 
 482 135 619 607
 912 225 911 1187 
557 
 619 607 618 117
 1188 1164 1187 1185 
558 
 79 619 78 618
 107 1188 108 106 
559 
 80 482 79 619
 109 912 110 108 
560 
 621 591 60 59
 1192 1131 1193 82 
561 
 292 621 61 60
 532 1192 533 83 
562 
 132 620 292 621
 217 1190 219 533 
563 
 620 99 621 591
 1190 150 1189 1193 
564 
 622 217 583 140
 1195 384 1194 1114 
565 
 594 622 105 583
 1137 1195 1138 164 
566 
 149 239 594 622
 246 427 245 1138 
567 
 239 145 622 217
 427 242 426 1194 
568 
 563 143 623 574
 1078 240 1077 1196 
569 
 623 574 616 159
 1197 1098 1196 1182 
570 
 620 623 99 616
 1189 1197 1191 151 
571 
 132 563 620 623
 219 1078 218 1191 
572 
 78 618 77 624
 105 1186 106 104 
573 
 618 117 624 614
 1186 192 1185 1199 
574 
 624 614 299 106
 1198 1178 1199 546 
575 
 77 624 76 299
 103 1198 104 102 
