52 1 2 134 92 93
53 1 2 136 93 94
54 2 1 16 16 17
57 2 1 15 15 16
58 1 2 138 94 95
59 2 1 0 0 4
59 1 2 140 95 0
60 2 1 4 4 5
70 1 2 132 91 92
78 2 3 11 12 11
79 2 3 12 13 12
85 2 3 17 18 17
118 2 1 13 13 14
119 2 1 14 14 15
124 2 3 7 8 7
125 2 3 8 9 8
127 2 3 9 10 9
128 2 3 10 11 10
139 2 1 5 5 6
140 2 1 6 6 7
253 0 3 1340 63 695
254 0 3 1341 695 62
265 0 3 1338 62 694
266 0 3 1339 694 61
287 1 2 1366 74 708
288 1 2 1367 708 75
291 1 2 1370 75 710
292 1 2 1371 710 76
435 3 0 1302 47 676
437 3 0 1303 676 46
439 3 0 1306 48 678
441 3 0 1307 678 47
460 0 1 1320 52 685
462 0 1 1321 685 53
472 0 1 1318 51 684
474 0 1 1319 684 52
483 1 0 1416 87 733
485 1 0 1417 733 86
487 1 0 1420 88 735
489 1 0 1421 735 87
579 3 2 1276 40 663
580 3 2 1277 663 41
583 3 2 1280 41 665
584 3 2 1281 665 42
669 2 3 1220 26 635
670 2 3 1221 635 25
671 3 0 1222 27 636
673 3 0 1223 636 1
673 2 3 1200 1 625
674 2 3 1201 625 26
675 3 0 1226 28 638
677 3 0 1227 638 27
683 1 0 1364 74 707
685 1 0 1365 707 73
693 0 3 1358 72 704
694 0 3 1359 704 71
695 1 0 1360 73 705
697 1 0 1361 705 2
697 0 3 1202 2 626
698 0 3 1203 626 72
819 1 2 1422 88 736
820 1 2 1423 736 89
823 1 2 1426 89 738
824 1 2 1427 738 90
847 3 2 1284 42 667
848 3 2 1285 667 43
851 3 2 1288 43 669
852 3 2 1289 669 44
860 0 1 1316 50 683
862 0 1 1317 683 51
867 3 2 1308 48 679
868 3 2 1309 679 49
871 3 2 1312 49 681
872 0 1 1204 3 627
872 3 2 1313 681 3
874 0 1 1205 627 50
879 3 2 1292 44 671
880 3 2 1293 671 45
883 3 2 1296 45 673
884 3 2 1297 673 46
927 1 2 1430 90 740
928 1 2 1431 740 91
968 0 1 1346 65 698
970 0 1 1347 698 66
972 0 1 1348 66 699
974 0 1 1349 699 67
988 0 1 1350 67 700
990 0 1 1351 700 68
992 0 1 1352 68 701
994 0 1 1353 701 69
1011 3 2 1268 38 659
1012 3 2 1269 659 39
1015 3 2 1272 39 661
1016 3 2 1273 661 40
1059 1 0 1392 81 721
1061 1 0 1393 721 80
1063 1 0 1396 82 723
1065 1 0 1397 723 81
1091 1 2 1406 84 728
1092 1 2 1407 728 85
1095 1 2 1410 85 730
1096 1 2 1411 730 86
1108 0 1 1344 64 697
1110 0 1 1345 697 65
1120 0 1 1342 63 696
1122 0 1 1343 696 64
1144 2 1 1208 19 629
1146 2 1 1209 629 20
1148 2 1 1210 20 630
1150 2 1 1211 630 21
1165 2 3 1212 22 631
1166 2 3 1213 631 21
1169 2 3 1214 23 632
1170 2 3 1215 632 22
1205 0 3 1354 70 702
1206 0 3 1355 702 69
1209 0 3 1356 71 703
1210 0 3 1357 703 70
1259 3 0 1262 37 656
1261 3 0 1263 656 36
1263 3 0 1266 38 658
1265 3 0 1267 658 37
1269 2 3 1206 19 628
1270 2 3 1207 628 18
1281 2 3 1216 24 633
1282 2 3 1217 633 23
1285 2 3 1218 25 634
1286 2 3 1219 634 24
1311 1 0 1400 83 725
1313 1 0 1401 725 82
1315 1 0 1404 84 727
1317 1 0 1405 727 83
1459 3 0 1230 29 640
1461 3 0 1231 640 28
1463 3 0 1234 30 642
1465 3 0 1235 642 29
1575 3 0 1246 33 648
1577 3 0 1247 648 32
1579 3 0 1250 34 650
1581 3 0 1251 650 33
1595 3 2 1252 34 651
1596 3 2 1253 651 35
1599 3 2 1256 35 653
1600 3 2 1257 653 36
1620 0 1 1330 57 690
1622 0 1 1331 690 58
1624 0 1 1332 58 691
1626 0 1 1333 691 59
1687 3 0 1238 31 644
1689 3 0 1239 644 30
1691 3 0 1242 32 646
1693 3 0 1243 646 31
1700 0 1 1322 53 686
1702 0 1 1323 686 54
1704 0 1 1324 54 687
1706 0 1 1325 687 55
1721 0 3 1326 56 688
1722 0 3 1327 688 55
1725 0 3 1328 57 689
1726 0 3 1329 689 56
1807 1 0 1384 79 717
1809 1 0 1385 717 78
1811 1 0 1388 80 719
1813 1 0 1389 719 79
1817 0 3 1334 60 692
1818 0 3 1335 692 59
1821 0 3 1336 61 693
1822 0 3 1337 693 60
1847 1 0 1380 78 715
1849 1 0 1381 715 77
1859 1 0 1376 77 713
1861 1 0 1377 713 76
