Grid_size  1863
vertices_size  1991
Edge_size  4790
total_DOF  5973
Face_Vertex_Edge 
0 
 221 220 217 140
 391 389 392 384 
1 
 218 221 145 217
 385 391 386 242 
2 
 125 219 218 221
 204 388 205 386 
3 
 219 109 221 220
 388 171 387 392 
4 
 226 225 222 211
 403 401 404 393 
5 
 223 226 203 222
 395 403 396 346 
6 
 215 224 223 226
 377 399 378 396 
7 
 224 216 226 225
 399 381 398 404 
8 
 231 230 227 198
 412 411 413 405 
9 
 228 231 199 227
 407 412 408 339 
10 
 211 229 228 231
 371 410 372 408 
11 
 229 213 231 230
 410 375 409 413 
12 
 225 234 211 229
 401 418 402 372 
13 
 216 232 225 234
 381 415 382 402 
14 
 232 212 234 233
 415 373 414 419 
15 
 234 233 229 213
 418 417 419 409 
16 
 237 214 238 235
 423 376 422 424 
17 
 238 235 236 202
 425 420 424 421 
18 
 232 238 212 236
 414 425 416 374 
19 
 216 237 232 238
 382 423 383 416 
20 
 243 242 239 145
 433 432 434 426 
21 
 241 121 243 242
 431 198 430 434 
22 
 249 252 214 235
 445 451 446 376 
23 
 200 250 249 252
 341 448 342 446 
24 
 250 204 252 251
 448 349 447 452 
25 
 252 251 235 202
 451 450 452 420 
26 
 224 255 216 237
 398 457 400 383 
27 
 215 253 224 255
 378 454 379 400 
28 
 253 201 255 254
 454 344 453 458 
29 
 255 254 237 214
 457 456 458 422 
30 
 267 218 242 145
 481 385 480 432 
31 
 265 267 121 242
 476 481 477 198 
32 
 115 266 265 267
 187 479 188 477 
33 
 266 125 267 218
 479 204 478 480 
34 
 203 222 284 285
 347 394 346 513 
35 
 222 211 285 228
 394 371 393 515 
36 
 285 228 283 199
 516 407 515 510 
37 
 284 285 205 283
 512 516 513 351 
38 
 289 288 286 185
 524 522 525 517 
39 
 287 289 183 286
 519 524 520 305 
40 
 205 283 287 289
 352 511 351 520 
41 
 283 199 289 288
 511 340 510 525 
42 
 303 200 304 249
 555 341 554 557 
43 
 304 249 254 214
 558 445 557 456 
44 
 302 304 201 254
 551 558 552 344 
45 
 302 201 316 315
 553 345 551 583 
46 
 335 339 198 338
 619 628 620 338 
47 
 210 336 335 339
 368 622 369 620 
48 
 336 195 339 337
 622 330 621 627 
49 
 339 337 338 165
 628 624 627 626 
50 
 351 350 219 109
 652 650 653 387 
51 
 349 351 125 219
 648 652 649 205 
52 
 92 93 349 351
 135 137 134 649 
53 
 93 94 351 350
 137 139 136 653 
54 
 358 16 355 17
 666 16 665 660 
55 
 356 358 114 355
 661 666 662 186 
56 
 133 357 356 358
 220 664 221 662 
57 
 357 15 358 16
 664 15 663 665 
58 
 94 95 350 388
 139 141 138 651 
59 
 95 0 388 4
 141 0 140 726 
60 
 388 4 387 5
 727 4 726 724 
61 
 350 388 109 387
 650 727 651 172 
62 
 425 115 426 265
 801 187 800 802 
63 
 426 265 406 121
 803 476 802 764 
64 
 424 426 156 406
 797 803 798 257 
65 
 103 425 424 426
 159 801 160 798 
66 
 280 441 191 440
 504 831 506 321 
67 
 208 439 280 441
 362 827 363 506 
68 
 439 212 441 236
 827 374 826 830 
69 
 441 236 440 202
 831 421 830 829 
70 
 91 92 454 349
 133 135 132 857 
71 
 454 349 266 125
 856 648 857 478 
72 
 461 186 462 408
 870 311 869 871 
73 
 462 408 460 171
 872 767 871 867 
74 
 336 462 195 460
 621 872 623 331 
75 
 210 461 336 462
 369 870 370 623 
76 
 98 498 500 501
 148 945 147 949 
77 
 498 134 501 499
 945 222 944 952 
78 
 501 499 12 11
 951 946 952 11 
79 
 500 501 13 12
 948 951 949 12 
80 
 286 185 507 505
 518 309 517 961 
81 
 508 511 210 461
 963 969 964 370 
82 
 209 509 508 511
 365 967 366 964 
83 
 511 510 461 186
 969 968 970 869 
84 
 385 114 520 355
 721 186 720 987 
85 
 520 355 18 17
 986 660 987 17 
86 
 521 207 522 451
 989 358 988 992 
87 
 253 522 201 315
 453 991 455 345 
88 
 215 521 253 522
 379 989 380 455 
89 
 525 524 233 213
 998 996 999 417 
90 
 439 525 212 233
 826 998 828 373 
91 
 208 523 439 525
 363 994 364 828 
92 
 523 209 525 524
 994 367 993 999 
93 
 528 133 529 356
 1005 220 1004 1006 
94 
 529 356 384 114
 1007 661 1006 719 
95 
 367 191 537 440
 686 321 684 1025 
96 
 537 440 251 202
 1024 829 1025 450 
97 
 215 223 521 540
 380 397 377 990 
98 
 223 203 540 538
 397 348 395 1030 
99 
 540 538 539 193
 1031 1026 1030 1028 
100 
 521 540 207 539
 988 1031 990 360 
101 
 284 205 547 546
 514 353 512 1046 
102 
 547 546 328 194
 1045 1043 1046 604 
103 
 538 547 193 328
 1026 1045 1027 327 
104 
 203 284 538 547
 348 514 347 1027 
105 
 523 548 209 509
 993 1048 995 366 
106 
 208 279 523 548
 364 503 361 995 
107 
 287 183 553 475
 521 306 519 1057 
108 
 205 287 546 553
 353 521 352 1044 
109 
 209 508 524 555
 367 965 365 997 
110 
 508 210 555 335
 965 368 963 1062 
111 
 555 335 230 198
 1061 619 1062 411 
112 
 524 555 213 230
 996 1061 997 375 
113 
 199 227 288 561
 340 406 339 523 
114 
 227 198 561 338
 406 338 405 1073 
115 
 561 338 560 165
 1074 626 1073 1071 
116 
 288 561 185 560
 522 1074 523 310 
117 
 98 500 572 573
 149 950 148 1095 
118 
 500 13 573 14
 950 13 948 1096 
119 
 573 14 357 15
 1097 14 1096 663 
120 
 572 573 133 357
 1094 1097 1095 221 
121 
 576 575 574 159
 1100 1099 1101 1098 
122 
 185 560 505 576
 309 1072 310 959 
123 
 560 165 576 575
 1072 274 1071 1101 
124 
 584 581 8 7
 1116 1111 1117 7 
125 
 582 584 9 8
 1112 1116 1113 8 
126 
 134 585 499 586
 222 1119 223 947 
127 
 586 582 10 9
 1120 1112 1121 9 
128 
 499 586 11 10
 946 1120 947 10 
129 
 589 588 575 159
 1126 1125 1127 1099 
130 
 337 589 165 575
 624 1126 625 274 
131 
 195 587 337 589
 330 1123 332 625 
132 
 587 180 589 588
 1123 300 1122 1127 
133 
 513 149 596 594
 974 246 973 1142 
134 
 596 594 585 105
 1141 1137 1142 1118 
135 
 595 596 134 585
 1139 1141 1140 223 
136 
 598 595 498 134
 1146 1139 1147 944 
137 
 600 572 528 133
 1150 1094 1151 1004 
138 
 109 387 220 601
 171 725 172 390 
139 
 387 5 601 6
 725 5 724 1152 
140 
 601 6 581 7
 1153 6 1152 1111 
141 
 195 460 587 611
 332 868 331 1124 
142 
 460 171 611 323
 868 282 867 1171 
143 
 622 217 583 140
 1195 384 1194 1114 
144 
 594 622 105 583
 1137 1195 1138 164 
145 
 149 239 594 622
 246 427 245 1138 
146 
 239 145 622 217
 427 242 426 1194 
147 
 240 934 933 1562
 1816 3074 1818 3076 
148 
 934 243 1562 937
 3074 1824 1819 3077 
149 
 933 1562 149 833
 1817 3075 3076 1616 
150 
 1562 937 833 239
 3075 1825 3077 1617 
151 
 173 873 872 1563
 1694 3078 1696 3080 
152 
 873 241 1563 936
 3078 1822 1697 3081 
153 
 872 1563 240 934
 1695 3079 3080 1818 
154 
 1563 936 934 243
 3079 1823 3081 1819 
155 
 248 947 946 1564
 1842 3082 1844 3084 
156 
 947 247 1564 944
 3082 1838 1845 3085 
157 
 946 1564 244 938
 1843 3083 3084 1826 
158 
 1564 944 938 148
 3083 1839 3085 1827 
159 
 245 940 939 1565
 1828 3086 1830 3088 
160 
 940 248 1565 946
 3086 1842 1831 3089 
161 
 939 1565 146 831
 1829 3087 3088 1612 
162 
 1565 946 831 244
 3087 1843 3089 1613 
163 
 123 795 794 1566
 1538 3090 1540 3092 
164 
 795 246 1566 942
 3090 1834 1541 3093 
165 
 794 1566 245 940
 1539 3091 3092 1830 
166 
 1566 942 940 248
 3091 1835 3093 1831 
167 
 246 941 942 1567
 1834 3094 1832 3096 
168 
 941 102 1567 755
 3094 1460 1833 3097 
169 
 942 1567 248 947
 1835 3095 3096 1844 
170 
 1567 755 947 247
 3095 1461 3097 1845 
171 
 256 951 950 1568
 1850 3098 1852 3100 
172 
 951 260 1568 959
 3098 1868 1853 3101 
173 
 950 1568 151 837
 1851 3099 3100 1624 
174 
 1568 959 837 259
 3099 1869 3101 1625 
175 
 150 835 834 1569
 1618 3102 1620 3104 
176 
 835 257 1569 953
 3102 1856 1621 3105 
177 
 834 1569 256 951
 1619 3103 3104 1852 
178 
 1569 953 951 260
 3103 1857 3105 1853 
179 
 257 952 953 1570
 1856 3106 1854 3108 
180 
 952 126 1570 799
 3106 1548 1855 3109 
181 
 953 1570 260 958
 1857 3107 3108 1866 
182 
 1570 799 958 258
 3107 1549 3109 1867 
183 
 260 958 959 1571
 1868 3110 1866 3112 
184 
 958 258 1571 955
 3110 1860 1867 3113 
185 
 959 1571 259 957
 1869 3111 3112 1864 
186 
 1571 955 957 100
 3111 1861 3113 1865 
187 
 263 963 964 1572
 1878 3114 1876 3116 
188 
 963 188 1572 897
 3114 1744 1877 3117 
189 
 964 1572 264 965
 1879 3115 3116 1880 
190 
 1572 897 965 261
 3115 1745 3117 1881 
191 
 264 965 966 1573
 1882 3118 1880 3120 
192 
 965 261 1573 960
 3118 1870 1881 3121 
193 
 966 1573 262 962
 1883 3119 3120 1874 
194 
 1573 960 962 184
 3119 1871 3121 1875 
195 
 250 949 948 1574
 1846 3122 1848 3124 
196 
 949 264 1574 966
 3122 1882 1849 3125 
197 
 948 1574 204 921
 1847 3123 3124 1792 
198 
 1574 966 921 262
 3123 1883 3125 1793 
199 
 200 919 918 1575
 1786 3126 1788 3128 
200 
 919 263 1575 964
 3126 1878 1789 3129 
201 
 918 1575 250 949
 1787 3127 3128 1848 
202 
 1575 964 949 264
 3127 1879 3129 1849 
203 
 272 975 974 1576
 1898 3130 1900 3132 
204 
 975 271 1576 973
 3130 1896 1901 3133 
205 
 974 1576 268 967
 1899 3131 3132 1884 
206 
 1576 973 967 158
 3131 1897 3133 1885 
207 
 269 970 969 1577
 1888 3134 1890 3136 
208 
 970 272 1577 974
 3134 1898 1891 3137 
209 
 969 1577 120 792
 1889 3135 3136 1534 
210 
 1577 974 792 268
 3135 1899 3137 1535 
211 
 116 786 785 1578
 1520 3138 1522 3140 
212 
 786 270 1578 972
 3138 1894 1523 3141 
213 
 785 1578 269 970
 1521 3139 3140 1890 
214 
 1578 972 970 272
 3139 1895 3141 1891 
215 
 270 971 972 1579
 1894 3142 1892 3144 
216 
 971 127 1579 802
 3142 1554 1893 3145 
217 
 972 1579 272 975
 1895 3143 3144 1900 
218 
 1579 802 975 271
 3143 1555 3145 1901 
219 
 273 977 976 1580
 1902 3146 1904 3148 
220 
 977 277 1580 984
 3146 1918 1905 3149 
221 
 976 1580 167 861
 1903 3147 3148 1672 
222 
 1580 984 861 276
 3147 1919 3149 1673 
223 
 190 902 901 1581
 1752 3150 1754 3152 
224 
 902 274 1581 979
 3150 1908 1755 3153 
225 
 901 1581 273 977
 1753 3151 3152 1904 
226 
 1581 979 977 277
 3151 1909 3153 1905 
227 
 274 978 979 1582
 1908 3154 1906 3156 
228 
 978 154 1582 840
 3154 1630 1907 3157 
229 
 979 1582 277 983
 1909 3155 3156 1916 
230 
 1582 840 983 275
 3155 1631 3157 1917 
231 
 277 983 984 1583
 1918 3158 1916 3160 
232 
 983 275 1583 981
 3158 1912 1917 3161 
233 
 984 1583 276 982
 1919 3159 3160 1914 
234 
 1583 981 982 153
 3159 1913 3161 1915 
235 
 282 993 992 1584
 1934 3162 1936 3164 
236 
 993 281 1584 991
 3162 1932 1937 3165 
237 
 992 1584 278 985
 1935 3163 3164 1920 
238 
 1584 991 985 166
 3163 1933 3165 1921 
239 
 279 987 986 1585
 1922 3166 1924 3168 
240 
 987 282 1585 992
 3166 1934 1925 3169 
241 
 986 1585 189 899
 1923 3167 3168 1748 
242 
 1585 992 899 278
 3167 1935 3169 1749 
243 
 208 930 929 1586
 1808 3170 1810 3172 
244 
 930 280 1586 990
 3170 1930 1811 3173 
245 
 929 1586 279 987
 1809 3171 3172 1924 
246 
 1586 990 987 282
 3171 1931 3173 1925 
247 
 280 989 990 1587
 1930 3174 1928 3176 
248 
 989 191 1587 904
 3174 1758 1929 3177 
249 
 990 1587 282 993
 1931 3175 3176 1936 
250 
 1587 904 993 281
 3175 1759 3177 1937 
251 
 290 996 995 1588
 1940 3178 1942 3180 
252 
 996 293 1588 1003
 3178 1956 1943 3181 
253 
 995 1588 63 695
 1941 3179 3180 1340 
254 
 1588 1003 695 62
 3179 1957 3181 1341 
255 
 112 778 777 1589
 1504 3182 1506 3184 
256 
 778 291 1589 999
 3182 1948 1507 3185 
257 
 777 1589 290 996
 1505 3183 3184 1942 
258 
 1589 999 996 293
 3183 1949 3185 1943 
259 
 291 998 999 1590
 1948 3186 1946 3188 
260 
 998 132 1590 810
 3186 1570 1947 3189 
261 
 999 1590 293 1004
 1949 3187 3188 1958 
262 
 1590 810 1004 292
 3187 1571 3189 1959 
263 
 293 1004 1003 1591
 1956 3190 1958 3192 
264 
 1004 292 1591 1001
 3190 1952 1959 3193 
265 
 1003 1591 62 694
 1957 3191 3192 1338 
266 
 1591 1001 694 61
 3191 1953 3193 1339 
267 
 102 756 755 1592
 1460 3194 1462 3196 
268 
 756 294 1592 1006
 3194 1962 1463 3197 
269 
 755 1592 247 945
 1461 3195 3196 1840 
270 
 1592 1006 945 297
 3195 1963 3197 1841 
271 
 294 1005 1006 1593
 1962 3198 1960 3200 
272 
 1005 138 1593 821
 3198 1592 1961 3201 
273 
 1006 1593 297 1010
 1963 3199 3200 1970 
274 
 1593 821 1010 295
 3199 1593 3201 1971 
275 
 297 1010 1011 1594
 1972 3202 1970 3204 
276 
 1010 295 1594 1008
 3202 1966 1971 3205 
277 
 1011 1594 296 1009
 1973 3203 3204 1968 
278 
 1594 1008 1009 122
 3203 1967 3205 1969 
279 
 247 945 944 1595
 1838 3206 1840 3208 
280 
 945 297 1595 1011
 3206 1972 1841 3209 
281 
 944 1595 148 832
 1839 3207 3208 1614 
282 
 1595 1011 832 296
 3207 1973 3209 1615 
283 
 298 1013 1012 1596
 1974 3210 1976 3212 
284 
 1013 301 1596 1019
 3210 1988 1977 3213 
285 
 1012 1596 110 771
 1975 3211 3212 1492 
286 
 1596 1019 771 300
 3211 1989 3213 1493 
287 
 74 708 709 1597
 1368 3214 1366 3216 
288 
 708 75 1597 711
 3214 1372 1367 3217 
289 
 709 1597 298 1013
 1369 3215 3216 1976 
290 
 1597 711 1013 301
 3215 1373 3217 1977 
291 
 75 710 711 1598
 1372 3218 1370 3220 
292 
 710 76 1598 712
 3218 1374 1371 3221 
293 
 711 1598 301 1018
 1373 3219 3220 1986 
294 
 1598 712 1018 299
 3219 1375 3221 1987 
295 
 301 1018 1019 1599
 1988 3222 1986 3224 
296 
 1018 299 1599 1015
 3222 1980 1987 3225 
297 
 1019 1599 300 1016
 1989 3223 3224 1982 
298 
 1599 1015 1016 106
 3223 1981 3225 1983 
299 
 206 923 922 1600
 1794 3226 1796 3228 
300 
 923 303 1600 1023
 3226 1996 1797 3229 
301 
 922 1600 302 1020
 1795 3227 3228 1990 
302 
 1600 1023 1020 304
 3227 1997 3229 1991 
303 
 308 1032 1031 1601
 2012 3230 2014 3232 
304 
 1032 307 1601 1030
 3230 2010 2015 3233 
305 
 1031 1601 275 981
 2013 3231 3232 1912 
306 
 1601 1030 981 153
 3231 2011 3233 1913 
307 
 305 1026 1025 1602
 2000 3234 2002 3236 
308 
 1026 308 1602 1031
 3234 2012 2003 3237 
309 
 1025 1602 154 840
 2001 3235 3236 1630 
310 
 1602 1031 840 275
 3235 2013 3237 1631 
311 
 111 775 774 1603
 1498 3238 1500 3240 
312 
 775 306 1603 1029
 3238 2008 1501 3241 
313 
 774 1603 305 1026
 1499 3239 3240 2002 
314 
 1603 1029 1026 308
 3239 2009 3241 2003 
315 
 306 1028 1029 1604
 2008 3242 2006 3244 
316 
 1028 131 1604 809
 3242 1568 2007 3245 
317 
 1029 1604 308 1032
 2009 3243 3244 2014 
318 
 1604 809 1032 307
 3243 1569 3245 2015 
319 
 312 1040 1041 1605
 2032 3246 2030 3248 
320 
 1040 245 1605 939
 3246 1828 2031 3249 
321 
 1041 1605 309 1033
 2033 3247 3248 2016 
322 
 1605 939 1033 146
 3247 1829 3249 2017 
323 
 310 1035 1034 1606
 2018 3250 2020 3252 
324 
 1035 312 1606 1041
 3250 2032 2021 3253 
325 
 1034 1606 174 874
 2019 3251 3252 1698 
326 
 1606 1041 874 309
 3251 2033 3253 1699 
327 
 112 780 779 1607
 1508 3254 1510 3256 
328 
 780 311 1607 1038
 3254 2026 1511 3257 
329 
 779 1607 310 1035
 1509 3255 3256 2020 
330 
 1607 1038 1035 312
 3255 2027 3257 2021 
331 
 311 1037 1038 1608
 2026 3258 2024 3260 
332 
 1037 123 1608 794
 3258 1538 2025 3261 
333 
 1038 1608 312 1040
 2027 3259 3260 2030 
334 
 1608 794 1040 245
 3259 1539 3261 2031 
335 
 316 1049 1048 1609
 2046 3262 2048 3264 
336 
 1049 315 1609 1047
 3262 2044 2049 3265 
337 
 1048 1609 313 1042
 2047 3263 3264 2034 
338 
 1609 1047 1042 187
 3263 2045 3265 2035 
339 
 314 1045 1044 1610
 2038 3266 2040 3268 
340 
 1045 316 1610 1048
 3266 2046 2041 3269 
341 
 1044 1610 196 913
 2039 3267 3268 1776 
342 
 1610 1048 913 313
 3267 2047 3269 1777 
343 
 206 922 924 1611
 1798 3270 1794 3272 
344 
 922 302 1611 1021
 3270 1992 1795 3273 
345 
 924 1611 314 1045
 1799 3271 3272 2040 
346 
 1611 1021 1045 316
 3271 1993 3273 2041 
347 
 320 1055 1056 1612
 2062 3274 2060 3276 
348 
 1055 177 1612 880
 3274 1710 2061 3277 
349 
 1056 1612 321 1058
 2063 3275 3276 2066 
350 
 1612 880 1058 317
 3275 1711 3277 2067 
351 
 321 1058 1059 1613
 2068 3278 2066 3280 
352 
 1058 317 1613 1050
 3278 2050 2067 3281 
353 
 1059 1613 318 1051
 2069 3279 3280 2052 
354 
 1613 1050 1051 181
 3279 2051 3281 2053 
355 
 319 1054 1053 1614
 2056 3282 2058 3284 
356 
 1054 321 1614 1059
 3282 2068 2059 3285 
357 
 1053 1614 162 854
 2057 3283 3284 1658 
358 
 1614 1059 854 318
 3283 2069 3285 1659 
359 
 161 852 851 1615
 1652 3286 1654 3288 
360 
 852 320 1615 1056
 3286 2062 1655 3289 
361 
 851 1615 319 1054
 1653 3287 3288 2058 
362 
 1615 1056 1054 321
 3287 2063 3289 2059 
363 
 120 792 793 1616
 1536 3290 1534 3292 
364 
 792 268 1616 968
 3290 1886 1535 3293 
365 
 793 1616 324 1063
 1537 3291 3292 2076 
366 
 1616 968 1063 325
 3291 1887 3293 2077 
367 
 268 967 968 1617
 1886 3294 1884 3296 
368 
 967 158 1617 849
 3294 1648 1885 3297 
369 
 968 1617 325 1064
 1887 3295 3296 2078 
370 
 1617 849 1064 322
 3295 1649 3297 2079 
371 
 325 1064 1065 1618
 2080 3298 2078 3300 
372 
 1064 322 1618 1060
 3298 2070 2079 3301 
373 
 1065 1618 323 1061
 2081 3299 3300 2072 
374 
 1618 1060 1061 147
 3299 2071 3301 2073 
375 
 324 1063 1062 1619
 2074 3302 2076 3304 
376 
 1063 325 1619 1065
 3302 2080 2077 3305 
377 
 1062 1619 171 868
 2075 3303 3304 1686 
378 
 1619 1065 868 323
 3303 2081 3305 1687 
379 
 330 1075 1074 1620
 2098 3306 2100 3308 
380 
 1075 329 1620 1072
 3306 2094 2101 3309 
381 
 1074 1620 326 1066
 2099 3307 3308 2082 
382 
 1620 1072 1066 178
 3307 2095 3309 2083 
383 
 327 1069 1068 1621
 2086 3310 2088 3312 
384 
 1069 330 1621 1074
 3310 2098 2089 3313 
385 
 1068 1621 163 856
 2087 3311 3312 1662 
386 
 1621 1074 856 326
 3311 2099 3313 1663 
387 
 193 910 909 1622
 1768 3314 1770 3316 
388 
 910 328 1622 1071
 3314 2092 1771 3317 
389 
 909 1622 327 1069
 1769 3315 3316 2088 
390 
 1622 1071 1069 330
 3315 2093 3317 2089 
391 
 328 1070 1071 1623
 2092 3318 2090 3320 
392 
 1070 194 1623 911
 3318 1772 2091 3321 
393 
 1071 1623 330 1075
 2093 3319 3320 2100 
394 
 1623 911 1075 329
 3319 1773 3321 2101 
395 
 206 924 925 1624
 1800 3322 1798 3324 
396 
 924 314 1624 1046
 3322 2042 1799 3325 
397 
 925 1624 333 1081
 1801 3323 3324 2112 
398 
 1624 1046 1081 334
 3323 2043 3325 2113 
399 
 314 1044 1046 1625
 2042 3326 2038 3328 
400 
 1044 196 1625 914
 3326 1778 2039 3329 
401 
 1046 1625 334 1083
 2043 3327 3328 2116 
402 
 1625 914 1083 331
 3327 1779 3329 2117 
403 
 334 1083 1084 1626
 2118 3330 2116 3332 
404 
 1083 331 1626 1076
 3330 2102 2117 3333 
405 
 1084 1626 332 1078
 2119 3331 3332 2106 
406 
 1626 1076 1078 197
 3331 2103 3333 2107 
407 
 333 1081 1080 1627
 2110 3334 2112 3336 
408 
 1081 334 1627 1084
 3334 2118 2113 3337 
409 
 1080 1627 164 858
 2111 3335 3336 1666 
410 
 1627 1084 858 332
 3335 2119 3337 1667 
411 
 344 1095 1094 1628
 2138 3338 2140 3340 
412 
 1095 343 1628 1092
 3338 2134 2141 3341 
413 
 1094 1628 340 1085
 2139 3339 3340 2120 
414 
 1628 1092 1085 152
 3339 2135 3341 2121 
415 
 341 1088 1087 1629
 2124 3342 2126 3344 
416 
 1088 344 1629 1094
 3342 2138 2127 3345 
417 
 1087 1629 176 877
 2125 3343 3344 1704 
418 
 1629 1094 877 340
 3343 2139 3345 1705 
419 
 97 746 745 1630
 1440 3346 1442 3348 
420 
 746 342 1630 1091
 3346 2132 1443 3349 
421 
 745 1630 341 1088
 1441 3347 3348 2126 
422 
 1630 1091 1088 344
 3347 2133 3349 2127 
423 
 342 1090 1091 1631
 2132 3350 2130 3352 
424 
 1090 129 1631 806
 3350 1562 2131 3353 
425 
 1091 1631 344 1095
 2133 3351 3352 2140 
426 
 1631 806 1095 343
 3351 1563 3353 2141 
427 
 347 1099 1100 1632
 2150 3354 2148 3356 
428 
 1099 108 1632 768
 3354 1486 2149 3357 
429 
 1100 1632 348 1102
 2151 3355 3356 2154 
430 
 1632 768 1102 345
 3355 1487 3357 2155 
431 
 348 1102 1103 1633
 2156 3358 2154 3360 
432 
 1102 345 1633 1096
 3358 2142 2155 3361 
433 
 1103 1633 346 1098
 2157 3359 3360 2146 
434 
 1633 1096 1098 127
 3359 2143 3361 2147 
435 
 47 677 676 1634
 1302 3362 1304 3364 
436 
 677 348 1634 1103
 3362 2156 1305 3365 
437 
 676 1634 46 675
 1303 3363 3364 1300 
438 
 1634 1103 675 346
 3363 2157 3365 1301 
439 
 48 680 678 1635
 1306 3366 1310 3368 
440 
 680 347 1635 1100
 3366 2150 1311 3369 
441 
 678 1635 47 677
 1307 3367 3368 1304 
442 
 1635 1100 677 348
 3367 2151 3369 1305 
443 
 300 1016 1017 1636
 1984 3370 1982 3372 
444 
 1016 106 1636 765
 3370 1480 1983 3373 
445 
 1017 1636 354 1109
 1985 3371 3372 2168 
446 
 1636 765 1109 352
 3371 1481 3373 2169 
447 
 354 1109 1108 1637
 2166 3374 2168 3376 
448 
 1109 352 1637 1104
 3374 2158 2169 3377 
449 
 1108 1637 295 1008
 2167 3375 3376 1966 
450 
 1637 1104 1008 122
 3375 2159 3377 1967 
451 
 353 1106 1105 1638
 2160 3378 2162 3380 
452 
 1106 354 1638 1108
 3378 2166 2163 3381 
453 
 1105 1638 138 821
 2161 3379 3380 1592 
454 
 1638 1108 821 295
 3379 2167 3381 1593 
455 
 110 771 772 1639
 1494 3382 1492 3384 
456 
 771 300 1639 1017
 3382 1984 1493 3385 
457 
 772 1639 353 1106
 1495 3383 3384 2162 
458 
 1639 1017 1106 354
 3383 1985 3385 2163 
459 
 362 1117 1118 1640
 2186 3386 2184 3388 
460 
 1117 52 1640 685
 3386 1320 2185 3389 
461 
 1118 1640 359 1110
 2187 3387 3388 2170 
462 
 1640 685 1110 53
 3387 1321 3389 2171 
463 
 360 1113 1112 1641
 2174 3390 2176 3392 
464 
 1113 362 1641 1118
 3390 2186 2177 3393 
465 
 1112 1641 128 803
 2175 3391 3392 1556 
466 
 1641 1118 803 359
 3391 2187 3393 1557 
467 
 108 770 769 1642
 1488 3394 1490 3396 
468 
 770 361 1642 1116
 3394 2182 1491 3397 
469 
 769 1642 360 1113
 1489 3395 3396 2176 
470 
 1642 1116 1113 362
 3395 2183 3397 2177 
471 
 361 1115 1116 1643
 2182 3398 2180 3400 
472 
 1115 51 1643 684
 3398 1318 2181 3401 
473 
 1116 1643 362 1117
 2183 3399 3400 2184 
474 
 1643 684 1117 52
 3399 1319 3401 2185 
475 
 365 1122 1123 1644
 2196 3402 2194 3404 
476 
 1122 103 1644 758
 3402 1466 2195 3405 
477 
 1123 1644 366 1125
 2197 3403 3404 2200 
478 
 1644 758 1125 363
 3403 1467 3405 2201 
479 
 366 1125 1126 1645
 2202 3406 2200 3408 
480 
 1125 363 1645 1119
 3406 2188 2201 3409 
481 
 1126 1645 364 1121
 2203 3407 3408 2192 
482 
 1645 1119 1121 131
 3407 2189 3409 2193 
483 
 87 734 733 1646
 1416 3410 1418 3412 
484 
 734 366 1646 1126
 3410 2202 1419 3413 
485 
 733 1646 86 732
 1417 3411 3412 1414 
486 
 1646 1126 732 364
 3411 2203 3413 1415 
487 
 88 737 735 1647
 1420 3414 1424 3416 
488 
 737 365 1647 1123
 3414 2196 1425 3417 
489 
 735 1647 87 734
 1421 3415 3416 1418 
490 
 1647 1123 734 366
 3415 2197 3417 1419 
491 
 367 1128 1127 1648
 2204 3418 2206 3420 
492 
 1128 370 1648 1134
 3418 2218 2207 3421 
493 
 1127 1648 191 904
 2205 3419 3420 1758 
494 
 1648 1134 904 281
 3419 2219 3421 1759 
495 
 192 906 905 1649
 1760 3422 1762 3424 
496 
 906 368 1649 1131
 3422 2212 1763 3425 
497 
 905 1649 367 1128
 1761 3423 3424 2206 
498 
 1649 1131 1128 370
 3423 2213 3425 2207 
499 
 368 1130 1131 1650
 2212 3426 2210 3428 
500 
 1130 177 1650 881
 3426 1712 2211 3429 
501 
 1131 1650 370 1135
 2213 3427 3428 2220 
502 
 1650 881 1135 369
 3427 1713 3429 2221 
503 
 370 1135 1134 1651
 2218 3430 2220 3432 
504 
 1135 369 1651 1133
 3430 2216 2221 3433 
505 
 1134 1651 281 991
 2219 3431 3432 1932 
506 
 1651 1133 991 166
 3431 2217 3433 1933 
507 
 373 1139 1140 1652
 2230 3434 2228 3436 
508 
 1139 150 1652 834
 3434 1618 2229 3437 
509 
 1140 1652 374 1142
 2231 3435 3436 2234 
510 
 1652 834 1142 256
 3435 1619 3437 2235 
511 
 374 1142 1143 1653
 2236 3438 2234 3440 
512 
 1142 256 1653 950
 3438 1850 2235 3441 
513 
 1143 1653 371 1136
 2237 3439 3440 2222 
514 
 1653 950 1136 151
 3439 1851 3441 2223 
515 
 372 1138 1137 1654
 2224 3442 2226 3444 
516 
 1138 374 1654 1143
 3442 2236 2227 3445 
517 
 1137 1654 181 888
 2225 3443 3444 1726 
518 
 1654 1143 888 371
 3443 2237 3445 1727 
519 
 168 863 862 1655
 1674 3446 1676 3448 
520 
 863 373 1655 1140
 3446 2230 1677 3449 
521 
 862 1655 372 1138
 1675 3447 3448 2226 
522 
 1655 1140 1138 374
 3447 2231 3449 2227 
523 
 196 913 915 1656
 1780 3450 1776 3452 
524 
 913 313 1656 1043
 3450 2036 1777 3453 
525 
 915 1656 377 1148
 1781 3451 3452 2246 
526 
 1656 1043 1148 378
 3451 2037 3453 2247 
527 
 313 1042 1043 1657
 2036 3454 2034 3456 
528 
 1042 187 1657 896
 3454 1742 2035 3457 
529 
 1043 1657 378 1150
 2037 3455 3456 2250 
530 
 1657 896 1150 375
 3455 1743 3457 2251 
531 
 378 1150 1151 1658
 2252 3458 2250 3460 
532 
 1150 375 1658 1144
 3458 2238 2251 3461 
533 
 1151 1658 376 1145
 2253 3459 3460 2240 
534 
 1658 1144 1145 167
 3459 2239 3461 2241 
535 
 377 1148 1147 1659
 2244 3462 2246 3464 
536 
 1148 378 1659 1151
 3462 2252 2247 3465 
537 
 1147 1659 172 869
 2245 3463 3464 1688 
538 
 1659 1151 869 376
 3463 2253 3465 1689 
539 
 129 807 806 1660
 1562 3466 1564 3468 
540 
 807 379 1660 1153
 3466 2256 1565 3469 
541 
 806 1660 343 1093
 1563 3467 3468 2136 
542 
 1660 1153 1093 382
 3467 2257 3469 2137 
543 
 379 1152 1153 1661
 2256 3470 2254 3472 
544 
 1152 101 1661 753
 3470 1456 2255 3473 
545 
 1153 1661 382 1158
 2257 3471 3472 2266 
546 
 1661 753 1158 380
 3471 1457 3473 2267 
547 
 382 1158 1159 1662
 2268 3474 2266 3476 
548 
 1158 380 1662 1154
 3474 2258 2267 3477 
549 
 1159 1662 381 1156
 2269 3475 3476 2262 
550 
 1662 1154 1156 155
 3475 2259 3477 2263 
551 
 343 1093 1092 1663
 2134 3478 2136 3480 
552 
 1093 382 1663 1159
 3478 2268 2137 3481 
553 
 1092 1663 152 838
 2135 3479 3480 1626 
554 
 1663 1159 838 381
 3479 2269 3481 1627 
555 
 150 836 835 1664
 1620 3482 1622 3484 
556 
 836 383 1664 1161
 3482 2272 1623 3485 
557 
 835 1664 257 954
 1621 3483 3484 1858 
558 
 1664 1161 954 386
 3483 2273 3485 1859 
559 
 383 1160 1161 1665
 2272 3486 2270 3488 
560 
 1160 175 1665 876
 3486 1702 2271 3489 
561 
 1161 1665 386 1165
 2273 3487 3488 2280 
562 
 1665 876 1165 384
 3487 1703 3489 2281 
563 
 386 1165 1166 1666
 2282 3490 2280 3492 
564 
 1165 384 1666 1162
 3490 2274 2281 3493 
565 
 1166 1666 385 1163
 2283 3491 3492 2276 
566 
 1666 1162 1163 114
 3491 2275 3493 2277 
567 
 257 954 952 1667
 1854 3494 1858 3496 
568 
 954 386 1667 1166
 3494 2282 1859 3497 
569 
 952 1667 126 800
 1855 3495 3496 1550 
570 
 1667 1166 800 385
 3495 2283 3497 1551 
571 
 391 1172 1171 1668
 2292 3498 2294 3500 
572 
 1172 390 1668 1169
 3498 2288 2295 3501 
573 
 1171 1668 379 1152
 2293 3499 3500 2254 
574 
 1668 1169 1152 101
 3499 2289 3501 2255 
575 
 389 1168 1167 1669
 2284 3502 2286 3504 
576 
 1168 391 1669 1171
 3502 2292 2287 3505 
577 
 1167 1669 129 807
 2285 3503 3504 1564 
578 
 1669 1171 807 379
 3503 2293 3505 1565 
579 
 40 663 664 1670
 1278 3506 1276 3508 
580 
 663 41 1670 666
 3506 1282 1277 3509 
581 
 664 1670 389 1168
 1279 3507 3508 2286 
582 
 1670 666 1168 391
 3507 1283 3509 2287 
583 
 41 665 666 1671
 1282 3510 1280 3512 
584 
 665 42 1671 668
 3510 1286 1281 3513 
585 
 666 1671 391 1172
 1283 3511 3512 2294 
586 
 1671 668 1172 390
 3511 1287 3513 2295 
587 
 395 1179 1180 1672
 2310 3514 2308 3516 
588 
 1179 259 1672 957
 3514 1864 2309 3517 
589 
 1180 1672 392 1173
 2311 3515 3516 2296 
590 
 1672 957 1173 100
 3515 1865 3517 2297 
591 
 393 1176 1175 1673
 2300 3518 2302 3520 
592 
 1176 395 1673 1180
 3518 2310 2303 3521 
593 
 1175 1673 139 823
 2301 3519 3520 1596 
594 
 1673 1180 823 392
 3519 2311 3521 1597 
595 
 124 798 797 1674
 1544 3522 1546 3524 
596 
 798 394 1674 1178
 3522 2306 1547 3525 
597 
 797 1674 393 1176
 1545 3523 3524 2302 
598 
 1674 1178 1176 395
 3523 2307 3525 2303 
599 
 394 1177 1178 1675
 2306 3526 2304 3528 
600 
 1177 151 1675 837
 3526 1624 2305 3529 
601 
 1178 1675 395 1179
 2307 3527 3528 2308 
602 
 1675 837 1179 259
 3527 1625 3529 2309 
603 
 398 1185 1186 1676
 2322 3530 2320 3532 
604 
 1185 161 1676 851
 3530 1652 2321 3533 
605 
 1186 1676 399 1188
 2323 3531 3532 2326 
606 
 1676 851 1188 319
 3531 1653 3533 2327 
607 
 399 1188 1189 1677
 2328 3534 2326 3536 
608 
 1188 319 1677 1053
 3534 2056 2327 3537 
609 
 1189 1677 396 1181
 2329 3535 3536 2312 
610 
 1677 1053 1181 162
 3535 2057 3537 2313 
611 
 397 1184 1183 1678
 2316 3538 2318 3540 
612 
 1184 399 1678 1189
 3538 2328 2319 3541 
613 
 1183 1678 136 815
 2317 3539 3540 1580 
614 
 1678 1189 815 396
 3539 2329 3541 1581 
615 
 113 782 781 1679
 1512 3542 1514 3544 
616 
 782 398 1679 1186
 3542 2322 1515 3545 
617 
 781 1679 397 1184
 1513 3543 3544 2318 
618 
 1679 1186 1184 399
 3543 2323 3545 2319 
619 
 402 1193 1194 1680
 2338 3546 2336 3548 
620 
 1193 104 1680 761
 3546 1472 2337 3549 
621 
 1194 1680 403 1197
 2339 3547 3548 2344 
622 
 1680 761 1197 400
 3547 1473 3549 2345 
623 
 403 1197 1196 1681
 2342 3550 2344 3552 
624 
 1197 400 1681 1190
 3550 2330 2345 3553 
625 
 1196 1681 322 1060
 2343 3551 3552 2070 
626 
 1681 1190 1060 147
 3551 2331 3553 2071 
627 
 401 1192 1191 1682
 2332 3554 2334 3556 
628 
 1192 403 1682 1196
 3554 2342 2335 3557 
629 
 1191 1682 158 849
 2333 3555 3556 1648 
630 
 1682 1196 849 322
 3555 2343 3557 1649 
631 
 128 805 804 1683
 1558 3558 1560 3560 
632 
 805 402 1683 1194
 3558 2338 1561 3561 
633 
 804 1683 401 1192
 1559 3559 3560 2334 
634 
 1683 1194 1192 403
 3559 2339 3561 2335 
635 
 404 1199 1198 1684
 2346 3562 2348 3564 
636 
 1199 407 1684 1204
 3562 2358 2349 3565 
637 
 1198 1684 173 873
 2347 3563 3564 1696 
638 
 1684 1204 873 241
 3563 2359 3565 1697 
639 
 172 871 870 1685
 1690 3566 1692 3568 
640 
 871 405 1685 1201
 3566 2352 1693 3569 
641 
 870 1685 404 1199
 1691 3567 3568 2348 
642 
 1685 1201 1199 407
 3567 2353 3569 2349 
643 
 405 1200 1201 1686
 2352 3570 2350 3572 
644 
 1200 156 1686 844
 3570 1638 2351 3573 
645 
 1201 1686 407 1205
 2353 3571 3572 2360 
646 
 1686 844 1205 406
 3571 1639 3573 2361 
647 
 407 1205 1204 1687
 2358 3574 2360 3576 
648 
 1205 406 1687 1203
 3574 2356 2361 3577 
649 
 1204 1687 241 935
 2359 3575 3576 1820 
650 
 1687 1203 935 121
 3575 2357 3577 1821 
651 
 411 1211 1212 1688
 2374 3578 2372 3580 
652 
 1211 324 1688 1062
 3578 2074 2373 3581 
653 
 1212 1688 408 1206
 2375 3579 3580 2362 
654 
 1688 1062 1206 171
 3579 2075 3581 2363 
655 
 409 1208 1207 1689
 2364 3582 2366 3584 
656 
 1208 411 1689 1212
 3582 2374 2367 3585 
657 
 1207 1689 186 895
 2365 3583 3584 1740 
658 
 1689 1212 895 408
 3583 2375 3585 1741 
659 
 155 843 842 1690
 1634 3586 1636 3588 
660 
 843 410 1690 1210
 3586 2370 1637 3589 
661 
 842 1690 409 1208
 1635 3587 3588 2366 
662 
 1690 1210 1208 411
 3587 2371 3589 2367 
663 
 410 1209 1210 1691
 2370 3590 2368 3592 
664 
 1209 120 1691 793
 3590 1536 2369 3593 
665 
 1210 1691 411 1211
 2371 3591 3592 2372 
666 
 1691 793 1211 324
 3591 1537 3593 2373 
667 
 414 1218 1217 1692
 2384 3594 2386 3596 
668 
 1218 413 1692 1215
 3594 2380 2387 3597 
669 
 1217 1692 26 635
 2385 3595 3596 1220 
670 
 1692 1215 635 25
 3595 2381 3597 1221 
671 
 27 637 636 1693
 1222 3598 1224 3600 
672 
 637 414 1693 1217
 3598 2384 1225 3601 
673 
 636 1693 1 625
 1223 3599 3600 1200 
674 
 1693 1217 625 26
 3599 2385 3601 1201 
675 
 28 639 638 1694
 1226 3602 1228 3604 
676 
 639 412 1694 1214
 3602 2378 1229 3605 
677 
 638 1694 27 637
 1227 3603 3604 1224 
678 
 1694 1214 637 414
 3603 2379 3605 1225 
679 
 412 1213 1214 1695
 2378 3606 2376 3608 
680 
 1213 118 1695 789
 3606 1528 2377 3609 
681 
 1214 1695 414 1218
 2379 3607 3608 2386 
682 
 1695 789 1218 413
 3607 1529 3609 2387 
683 
 74 709 707 1696
 1364 3610 1368 3612 
684 
 709 298 1696 1014
 3610 1978 1369 3613 
685 
 707 1696 73 706
 1365 3611 3612 1362 
686 
 1696 1014 706 416
 3611 1979 3613 1363 
687 
 298 1012 1014 1697
 1978 3614 1974 3616 
688 
 1012 110 1697 773
 3614 1496 1975 3617 
689 
 1014 1697 416 1222
 1979 3615 3616 2394 
690 
 1697 773 1222 415
 3615 1497 3617 2395 
691 
 416 1222 1221 1698
 2392 3618 2394 3620 
692 
 1222 415 1698 1219
 3618 2388 2395 3621 
693 
 1221 1698 72 704
 2393 3619 3620 1358 
694 
 1698 1219 704 71
 3619 2389 3621 1359 
695 
 73 706 705 1699
 1360 3622 1362 3624 
696 
 706 416 1699 1221
 3622 2392 1363 3625 
697 
 705 1699 2 626
 1361 3623 3624 1202 
698 
 1699 1221 626 72
 3623 2393 3625 1203 
699 
 417 1223 1224 1700
 2398 3626 2396 3628 
700 
 1223 116 1700 785
 3626 1520 2397 3629 
701 
 1224 1700 418 1225
 2399 3627 3628 2400 
702 
 1700 785 1225 269
 3627 1521 3629 2401 
703 
 418 1225 1226 1701
 2402 3630 2400 3632 
704 
 1225 269 1701 969
 3630 1888 2401 3633 
705 
 1226 1701 410 1209
 2403 3631 3632 2368 
706 
 1701 969 1209 120
 3631 1889 3633 2369 
707 
 380 1155 1154 1702
 2258 3634 2260 3636 
708 
 1155 418 1702 1226
 3634 2402 2261 3637 
709 
 1154 1702 155 843
 2259 3635 3636 1636 
710 
 1702 1226 843 410
 3635 2403 3637 1637 
711 
 101 754 753 1703
 1456 3638 1458 3640 
712 
 754 417 1703 1224
 3638 2398 1459 3641 
713 
 753 1703 380 1155
 1457 3639 3640 2260 
714 
 1703 1224 1155 418
 3639 2399 3641 2261 
715 
 318 1051 1052 1704
 2054 3642 2052 3644 
716 
 1051 181 1704 888
 3642 1726 2053 3645 
717 
 1052 1704 420 1229
 2055 3643 3644 2408 
718 
 1704 888 1229 371
 3643 1727 3645 2409 
719 
 420 1229 1230 1705
 2410 3646 2408 3648 
720 
 1229 371 1705 1136
 3646 2222 2409 3649 
721 
 1230 1705 394 1177
 2411 3647 3648 2304 
722 
 1705 1136 1177 151
 3647 2223 3649 2305 
723 
 419 1228 1227 1706
 2404 3650 2406 3652 
724 
 1228 420 1706 1230
 3650 2410 2407 3653 
725 
 1227 1706 124 798
 2405 3651 3652 1546 
726 
 1706 1230 798 394
 3651 2411 3653 1547 
727 
 162 854 855 1707
 1660 3654 1658 3656 
728 
 854 318 1707 1052
 3654 2054 1659 3657 
729 
 855 1707 419 1228
 1661 3655 3656 2406 
730 
 1707 1052 1228 420
 3655 2055 3657 2407 
731 
 423 1235 1234 1708
 2418 3658 2420 3660 
732 
 1235 422 1708 1233
 3658 2416 2421 3661 
733 
 1234 1708 369 1133
 2419 3659 3660 2216 
734 
 1708 1233 1133 166
 3659 2417 3661 2217 
735 
 320 1057 1055 1709
 2060 3662 2064 3664 
736 
 1057 423 1709 1234
 3662 2418 2065 3665 
737 
 1055 1709 177 881
 2061 3663 3664 1712 
738 
 1709 1234 881 369
 3663 2419 3665 1713 
739 
 161 853 852 1710
 1654 3666 1656 3668 
740 
 853 421 1710 1232
 3666 2414 1657 3669 
741 
 852 1710 320 1057
 1655 3667 3668 2064 
742 
 1710 1232 1057 423
 3667 2415 3669 2065 
743 
 421 1231 1232 1711
 2414 3670 2412 3672 
744 
 1231 142 1711 828
 3670 1606 2413 3673 
745 
 1232 1711 423 1235
 2415 3671 3672 2420 
746 
 1711 828 1235 422
 3671 1607 3673 2421 
747 
 428 1240 1241 1712
 2432 3674 2430 3676 
748 
 1240 276 1712 982
 3674 1914 2431 3677 
749 
 1241 1712 427 1239
 2433 3675 3676 2428 
750 
 1712 982 1239 153
 3675 1915 3677 2429 
751 
 405 1202 1200 1713
 2350 3678 2354 3680 
752 
 1202 428 1713 1241
 3678 2432 2355 3681 
753 
 1200 1713 156 845
 2351 3679 3680 1640 
754 
 1713 1241 845 427
 3679 2433 3681 1641 
755 
 172 869 871 1714
 1692 3682 1688 3684 
756 
 869 376 1714 1146
 3682 2242 1689 3685 
757 
 871 1714 405 1202
 1693 3683 3684 2354 
758 
 1714 1146 1202 428
 3683 2243 3685 2355 
759 
 376 1145 1146 1715
 2242 3686 2240 3688 
760 
 1145 167 1715 861
 3686 1672 2241 3689 
761 
 1146 1715 428 1240
 2243 3687 3688 2430 
762 
 1715 861 1240 276
 3687 1673 3689 2431 
763 
 431 1246 1247 1716
 2444 3690 2442 3692 
764 
 1246 146 1716 831
 3690 1612 2443 3693 
765 
 1247 1716 432 1248
 2445 3691 3692 2446 
766 
 1716 831 1248 244
 3691 1613 3693 2447 
767 
 432 1248 1249 1717
 2448 3694 2446 3696 
768 
 1248 244 1717 938
 3694 1826 2447 3697 
769 
 1249 1717 429 1242
 2449 3695 3696 2434 
770 
 1717 938 1242 148
 3695 1827 3697 2435 
771 
 430 1245 1244 1718
 2438 3698 2440 3700 
772 
 1245 432 1718 1249
 3698 2448 2441 3701 
773 
 1244 1718 182 889
 2439 3699 3700 1728 
774 
 1718 1249 889 429
 3699 2449 3701 1729 
775 
 170 867 866 1719
 1682 3702 1684 3704 
776 
 867 431 1719 1247
 3702 2444 1685 3705 
777 
 866 1719 430 1245
 1683 3703 3704 2440 
778 
 1719 1247 1245 432
 3703 2445 3705 2441 
779 
 363 1120 1119 1720
 2188 3706 2190 3708 
780 
 1120 433 1720 1250
 3706 2450 2191 3709 
781 
 1119 1720 131 809
 2189 3707 3708 1568 
782 
 1720 1250 809 307
 3707 2451 3709 1569 
783 
 103 759 758 1721
 1466 3710 1468 3712 
784 
 759 424 1721 1237
 3710 2424 1469 3713 
785 
 758 1721 363 1120
 1467 3711 3712 2190 
786 
 1721 1237 1120 433
 3711 2425 3713 2191 
787 
 424 1236 1237 1722
 2424 3714 2422 3716 
788 
 1236 156 1722 845
 3714 1640 2423 3717 
789 
 1237 1722 433 1251
 2425 3715 3716 2452 
790 
 1722 845 1251 427
 3715 1641 3717 2453 
791 
 433 1251 1250 1723
 2450 3718 2452 3720 
792 
 1251 427 1723 1239
 3718 2428 2453 3721 
793 
 1250 1723 307 1030
 2451 3719 3720 2010 
794 
 1723 1239 1030 153
 3719 2429 3721 2011 
795 
 178 882 883 1724
 1716 3722 1714 3724 
796 
 882 434 1724 1253
 3722 2456 1715 3725 
797 
 883 1724 437 1258
 1717 3723 3724 2466 
798 
 1724 1253 1258 438
 3723 2457 3725 2467 
799 
 434 1252 1253 1725
 2456 3726 2454 3728 
800 
 1252 182 1725 890
 3726 1730 2455 3729 
801 
 1253 1725 438 1259
 2457 3727 3728 2468 
802 
 1725 890 1259 435
 3727 1731 3729 2469 
803 
 438 1259 1260 1726
 2470 3730 2468 3732 
804 
 1259 435 1726 1254
 3730 2458 2469 3733 
805 
 1260 1726 436 1256
 2471 3731 3732 2462 
806 
 1726 1254 1256 160
 3731 2459 3733 2463 
807 
 437 1258 1257 1727
 2464 3734 2466 3736 
808 
 1258 438 1727 1260
 3734 2470 2467 3737 
809 
 1257 1727 144 830
 2465 3735 3736 1610 
810 
 1727 1260 830 436
 3735 2471 3737 1611 
811 
 443 1264 1263 1728
 2476 3738 2478 3740 
812 
 1264 442 1728 1261
 3738 2472 2479 3741 
813 
 1263 1728 425 1238
 2477 3739 3740 2426 
814 
 1728 1261 1238 115
 3739 2473 3741 2427 
815 
 365 1124 1122 1729
 2194 3742 2198 3744 
816 
 1124 443 1729 1263
 3742 2476 2199 3745 
817 
 1122 1729 103 760
 2195 3743 3744 1470 
818 
 1729 1263 760 425
 3743 2477 3745 1471 
819 
 88 736 737 1730
 1424 3746 1422 3748 
820 
 736 89 1730 739
 3746 1428 1423 3749 
821 
 737 1730 365 1124
 1425 3747 3748 2198 
822 
 1730 739 1124 443
 3747 1429 3749 2199 
823 
 89 738 739 1731
 1428 3750 1426 3752 
824 
 738 90 1731 741
 3750 1432 1427 3753 
825 
 739 1731 443 1264
 1429 3751 3752 2478 
826 
 1731 741 1264 442
 3751 1433 3753 2479 
827 
 445 1266 1267 1732
 2484 3754 2482 3756 
828 
 1266 296 1732 1009
 3754 1968 2483 3757 
829 
 1267 1732 444 1265
 2485 3755 3756 2480 
830 
 1732 1009 1265 122
 3755 1969 3757 2481 
831 
 435 1255 1254 1733
 2458 3758 2460 3760 
832 
 1255 445 1733 1267
 3758 2484 2461 3761 
833 
 1254 1733 160 850
 2459 3759 3760 1650 
834 
 1733 1267 850 444
 3759 2485 3761 1651 
835 
 182 889 890 1734
 1730 3762 1728 3764 
836 
 889 429 1734 1243
 3762 2436 1729 3765 
837 
 890 1734 435 1255
 1731 3763 3764 2460 
838 
 1734 1243 1255 445
 3763 2437 3765 2461 
839 
 429 1242 1243 1735
 2436 3766 2434 3768 
840 
 1242 148 1735 832
 3766 1614 2435 3769 
841 
 1243 1735 445 1266
 2437 3767 3768 2482 
842 
 1735 832 1266 296
 3767 1615 3769 2483 
843 
 390 1170 1169 1736
 2288 3770 2290 3772 
844 
 1170 447 1736 1270
 3770 2490 2291 3773 
845 
 1169 1736 101 754
 2289 3771 3772 1458 
846 
 1736 1270 754 417
 3771 2491 3773 1459 
847 
 42 667 668 1737
 1286 3774 1284 3776 
848 
 667 43 1737 670
 3774 1290 1285 3777 
849 
 668 1737 390 1170
 1287 3775 3776 2290 
850 
 1737 670 1170 447
 3775 1291 3777 2291 
851 
 43 669 670 1738
 1290 3778 1288 3780 
852 
 669 44 1738 672
 3778 1294 1289 3781 
853 
 670 1738 447 1271
 1291 3779 3780 2492 
854 
 1738 672 1271 446
 3779 1295 3781 2493 
855 
 447 1271 1270 1739
 2490 3782 2492 3784 
856 
 1271 446 1739 1268
 3782 2486 2493 3785 
857 
 1270 1739 417 1223
 2491 3783 3784 2396 
858 
 1739 1268 1223 116
 3783 2487 3785 2397 
859 
 448 1272 1273 1740
 2496 3786 2494 3788 
860 
 1272 50 1740 683
 3786 1316 2495 3789 
861 
 1273 1740 361 1115
 2497 3787 3788 2180 
862 
 1740 683 1115 51
 3787 1317 3789 2181 
863 
 347 1101 1099 1741
 2148 3790 2152 3792 
864 
 1101 448 1741 1273
 3790 2496 2153 3793 
865 
 1099 1741 108 770
 2149 3791 3792 1490 
866 
 1741 1273 770 361
 3791 2497 3793 1491 
867 
 48 679 680 1742
 1310 3794 1308 3796 
868 
 679 49 1742 682
 3794 1314 1309 3797 
869 
 680 1742 347 1101
 1311 3795 3796 2152 
870 
 1742 682 1101 448
 3795 1315 3797 2153 
871 
 49 681 682 1743
 1314 3798 1312 3800 
872 
 681 3 1743 627
 3798 1204 1313 3801 
873 
 682 1743 448 1272
 1315 3799 3800 2494 
874 
 1743 627 1272 50
 3799 1205 3801 2495 
875 
 446 1269 1268 1744
 2486 3802 2488 3804 
876 
 1269 449 1744 1274
 3802 2498 2489 3805 
877 
 1268 1744 116 786
 2487 3803 3804 1522 
878 
 1744 1274 786 270
 3803 2499 3805 1523 
879 
 44 671 672 1745
 1294 3806 1292 3808 
880 
 671 45 1745 674
 3806 1298 1293 3809 
881 
 672 1745 446 1269
 1295 3807 3808 2488 
882 
 1745 674 1269 449
 3807 1299 3809 2489 
883 
 45 673 674 1746
 1298 3810 1296 3812 
884 
 673 46 1746 675
 3810 1300 1297 3813 
885 
 674 1746 449 1275
 1299 3811 3812 2500 
886 
 1746 675 1275 346
 3811 1301 3813 2501 
887 
 449 1275 1274 1747
 2498 3814 2500 3816 
888 
 1275 346 1747 1098
 3814 2146 2501 3817 
889 
 1274 1747 270 971
 2499 3815 3816 1892 
890 
 1747 1098 971 127
 3815 2147 3817 1893 
891 
 345 1097 1096 1748
 2142 3818 2144 3820 
892 
 1097 450 1748 1276
 3818 2502 2145 3821 
893 
 1096 1748 127 802
 2143 3819 3820 1554 
894 
 1748 1276 802 271
 3819 2503 3821 1555 
895 
 108 769 768 1749
 1486 3822 1488 3824 
896 
 769 360 1749 1114
 3822 2178 1489 3825 
897 
 768 1749 345 1097
 1487 3823 3824 2144 
898 
 1749 1114 1097 450
 3823 2179 3825 2145 
899 
 360 1112 1114 1750
 2178 3826 2174 3828 
900 
 1112 128 1750 804
 3826 1558 2175 3829 
901 
 1114 1750 450 1277
 2179 3827 3828 2504 
902 
 1750 804 1277 401
 3827 1559 3829 2505 
903 
 450 1277 1276 1751
 2502 3830 2504 3832 
904 
 1277 401 1751 1191
 3830 2332 2505 3833 
905 
 1276 1751 271 973
 2503 3831 3832 1896 
906 
 1751 1191 973 158
 3831 2333 3833 1897 
907 
 452 1280 1281 1752
 2512 3834 2510 3836 
908 
 1280 190 1752 901
 3834 1752 2511 3837 
909 
 1281 1752 453 1283
 2513 3835 3836 2516 
910 
 1752 901 1283 273
 3835 1753 3837 2517 
911 
 453 1283 1284 1753
 2518 3838 2516 3840 
912 
 1283 273 1753 976
 3838 1902 2517 3841 
913 
 1284 1753 375 1144
 2519 3839 3840 2238 
914 
 1753 976 1144 167
 3839 1903 3841 2239 
915 
 451 1279 1278 1754
 2506 3842 2508 3844 
916 
 1279 453 1754 1284
 3842 2518 2509 3845 
917 
 1278 1754 187 896
 2507 3843 3844 1742 
918 
 1754 1284 896 375
 3843 2519 3845 1743 
919 
 207 927 926 1755
 1802 3846 1804 3848 
920 
 927 452 1755 1281
 3846 2512 1805 3849 
921 
 926 1755 451 1279
 1803 3847 3848 2508 
922 
 1755 1281 1279 453
 3847 2513 3849 2509 
923 
 442 1262 1261 1756
 2472 3850 2474 3852 
924 
 1262 454 1756 1285
 3850 2520 2475 3853 
925 
 1261 1756 115 784
 2473 3851 3852 1518 
926 
 1756 1285 784 266
 3851 2521 3853 1519 
927 
 90 740 741 1757
 1432 3854 1430 3856 
928 
 740 91 1757 742
 3854 1434 1431 3857 
929 
 741 1757 442 1262
 1433 3855 3856 2474 
930 
 1757 742 1262 454
 3855 1435 3857 2475 
931 
 377 1147 1149 1758
 2248 3858 2244 3860 
932 
 1147 172 1758 870
 3858 1690 2245 3861 
933 
 1149 1758 456 1288
 2249 3859 3860 2526 
934 
 1758 870 1288 404
 3859 1691 3861 2527 
935 
 456 1288 1289 1759
 2528 3862 2526 3864 
936 
 1288 404 1759 1198
 3862 2346 2527 3865 
937 
 1289 1759 455 1286
 2529 3863 3864 2522 
938 
 1759 1198 1286 173
 3863 2347 3865 2523 
939 
 331 1077 1076 1760
 2102 3866 2104 3868 
940 
 1077 456 1760 1289
 3866 2528 2105 3869 
941 
 1076 1760 197 916
 2103 3867 3868 1782 
942 
 1760 1289 916 455
 3867 2529 3869 1783 
943 
 196 915 914 1761
 1778 3870 1780 3872 
944 
 915 377 1761 1149
 3870 2248 1781 3873 
945 
 914 1761 331 1077
 1779 3871 3872 2104 
946 
 1761 1149 1077 456
 3871 2249 3873 2105 
947 
 459 1294 1293 1762
 2536 3874 2538 3876 
948 
 1294 458 1762 1292
 3874 2534 2539 3877 
949 
 1293 1762 383 1160
 2537 3875 3876 2270 
950 
 1762 1292 1160 175
 3875 2535 3877 2271 
951 
 373 1141 1139 1763
 2228 3878 2232 3880 
952 
 1141 459 1763 1293
 3878 2536 2233 3881 
953 
 1139 1763 150 836
 2229 3879 3880 1622 
954 
 1763 1293 836 383
 3879 2537 3881 1623 
955 
 168 864 863 1764
 1676 3882 1678 3884 
956 
 864 457 1764 1291
 3882 2532 1679 3885 
957 
 863 1764 373 1141
 1677 3883 3884 2232 
958 
 1764 1291 1141 459
 3883 2533 3885 2233 
959 
 457 1290 1291 1765
 2532 3886 2530 3888 
960 
 1290 184 1765 894
 3886 1738 2531 3889 
961 
 1291 1765 459 1294
 2533 3887 3888 2538 
962 
 1765 894 1294 458
 3887 1739 3889 2539 
963 
 123 796 795 1766
 1540 3890 1542 3892 
964 
 796 463 1766 1296
 3890 2542 1543 3893 
965 
 795 1766 246 943
 1541 3891 3892 1836 
966 
 1766 1296 943 465
 3891 2543 3893 1837 
967 
 463 1295 1296 1767
 2542 3894 2540 3896 
968 
 1295 65 1767 698
 3894 1346 2541 3897 
969 
 1296 1767 465 1299
 2543 3895 3896 2548 
970 
 1767 698 1299 66
 3895 1347 3897 2549 
971 
 465 1299 1300 1768
 2550 3898 2548 3900 
972 
 1299 66 1768 699
 3898 1348 2549 3901 
973 
 1300 1768 464 1297
 2551 3899 3900 2544 
974 
 1768 699 1297 67
 3899 1349 3901 2545 
975 
 246 943 941 1769
 1832 3902 1836 3904 
976 
 943 465 1769 1300
 3902 2550 1837 3905 
977 
 941 1769 102 757
 1833 3903 3904 1464 
978 
 1769 1300 757 464
 3903 2551 3905 1465 
979 
 294 1007 1005 1770
 1960 3906 1964 3908 
980 
 1007 467 1770 1303
 3906 2556 1965 3909 
981 
 1005 1770 138 822
 1961 3907 3908 1594 
982 
 1770 1303 822 466
 3907 2557 3909 1595 
983 
 102 757 756 1771
 1462 3910 1464 3912 
984 
 757 464 1771 1298
 3910 2546 1465 3913 
985 
 756 1771 294 1007
 1463 3911 3912 1964 
986 
 1771 1298 1007 467
 3911 2547 3913 1965 
987 
 464 1297 1298 1772
 2546 3914 2544 3916 
988 
 1297 67 1772 700
 3914 1350 2545 3917 
989 
 1298 1772 467 1302
 2547 3915 3916 2554 
990 
 1772 700 1302 68
 3915 1351 3917 2555 
991 
 467 1302 1303 1773
 2556 3918 2554 3920 
992 
 1302 68 1773 701
 3918 1352 2555 3921 
993 
 1303 1773 466 1301
 2557 3919 3920 2552 
994 
 1773 701 1301 69
 3919 1353 3921 2553 
995 
 468 1305 1304 1774
 2558 3922 2560 3924 
996 
 1305 472 1774 1312
 3922 2574 2561 3925 
997 
 1304 1774 135 813
 2559 3923 3924 1576 
998 
 1774 1312 813 471
 3923 2575 3925 1577 
999 
 96 744 743 1775
 1436 3926 1438 3928 
1000 
 744 469 1775 1307
 3926 2564 1439 3929 
1001 
 743 1775 468 1305
 1437 3927 3928 2560 
1002 
 1775 1307 1305 472
 3927 2565 3929 2561 
1003 
 469 1306 1307 1776
 2564 3930 2562 3932 
1004 
 1306 119 1776 791
 3930 1532 2563 3933 
1005 
 1307 1776 472 1311
 2565 3931 3932 2572 
1006 
 1776 791 1311 470
 3931 1533 3933 2573 
1007 
 472 1311 1312 1777
 2574 3934 2572 3936 
1008 
 1311 470 1777 1308
 3934 2566 2573 3937 
1009 
 1312 1777 471 1309
 2575 3935 3936 2568 
1010 
 1777 1308 1309 144
 3935 2567 3937 2569 
1011 
 38 659 660 1778
 1270 3938 1268 3940 
1012 
 659 39 1778 662
 3938 1274 1269 3941 
1013 
 660 1778 473 1314
 1271 3939 3940 2578 
1014 
 1778 662 1314 474
 3939 1275 3941 2579 
1015 
 39 661 662 1779
 1274 3942 1272 3944 
1016 
 661 40 1779 664
 3942 1278 1273 3945 
1017 
 662 1779 474 1317
 1275 3943 3944 2584 
1018 
 1779 664 1317 389
 3943 1279 3945 2585 
1019 
 474 1317 1316 1780
 2582 3946 2584 3948 
1020 
 1317 389 1780 1167
 3946 2284 2585 3949 
1021 
 1316 1780 342 1090
 2583 3947 3948 2130 
1022 
 1780 1167 1090 129
 3947 2285 3949 2131 
1023 
 473 1314 1313 1781
 2576 3950 2578 3952 
1024 
 1314 474 1781 1316
 3950 2582 2579 3953 
1025 
 1313 1781 97 746
 2577 3951 3952 1442 
1026 
 1781 1316 746 342
 3951 2583 3953 1443 
1027 
 476 1320 1321 1782
 2592 3954 2590 3956 
1028 
 1320 174 1782 874
 3954 1698 2591 3957 
1029 
 1321 1782 477 1323
 2593 3955 3956 2596 
1030 
 1782 874 1323 309
 3955 1699 3957 2597 
1031 
 477 1323 1324 1783
 2598 3958 2596 3960 
1032 
 1323 309 1783 1033
 3958 2016 2597 3961 
1033 
 1324 1783 431 1246
 2599 3959 3960 2442 
1034 
 1783 1033 1246 146
 3959 2017 3961 2443 
1035 
 475 1319 1318 1784
 2586 3962 2588 3964 
1036 
 1319 477 1784 1324
 3962 2598 2589 3965 
1037 
 1318 1784 170 867
 2587 3963 3964 1684 
1038 
 1784 1324 867 431
 3963 2599 3965 1685 
1039 
 183 893 892 1785
 1734 3966 1736 3968 
1040 
 893 476 1785 1321
 3966 2592 1737 3969 
1041 
 892 1785 475 1319
 1735 3967 3968 2588 
1042 
 1785 1321 1319 477
 3967 2593 3969 2589 
1043 
 261 961 960 1786
 1870 3970 1872 3972 
1044 
 961 480 1786 1329
 3970 2608 1873 3973 
1045 
 960 1786 184 894
 1871 3971 3972 1738 
1046 
 1786 1329 894 458
 3971 2609 3973 1739 
1047 
 188 898 897 1787
 1744 3974 1746 3976 
1048 
 898 478 1787 1326
 3974 2602 1747 3977 
1049 
 897 1787 261 961
 1745 3975 3976 1872 
1050 
 1787 1326 961 480
 3975 2603 3977 1873 
1051 
 478 1325 1326 1788
 2602 3978 2600 3980 
1052 
 1325 141 1788 826
 3978 1602 2601 3981 
1053 
 1326 1788 480 1330
 2603 3979 3980 2610 
1054 
 1788 826 1330 479
 3979 1603 3981 2611 
1055 
 480 1330 1329 1789
 2608 3982 2610 3984 
1056 
 1330 479 1789 1327
 3982 2604 2611 3985 
1057 
 1329 1789 458 1292
 2609 3983 3984 2534 
1058 
 1789 1327 1292 175
 3983 2605 3985 2535 
1059 
 81 722 721 1790
 1392 3986 1394 3988 
1060 
 722 483 1790 1336
 3986 2622 1395 3989 
1061 
 721 1790 80 720
 1393 3987 3988 1390 
1062 
 1790 1336 720 482
 3987 2623 3989 1391 
1063 
 82 724 723 1791
 1396 3990 1398 3992 
1064 
 724 481 1791 1332
 3990 2614 1399 3993 
1065 
 723 1791 81 722
 1397 3991 3992 1394 
1066 
 1791 1332 722 483
 3991 2615 3993 1395 
1067 
 481 1331 1332 1792
 2614 3994 2612 3996 
1068 
 1331 96 1792 743
 3994 1436 2613 3997 
1069 
 1332 1792 483 1335
 2615 3995 3996 2620 
1070 
 1792 743 1335 468
 3995 1437 3997 2621 
1071 
 483 1335 1336 1793
 2622 3998 2620 4000 
1072 
 1335 468 1793 1304
 3998 2558 2621 4001 
1073 
 1336 1793 482 1333
 2623 3999 4000 2616 
1074 
 1793 1304 1333 135
 3999 2559 4001 2617 
1075 
 485 1339 1340 1794
 2630 4002 2628 4004 
1076 
 1339 189 1794 899
 4002 1748 2629 4005 
1077 
 1340 1794 486 1342
 2631 4003 4004 2634 
1078 
 1794 899 1342 278
 4003 1749 4005 2635 
1079 
 486 1342 1343 1795
 2636 4006 2634 4008 
1080 
 1342 278 1795 985
 4006 1920 2635 4009 
1081 
 1343 1795 422 1233
 2637 4007 4008 2416 
1082 
 1795 985 1233 166
 4007 1921 4009 2417 
1083 
 484 1338 1337 1796
 2624 4010 2626 4012 
1084 
 1338 486 1796 1343
 4010 2636 2627 4013 
1085 
 1337 1796 142 828
 2625 4011 4012 1606 
1086 
 1796 1343 828 422
 4011 2637 4013 1607 
1087 
 176 879 878 1797
 1706 4014 1708 4016 
1088 
 879 485 1797 1340
 4014 2630 1709 4017 
1089 
 878 1797 484 1338
 1707 4015 4016 2626 
1090 
 1797 1340 1338 486
 4015 2631 4017 2627 
1091 
 84 728 729 1798
 1408 4018 1406 4020 
1092 
 728 85 1798 731
 4018 1412 1407 4021 
1093 
 729 1798 487 1345
 1409 4019 4020 2640 
1094 
 1798 731 1345 488
 4019 1413 4021 2641 
1095 
 85 730 731 1799
 1412 4022 1410 4024 
1096 
 730 86 1799 732
 4022 1414 1411 4025 
1097 
 731 1799 488 1348
 1413 4023 4024 2646 
1098 
 1799 732 1348 364
 4023 1415 4025 2647 
1099 
 488 1348 1347 1800
 2644 4026 2646 4028 
1100 
 1348 364 1800 1121
 4026 2192 2647 4029 
1101 
 1347 1800 306 1028
 2645 4027 4028 2006 
1102 
 1800 1121 1028 131
 4027 2193 4029 2007 
1103 
 487 1345 1344 1801
 2638 4030 2640 4032 
1104 
 1345 488 1801 1347
 4030 2644 2641 4033 
1105 
 1344 1801 111 775
 2639 4031 4032 1500 
1106 
 1801 1347 775 306
 4031 2645 4033 1501 
1107 
 489 1349 1350 1802
 2650 4034 2648 4036 
1108 
 1349 64 1802 697
 4034 1344 2649 4037 
1109 
 1350 1802 463 1295
 2651 4035 4036 2540 
1110 
 1802 697 1295 65
 4035 1345 4037 2541 
1111 
 311 1039 1037 1803
 2024 4038 2028 4040 
1112 
 1039 489 1803 1350
 4038 2650 2029 4041 
1113 
 1037 1803 123 796
 2025 4039 4040 1542 
1114 
 1803 1350 796 463
 4039 2651 4041 1543 
1115 
 112 777 780 1804
 1510 4042 1504 4044 
1116 
 777 290 1804 997
 4042 1944 1505 4045 
1117 
 780 1804 311 1039
 1511 4043 4044 2028 
1118 
 1804 997 1039 489
 4043 1945 4045 2029 
1119 
 290 995 997 1805
 1944 4046 1940 4048 
1120 
 995 63 1805 696
 4046 1342 1941 4049 
1121 
 997 1805 489 1349
 1945 4047 4048 2648 
1122 
 1805 696 1349 64
 4047 1343 4049 2649 
1123 
 176 877 879 1806
 1708 4050 1704 4052 
1124 
 877 340 1806 1086
 4050 2122 1705 4053 
1125 
 879 1806 485 1341
 1709 4051 4052 2632 
1126 
 1806 1086 1341 492
 4051 2123 4053 2633 
1127 
 340 1085 1086 1807
 2122 4054 2120 4056 
1128 
 1085 152 1807 839
 4054 1628 2121 4057 
1129 
 1086 1807 492 1354
 2123 4055 4056 2658 
1130 
 1807 839 1354 490
 4055 1629 4057 2659 
1131 
 492 1354 1355 1808
 2660 4058 2658 4060 
1132 
 1354 490 1808 1351
 4058 2652 2659 4061 
1133 
 1355 1808 491 1353
 2661 4059 4060 2656 
1134 
 1808 1351 1353 169
 4059 2653 4061 2657 
1135 
 485 1341 1339 1809
 2628 4062 2632 4064 
1136 
 1341 492 1809 1355
 4062 2660 2633 4065 
1137 
 1339 1809 189 900
 2629 4063 4064 1750 
1138 
 1809 1355 900 491
 4063 2661 4065 1751 
1139 
 126 801 799 1810
 1548 4066 1552 4068 
1140 
 801 493 1810 1357
 4066 2664 1553 4069 
1141 
 799 1810 258 956
 1549 4067 4068 1862 
1142 
 1810 1357 956 495
 4067 2665 4069 1863 
1143 
 493 1356 1357 1811
 2664 4070 2662 4072 
1144 
 1356 19 1811 629
 4070 1208 2663 4073 
1145 
 1357 1811 495 1360
 2665 4071 4072 2670 
1146 
 1811 629 1360 20
 4071 1209 4073 2671 
1147 
 495 1360 1361 1812
 2672 4074 2670 4076 
1148 
 1360 20 1812 630
 4074 1210 2671 4077 
1149 
 1361 1812 494 1359
 2673 4075 4076 2668 
1150 
 1812 630 1359 21
 4075 1211 4077 2669 
1151 
 258 956 955 1813
 1860 4078 1862 4080 
1152 
 956 495 1813 1361
 4078 2672 1863 4081 
1153 
 955 1813 100 752
 1861 4079 4080 1454 
1154 
 1813 1361 752 494
 4079 2673 4081 1455 
1155 
 139 823 824 1814
 1598 4082 1596 4084 
1156 
 823 392 1814 1174
 4082 2298 1597 4085 
1157 
 824 1814 496 1363
 1599 4083 4084 2676 
1158 
 1814 1174 1363 497
 4083 2299 4085 2677 
1159 
 392 1173 1174 1815
 2298 4086 2296 4088 
1160 
 1173 100 1815 752
 4086 1454 2297 4089 
1161 
 1174 1815 497 1365
 2299 4087 4088 2680 
1162 
 1815 752 1365 494
 4087 1455 4089 2681 
1163 
 497 1365 1364 1816
 2678 4090 2680 4092 
1164 
 1365 494 1816 1359
 4090 2668 2681 4093 
1165 
 1364 1816 22 631
 2679 4091 4092 1212 
1166 
 1816 1359 631 21
 4091 2669 4093 1213 
1167 
 496 1363 1362 1817
 2674 4094 2676 4096 
1168 
 1363 497 1817 1364
 4094 2678 2677 4097 
1169 
 1362 1817 23 632
 2675 4095 4096 1214 
1170 
 1817 1364 632 22
 4095 2679 4097 1215 
1171 
 504 1370 1369 1818
 2688 4098 2690 4100 
1172 
 1370 503 1818 1368
 4098 2686 2691 4101 
1173 
 1369 1818 421 1231
 2689 4099 4100 2412 
1174 
 1818 1368 1231 142
 4099 2687 4101 2413 
1175 
 398 1187 1185 1819
 2320 4102 2324 4104 
1176 
 1187 504 1819 1369
 4102 2688 2325 4105 
1177 
 1185 1819 161 853
 2321 4103 4104 1656 
1178 
 1819 1369 853 421
 4103 2689 4105 1657 
1179 
 113 783 782 1820
 1514 4106 1516 4108 
1180 
 783 502 1820 1367
 4106 2684 1517 4109 
1181 
 782 1820 398 1187
 1515 4107 4108 2324 
1182 
 1820 1367 1187 504
 4107 2685 4109 2325 
1183 
 502 1366 1367 1821
 2684 4110 2682 4112 
1184 
 1366 130 1821 808
 4110 1566 2683 4113 
1185 
 1367 1821 504 1370
 2685 4111 4112 2690 
1186 
 1821 808 1370 503
 4111 1567 4113 2691 
1187 
 183 891 893 1822
 1736 4114 1732 4116 
1188 
 891 286 1822 994
 4114 1938 1733 4117 
1189 
 893 1822 476 1322
 1737 4115 4116 2594 
1190 
 1822 994 1322 507
 4115 1939 4117 2595 
1191 
 507 1374 1375 1823
 2700 4118 2698 4120 
1192 
 1374 505 1823 1371
 4118 2692 2699 4121 
1193 
 1375 1823 506 1373
 2701 4119 4120 2696 
1194 
 1823 1371 1373 143
 4119 2693 4121 2697 
1195 
 476 1322 1320 1824
 2590 4122 2594 4124 
1196 
 1322 507 1824 1375
 4122 2700 2595 4125 
1197 
 1320 1824 174 875
 2591 4123 4124 1700 
1198 
 1824 1375 875 506
 4123 2701 4125 1701 
1199 
 509 1376 1377 1825
 2704 4126 2702 4128 
1200 
 1376 169 1825 865
 4126 1680 2703 4129 
1201 
 1377 1825 511 1379
 2705 4127 4128 2708 
1202 
 1825 865 1379 510
 4127 1681 4129 2709 
1203 
 512 1381 1380 1826
 2710 4130 2712 4132 
1204 
 1381 466 1826 1301
 4130 2552 2713 4133 
1205 
 1380 1826 70 702
 2711 4131 4132 1354 
1206 
 1826 1301 702 69
 4131 2553 4133 1355 
1207 
 415 1220 1219 1827
 2388 4134 2390 4136 
1208 
 1220 512 1827 1380
 4134 2710 2391 4137 
1209 
 1219 1827 71 703
 2389 4135 4136 1356 
1210 
 1827 1380 703 70
 4135 2711 4137 1357 
1211 
 110 772 773 1828
 1496 4138 1494 4140 
1212 
 772 353 1828 1107
 4138 2164 1495 4141 
1213 
 773 1828 415 1220
 1497 4139 4140 2390 
1214 
 1828 1107 1220 512
 4139 2165 4141 2391 
1215 
 353 1105 1107 1829
 2164 4142 2160 4144 
1216 
 1105 138 1829 822
 4142 1594 2161 4145 
1217 
 1107 1829 512 1381
 2165 4143 4144 2712 
1218 
 1829 822 1381 466
 4143 1595 4145 2713 
1219 
 515 1386 1387 1830
 2724 4146 2722 4148 
1220 
 1386 240 1830 933
 4146 1816 2723 4149 
1221 
 1387 1830 513 1382
 2725 4147 4148 2714 
1222 
 1830 933 1382 149
 4147 1817 4149 2715 
1223 
 514 1385 1384 1831
 2718 4150 2720 4152 
1224 
 1385 515 1831 1387
 4150 2724 2721 4153 
1225 
 1384 1831 179 884
 2719 4151 4152 1718 
1226 
 1831 1387 884 513
 4151 2725 4153 1719 
1227 
 197 916 917 1832
 1784 4154 1782 4156 
1228 
 916 455 1832 1287
 4154 2524 1783 4157 
1229 
 917 1832 514 1385
 1785 4155 4156 2720 
1230 
 1832 1287 1385 515
 4155 2525 4157 2721 
1231 
 455 1286 1287 1833
 2524 4158 2522 4160 
1232 
 1286 173 1833 872
 4158 1694 2523 4161 
1233 
 1287 1833 515 1386
 2525 4159 4160 2722 
1234 
 1833 872 1386 240
 4159 1695 4161 2723 
1235 
 152 838 839 1834
 1628 4162 1626 4164 
1236 
 838 381 1834 1157
 4162 2264 1627 4165 
1237 
 839 1834 490 1352
 1629 4163 4164 2654 
1238 
 1834 1157 1352 516
 4163 2265 4165 2655 
1239 
 381 1156 1157 1835
 2264 4166 2262 4168 
1240 
 1156 155 1835 842
 4166 1634 2263 4169 
1241 
 1157 1835 516 1388
 2265 4167 4168 2726 
1242 
 1835 842 1388 409
 4167 1635 4169 2727 
1243 
 516 1388 1389 1836
 2728 4170 2726 4172 
1244 
 1388 409 1836 1207
 4170 2364 2727 4173 
1245 
 1389 1836 510 1378
 2729 4171 4172 2706 
1246 
 1836 1207 1378 186
 4171 2365 4173 2707 
1247 
 490 1352 1351 1837
 2652 4174 2654 4176 
1248 
 1352 516 1837 1389
 4174 2728 2655 4177 
1249 
 1351 1837 169 865
 2653 4175 4176 1680 
1250 
 1837 1389 865 510
 4175 2729 4177 1681 
1251 
 473 1313 1315 1838
 2580 4178 2576 4180 
1252 
 1313 97 1838 747
 4178 1444 2577 4181 
1253 
 1315 1838 519 1393
 2581 4179 4180 2736 
1254 
 1838 747 1393 517
 4179 1445 4181 2737 
1255 
 519 1393 1394 1839
 2738 4182 2736 4184 
1256 
 1393 517 1839 1390
 4182 2730 2737 4185 
1257 
 1394 1839 518 1392
 2739 4183 4184 2734 
1258 
 1839 1390 1392 130
 4183 2731 4185 2735 
1259 
 37 657 656 1840
 1262 4186 1264 4188 
1260 
 657 519 1840 1394
 4186 2738 1265 4189 
1261 
 656 1840 36 655
 1263 4187 4188 1260 
1262 
 1840 1394 655 518
 4187 2739 4189 1261 
1263 
 38 660 658 1841
 1266 4190 1270 4192 
1264 
 660 473 1841 1315
 4190 2580 1271 4193 
1265 
 658 1841 37 657
 1267 4191 4192 1264 
1266 
 1841 1315 657 519
 4191 2581 4193 1265 
1267 
 493 1358 1356 1842
 2662 4194 2666 4196 
1268 
 1358 520 1842 1395
 4194 2740 2667 4197 
1269 
 1356 1842 19 628
 2663 4195 4196 1206 
1270 
 1842 1395 628 18
 4195 2741 4197 1207 
1271 
 126 800 801 1843
 1552 4198 1550 4200 
1272 
 800 385 1843 1164
 4198 2278 1551 4201 
1273 
 801 1843 493 1358
 1553 4199 4200 2666 
1274 
 1843 1164 1358 520
 4199 2279 4201 2667 
1275 
 522 1397 1396 1844
 2742 4202 2744 4204 
1276 
 1397 451 1844 1278
 4202 2506 2745 4205 
1277 
 1396 1844 315 1047
 2743 4203 4204 2044 
1278 
 1844 1278 1047 187
 4203 2507 4205 2045 
1279 
 527 1401 1400 1845
 2750 4206 2752 4208 
1280 
 1401 496 1845 1362
 4206 2674 2753 4209 
1281 
 1400 1845 24 633
 2751 4207 4208 1216 
1282 
 1845 1362 633 23
 4207 2675 4209 1217 
1283 
 413 1216 1215 1846
 2380 4210 2382 4212 
1284 
 1216 527 1846 1400
 4210 2750 2383 4213 
1285 
 1215 1846 25 634
 2381 4211 4212 1218 
1286 
 1846 1400 634 24
 4211 2751 4213 1219 
1287 
 118 790 789 1847
 1528 4214 1530 4216 
1288 
 790 526 1847 1399
 4214 2748 1531 4217 
1289 
 789 1847 413 1216
 1529 4215 4216 2382 
1290 
 1847 1399 1216 527
 4215 2749 4217 2383 
1291 
 526 1398 1399 1848
 2748 4218 2746 4220 
1292 
 1398 139 1848 824
 4218 1598 2747 4221 
1293 
 1399 1848 527 1401
 2749 4219 4220 2752 
1294 
 1848 824 1401 496
 4219 1599 4221 2753 
1295 
 479 1328 1327 1849
 2604 4222 2606 4224 
1296 
 1328 529 1849 1403
 4222 2756 2607 4225 
1297 
 1327 1849 175 876
 2605 4223 4224 1702 
1298 
 1849 1403 876 384
 4223 2757 4225 1703 
1299 
 141 827 826 1850
 1602 4226 1604 4228 
1300 
 827 528 1850 1402
 4226 2754 1605 4229 
1301 
 826 1850 479 1328
 1603 4227 4228 2606 
1302 
 1850 1402 1328 529
 4227 2755 4229 2607 
1303 
 487 1344 1346 1851
 2642 4230 2638 4232 
1304 
 1344 111 1851 776
 4230 1502 2639 4233 
1305 
 1346 1851 531 1407
 2643 4231 4232 2764 
1306 
 1851 776 1407 530
 4231 1503 4233 2765 
1307 
 531 1407 1406 1852
 2762 4234 2764 4236 
1308 
 1407 530 1852 1404
 4234 2758 2765 4237 
1309 
 1406 1852 481 1331
 2763 4235 4236 2612 
1310 
 1852 1404 1331 96
 4235 2759 4237 2613 
1311 
 83 726 725 1853
 1400 4238 1402 4240 
1312 
 726 531 1853 1406
 4238 2762 1403 4241 
1313 
 725 1853 82 724
 1401 4239 4240 1398 
1314 
 1853 1406 724 481
 4239 2763 4241 1399 
1315 
 84 729 727 1854
 1404 4242 1408 4244 
1316 
 729 487 1854 1346
 4242 2642 1409 4245 
1317 
 727 1854 83 726
 1405 4243 4244 1402 
1318 
 1854 1346 726 531
 4243 2643 4245 1403 
1319 
 534 1412 1413 1855
 2776 4246 2774 4248 
1320 
 1412 157 1855 846
 4246 1642 2775 4249 
1321 
 1413 1855 535 1416
 2777 4247 4248 2782 
1322 
 1855 846 1416 532
 4247 1643 4249 2783 
1323 
 535 1416 1415 1856
 2780 4250 2782 4252 
1324 
 1416 532 1856 1408
 4250 2766 2783 4253 
1325 
 1415 1856 478 1325
 2781 4251 4252 2600 
1326 
 1856 1408 1325 141
 4251 2767 4253 2601 
1327 
 533 1411 1410 1857
 2770 4254 2772 4256 
1328 
 1411 535 1857 1415
 4254 2780 2773 4257 
1329 
 1410 1857 188 898
 2771 4255 4256 1746 
1330 
 1857 1415 898 478
 4255 2781 4257 1747 
1331 
 164 860 859 1858
 1668 4258 1670 4260 
1332 
 860 534 1858 1413
 4258 2776 1671 4261 
1333 
 859 1858 533 1411
 1669 4259 4260 2772 
1334 
 1858 1413 1411 535
 4259 2777 4261 2773 
1335 
 536 1418 1417 1859
 2784 4262 2786 4264 
1336 
 1418 537 1859 1420
 4262 2790 2787 4265 
1337 
 1417 1859 204 920
 2785 4263 4264 1790 
1338 
 1859 1420 920 251
 4263 2791 4265 1791 
1339 
 192 905 907 1860
 1764 4266 1760 4268 
1340 
 905 367 1860 1129
 4266 2208 1761 4269 
1341 
 907 1860 536 1418
 1765 4267 4268 2786 
1342 
 1860 1129 1418 537
 4267 2209 4269 2787 
1343 
 541 1424 1423 1861
 2796 4270 2798 4272 
1344 
 1424 543 1861 1428
 4270 2806 2799 4273 
1345 
 1423 1861 107 766
 2797 4271 4272 1482 
1346 
 1861 1428 766 542
 4271 2807 4273 1483 
1347 
 136 815 816 1862
 1582 4274 1580 4276 
1348 
 815 396 1862 1182
 4274 2314 1581 4277 
1349 
 816 1862 541 1424
 1583 4275 4276 2798 
1350 
 1862 1182 1424 543
 4275 2315 4277 2799 
1351 
 396 1181 1182 1863
 2314 4278 2312 4280 
1352 
 1181 162 1863 855
 4278 1660 2313 4281 
1353 
 1182 1863 543 1427
 2315 4279 4280 2804 
1354 
 1863 855 1427 419
 4279 1661 4281 2805 
1355 
 543 1427 1428 1864
 2806 4282 2804 4284 
1356 
 1427 419 1864 1227
 4282 2404 2805 4285 
1357 
 1428 1864 542 1425
 2807 4283 4284 2800 
1358 
 1864 1227 1425 124
 4283 2405 4285 2801 
1359 
 545 1432 1433 1865
 2816 4286 2814 4288 
1360 
 1432 262 1865 962
 4286 1874 2815 4289 
1361 
 1433 1865 457 1290
 2817 4287 4288 2530 
1362 
 1865 962 1290 184
 4287 1875 4289 2531 
1363 
 544 1430 1429 1866
 2808 4290 2810 4292 
1364 
 1430 545 1866 1433
 4290 2816 2811 4293 
1365 
 1429 1866 168 864
 2809 4291 4292 1678 
1366 
 1866 1433 864 457
 4291 2817 4293 1679 
1367 
 192 907 908 1867
 1766 4294 1764 4296 
1368 
 907 536 1867 1419
 4294 2788 1765 4297 
1369 
 908 1867 544 1430
 1767 4295 4296 2810 
1370 
 1867 1419 1430 545
 4295 2789 4297 2811 
1371 
 536 1417 1419 1868
 2788 4298 2784 4300 
1372 
 1417 204 1868 921
 4298 1792 2785 4301 
1373 
 1419 1868 545 1432
 2789 4299 4300 2814 
1374 
 1868 921 1432 262
 4299 1793 4301 2815 
1375 
 279 986 988 1869
 1926 4302 1922 4304 
1376 
 986 189 1869 900
 4302 1750 1923 4305 
1377 
 988 1869 548 1436
 1927 4303 4304 2822 
1378 
 1869 900 1436 491
 4303 1751 4305 2823 
1379 
 548 1436 1437 1870
 2824 4306 2822 4308 
1380 
 1436 491 1870 1353
 4306 2656 2823 4309 
1381 
 1437 1870 509 1376
 2825 4307 4308 2702 
1382 
 1870 1353 1376 169
 4307 2657 4309 2703 
1383 
 303 1024 1022 1871
 1994 4310 1998 4312 
1384 
 1024 549 1871 1438
 4310 2826 1999 4313 
1385 
 1022 1871 200 919
 1995 4311 4312 1788 
1386 
 1871 1438 919 263
 4311 2827 4313 1789 
1387 
 206 925 923 1872
 1796 4314 1800 4316 
1388 
 925 333 1872 1082
 4314 2114 1801 4317 
1389 
 923 1872 303 1024
 1797 4315 4316 1998 
1390 
 1872 1082 1024 549
 4315 2115 4317 1999 
1391 
 333 1080 1082 1873
 2114 4318 2110 4320 
1392 
 1080 164 1873 859
 4318 1668 2111 4321 
1393 
 1082 1873 549 1439
 2115 4319 4320 2828 
1394 
 1873 859 1439 533
 4319 1669 4321 2829 
1395 
 549 1439 1438 1874
 2826 4322 2828 4324 
1396 
 1439 533 1874 1410
 4322 2770 2829 4325 
1397 
 1438 1874 263 963
 2827 4323 4324 1876 
1398 
 1874 1410 963 188
 4323 2771 4325 1877 
1399 
 326 1066 1067 1875
 2084 4326 2082 4328 
1400 
 1066 178 1875 883
 4326 1716 2083 4329 
1401 
 1067 1875 551 1442
 2085 4327 4328 2834 
1402 
 1875 883 1442 437
 4327 1717 4329 2835 
1403 
 551 1442 1443 1876
 2836 4330 2834 4332 
1404 
 1442 437 1876 1257
 4330 2464 2835 4333 
1405 
 1443 1876 470 1308
 2837 4331 4332 2566 
1406 
 1876 1257 1308 144
 4331 2465 4333 2567 
1407 
 550 1441 1440 1877
 2830 4334 2832 4336 
1408 
 1441 551 1877 1443
 4334 2836 2833 4337 
1409 
 1440 1877 119 791
 2831 4335 4336 1532 
1410 
 1877 1443 791 470
 4335 2837 4337 1533 
1411 
 163 856 857 1878
 1664 4338 1662 4340 
1412 
 856 326 1878 1067
 4338 2084 1663 4341 
1413 
 857 1878 550 1441
 1665 4339 4340 2832 
1414 
 1878 1067 1441 551
 4339 2085 4341 2833 
1415 
 553 1446 1447 1879
 2844 4342 2842 4344 
1416 
 1446 475 1879 1318
 4342 2586 2843 4345 
1417 
 1447 1879 552 1444
 2845 4343 4344 2838 
1418 
 1879 1318 1444 170
 4343 2587 4345 2839 
1419 
 546 1435 1434 1880
 2818 4346 2820 4348 
1420 
 1435 553 1880 1447
 4346 2844 2821 4349 
1421 
 1434 1880 194 912
 2819 4347 4348 1774 
1422 
 1880 1447 912 552
 4347 2845 4349 1775 
1423 
 517 1391 1390 1881
 2730 4350 2732 4352 
1424 
 1391 554 1881 1449
 4350 2848 2733 4353 
1425 
 1390 1881 130 808
 2731 4351 4352 1566 
1426 
 1881 1449 808 503
 4351 2849 4353 1567 
1427 
 97 745 747 1882
 1444 4354 1440 4356 
1428 
 745 341 1882 1089
 4354 2128 1441 4357 
1429 
 747 1882 517 1391
 1445 4355 4356 2732 
1430 
 1882 1089 1391 554
 4355 2129 4357 2733 
1431 
 341 1087 1089 1883
 2128 4358 2124 4360 
1432 
 1087 176 1883 878
 4358 1706 2125 4361 
1433 
 1089 1883 554 1448
 2129 4359 4360 2846 
1434 
 1883 878 1448 484
 4359 1707 4361 2847 
1435 
 554 1448 1449 1884
 2848 4362 2846 4364 
1436 
 1448 484 1884 1337
 4362 2624 2847 4365 
1437 
 1449 1884 503 1368
 2849 4363 4364 2686 
1438 
 1884 1337 1368 142
 4363 2625 4365 2687 
1439 
 544 1429 1431 1885
 2812 4366 2808 4368 
1440 
 1429 168 1885 862
 4366 1674 2809 4369 
1441 
 1431 1885 556 1451
 2813 4367 4368 2852 
1442 
 1885 862 1451 372
 4367 1675 4369 2853 
1443 
 556 1451 1450 1886
 2850 4370 2852 4372 
1444 
 1451 372 1886 1137
 4370 2224 2853 4373 
1445 
 1450 1886 317 1050
 2851 4371 4372 2050 
1446 
 1886 1137 1050 181
 4371 2225 4373 2051 
1447 
 368 1132 1130 1887
 2210 4374 2214 4376 
1448 
 1132 556 1887 1450
 4374 2850 2215 4377 
1449 
 1130 1887 177 880
 2211 4375 4376 1710 
1450 
 1887 1450 880 317
 4375 2851 4377 1711 
1451 
 192 908 906 1888
 1762 4378 1766 4380 
1452 
 908 544 1888 1431
 4378 2812 1767 4381 
1453 
 906 1888 368 1132
 1763 4379 4380 2214 
1454 
 1888 1431 1132 556
 4379 2813 4381 2215 
1455 
 559 1457 1456 1889
 2862 4382 2864 4384 
1456 
 1457 558 1889 1454
 4382 2858 2865 4385 
1457 
 1456 1889 412 1213
 2863 4383 4384 2376 
1458 
 1889 1454 1213 118
 4383 2859 4385 2377 
1459 
 29 641 640 1890
 1230 4386 1232 4388 
1460 
 641 559 1890 1456
 4386 2862 1233 4389 
1461 
 640 1890 28 639
 1231 4387 4388 1228 
1462 
 1890 1456 639 412
 4387 2863 4389 1229 
1463 
 30 643 642 1891
 1234 4390 1236 4392 
1464 
 643 557 1891 1453
 4390 2856 1237 4393 
1465 
 642 1891 29 641
 1235 4391 4392 1232 
1466 
 1891 1453 641 559
 4391 2857 4393 1233 
1467 
 557 1452 1453 1892
 2856 4394 2854 4396 
1468 
 1452 107 1892 767
 4394 1484 2855 4397 
1469 
 1453 1892 559 1457
 2857 4395 4396 2864 
1470 
 1892 767 1457 558
 4395 1485 4397 2865 
1471 
 552 1444 1445 1893
 2840 4398 2838 4400 
1472 
 1444 170 1893 866
 4398 1682 2839 4401 
1473 
 1445 1893 562 1458
 2841 4399 4400 2866 
1474 
 1893 866 1458 430
 4399 1683 4401 2867 
1475 
 562 1458 1459 1894
 2868 4402 2866 4404 
1476 
 1458 430 1894 1244
 4402 2438 2867 4405 
1477 
 1459 1894 434 1252
 2869 4403 4404 2454 
1478 
 1894 1244 1252 182
 4403 2439 4405 2455 
1479 
 329 1073 1072 1895
 2094 4406 2096 4408 
1480 
 1073 562 1895 1459
 4406 2868 2097 4409 
1481 
 1072 1895 178 882
 2095 4407 4408 1714 
1482 
 1895 1459 882 434
 4407 2869 4409 1715 
1483 
 194 912 911 1896
 1772 4410 1774 4412 
1484 
 912 552 1896 1445
 4410 2840 1775 4413 
1485 
 911 1896 329 1073
 1773 4411 4412 2096 
1486 
 1896 1445 1073 562
 4411 2841 4413 2097 
1487 
 291 1000 998 1897
 1946 4414 1950 4416 
1488 
 1000 564 1897 1463
 4414 2876 1951 4417 
1489 
 998 1897 132 811
 1947 4415 4416 1572 
1490 
 1897 1463 811 563
 4415 2877 4417 1573 
1491 
 112 779 778 1898
 1506 4418 1508 4420 
1492 
 779 310 1898 1036
 4418 2022 1509 4421 
1493 
 778 1898 291 1000
 1507 4419 4420 1950 
1494 
 1898 1036 1000 564
 4419 2023 4421 1951 
1495 
 310 1034 1036 1899
 2022 4422 2018 4424 
1496 
 1034 174 1899 875
 4422 1700 2019 4425 
1497 
 1036 1899 564 1462
 2023 4423 4424 2874 
1498 
 1899 875 1462 506
 4423 1701 4425 2875 
1499 
 564 1462 1463 1900
 2876 4426 2874 4428 
1500 
 1462 506 1900 1373
 4426 2696 2875 4429 
1501 
 1463 1900 563 1460
 2877 4427 4428 2870 
1502 
 1900 1373 1460 143
 4427 2697 4429 2871 
1503 
 567 1467 1468 1901
 2886 4430 2884 4432 
1504 
 1467 550 1901 1440
 4430 2830 2885 4433 
1505 
 1468 1901 565 1464
 2887 4431 4432 2878 
1506 
 1901 1440 1464 119
 4431 2831 4433 2879 
1507 
 274 980 978 1902
 1906 4434 1910 4436 
1508 
 980 567 1902 1468
 4434 2886 1911 4437 
1509 
 978 1902 154 841
 1907 4435 4436 1632 
1510 
 1902 1468 841 565
 4435 2887 4437 1633 
1511 
 190 903 902 1903
 1754 4438 1756 4440 
1512 
 903 566 1903 1466
 4438 2882 1757 4441 
1513 
 902 1903 274 980
 1755 4439 4440 1910 
1514 
 1903 1466 980 567
 4439 2883 4441 1911 
1515 
 566 1465 1466 1904
 2882 4442 2880 4444 
1516 
 1465 163 1904 857
 4442 1664 2881 4445 
1517 
 1466 1904 567 1467
 2883 4443 4444 2884 
1518 
 1904 857 1467 550
 4443 1665 4445 2885 
1519 
 207 928 927 1905
 1804 4446 1806 4448 
1520 
 928 539 1905 1422
 4446 2794 1807 4449 
1521 
 927 1905 452 1282
 1805 4447 4448 2514 
1522 
 1905 1422 1282 568
 4447 2795 4449 2515 
1523 
 539 1421 1422 1906
 2794 4450 2792 4452 
1524 
 1421 193 1906 909
 4450 1768 2793 4453 
1525 
 1422 1906 568 1469
 2795 4451 4452 2888 
1526 
 1906 909 1469 327
 4451 1769 4453 2889 
1527 
 568 1469 1470 1907
 2890 4454 2888 4456 
1528 
 1469 327 1907 1068
 4454 2086 2889 4457 
1529 
 1470 1907 566 1465
 2891 4455 4456 2880 
1530 
 1907 1068 1465 163
 4455 2087 4457 2881 
1531 
 452 1282 1280 1908
 2510 4458 2514 4460 
1532 
 1282 568 1908 1470
 4458 2890 2515 4461 
1533 
 1280 1908 190 903
 2511 4459 4460 1756 
1534 
 1908 1470 903 566
 4459 2891 4461 1757 
1535 
 569 1471 1472 1909
 2894 4462 2892 4464 
1536 
 1471 393 1909 1175
 4462 2300 2893 4465 
1537 
 1472 1909 526 1398
 2895 4463 4464 2746 
1538 
 1909 1175 1398 139
 4463 2301 4465 2747 
1539 
 558 1455 1454 1910
 2858 4466 2860 4468 
1540 
 1455 569 1910 1472
 4466 2894 2861 4469 
1541 
 1454 1910 118 790
 2859 4467 4468 1530 
1542 
 1910 1472 790 526
 4467 2895 4469 1531 
1543 
 107 766 767 1911
 1484 4470 1482 4472 
1544 
 766 542 1911 1426
 4470 2802 1483 4473 
1545 
 767 1911 558 1455
 1485 4471 4472 2860 
1546 
 1911 1426 1455 569
 4471 2803 4473 2861 
1547 
 542 1425 1426 1912
 2802 4474 2800 4476 
1548 
 1425 124 1912 797
 4474 1544 2801 4477 
1549 
 1426 1912 569 1471
 2803 4475 4476 2892 
1550 
 1912 797 1471 393
 4475 1545 4477 2893 
1551 
 332 1078 1079 1913
 2108 4478 2106 4480 
1552 
 1078 197 1913 917
 4478 1784 2107 4481 
1553 
 1079 1913 571 1475
 2109 4479 4480 2900 
1554 
 1913 917 1475 514
 4479 1785 4481 2901 
1555 
 571 1475 1476 1914
 2902 4482 2900 4484 
1556 
 1475 514 1914 1384
 4482 2718 2901 4485 
1557 
 1476 1914 570 1473
 2903 4483 4484 2896 
1558 
 1914 1384 1473 179
 4483 2719 4485 2897 
1559 
 534 1414 1412 1915
 2774 4486 2778 4488 
1560 
 1414 571 1915 1476
 4486 2902 2779 4489 
1561 
 1412 1915 157 847
 2775 4487 4488 1644 
1562 
 1915 1476 847 570
 4487 2903 4489 1645 
1563 
 164 858 860 1916
 1670 4490 1666 4492 
1564 
 858 332 1916 1079
 4490 2108 1667 4493 
1565 
 860 1916 534 1414
 1671 4491 4492 2778 
1566 
 1916 1079 1414 571
 4491 2109 4493 2779 
1567 
 505 1372 1371 1917
 2692 4494 2694 4496 
1568 
 1372 576 1917 1478
 4494 2906 2695 4497 
1569 
 1371 1917 143 829
 2693 4495 4496 1608 
1570 
 1917 1478 829 574
 4495 2907 4497 1609 
1571 
 579 1484 1485 1918
 2920 4498 2918 4500 
1572 
 1484 397 1918 1183
 4498 2316 2919 4501 
1573 
 1485 1918 577 1479
 2921 4499 4500 2908 
1574 
 1918 1183 1479 136
 4499 2317 4501 2909 
1575 
 33 649 648 1919
 1246 4502 1248 4504 
1576 
 649 579 1919 1485
 4502 2920 1249 4505 
1577 
 648 1919 32 647
 1247 4503 4504 1244 
1578 
 1919 1485 647 577
 4503 2921 4505 1245 
1579 
 34 652 650 1920
 1250 4506 1254 4508 
1580 
 652 578 1920 1482
 4506 2914 1255 4509 
1581 
 650 1920 33 649
 1251 4507 4508 1248 
1582 
 1920 1482 649 579
 4507 2915 4509 1249 
1583 
 578 1481 1482 1921
 2914 4510 2912 4512 
1584 
 1481 113 1921 781
 4510 1512 2913 4513 
1585 
 1482 1921 579 1484
 2915 4511 4512 2918 
1586 
 1921 781 1484 397
 4511 1513 4513 2919 
1587 
 580 1487 1486 1922
 2922 4514 2924 4516 
1588 
 1487 518 1922 1392
 4514 2734 2925 4517 
1589 
 1486 1922 502 1366
 2923 4515 4516 2682 
1590 
 1922 1392 1366 130
 4515 2735 4517 2683 
1591 
 578 1483 1481 1923
 2912 4518 2916 4520 
1592 
 1483 580 1923 1486
 4518 2922 2917 4521 
1593 
 1481 1923 113 783
 2913 4519 4520 1516 
1594 
 1923 1486 783 502
 4519 2923 4521 1517 
1595 
 34 651 652 1924
 1254 4522 1252 4524 
1596 
 651 35 1924 654
 4522 1258 1253 4525 
1597 
 652 1924 578 1483
 1255 4523 4524 2916 
1598 
 1924 654 1483 580
 4523 1259 4525 2917 
1599 
 35 653 654 1925
 1258 4526 1256 4528 
1600 
 653 36 1925 655
 4526 1260 1257 4529 
1601 
 654 1925 580 1487
 1259 4527 4528 2924 
1602 
 1925 655 1487 518
 4527 1261 4529 2925 
1603 
 583 1489 1490 1926
 2930 4530 2928 4532 
1604 
 1489 140 1926 825
 4530 1600 2929 4533 
1605 
 1490 1926 584 1491
 2931 4531 4532 2932 
1606 
 1926 825 1491 581
 4531 1601 4533 2933 
1607 
 105 764 763 1927
 1476 4534 1478 4536 
1608 
 764 583 1927 1490
 4534 2930 1479 4537 
1609 
 763 1927 582 1488
 1477 4535 4536 2926 
1610 
 1927 1490 1488 584
 4535 2931 4537 2927 
1611 
 585 1492 1493 1928
 2936 4538 2934 4540 
1612 
 1492 105 1928 763
 4538 1476 2935 4541 
1613 
 1493 1928 586 1494
 2937 4539 4540 2938 
1614 
 1928 763 1494 582
 4539 1477 4541 2939 
1615 
 137 817 818 1929
 1586 4542 1584 4544 
1616 
 817 590 1929 1499
 4542 2948 1585 4545 
1617 
 818 1929 592 1503
 1587 4543 4544 2956 
1618 
 1929 1499 1503 593
 4543 2949 4545 2957 
1619 
 590 1498 1499 1930
 2948 4546 2946 4548 
1620 
 1498 57 1930 690
 4546 1330 2947 4549 
1621 
 1499 1930 593 1505
 2949 4547 4548 2960 
1622 
 1930 690 1505 58
 4547 1331 4549 2961 
1623 
 593 1505 1506 1931
 2962 4550 2960 4552 
1624 
 1505 58 1931 691
 4550 1332 2961 4553 
1625 
 1506 1931 591 1501
 2963 4551 4552 2952 
1626 
 1931 691 1501 59
 4551 1333 4553 2953 
1627 
 592 1503 1502 1932
 2954 4554 2956 4556 
1628 
 1503 593 1932 1506
 4554 2962 2957 4557 
1629 
 1502 1932 99 750
 2955 4555 4556 1450 
1630 
 1932 1506 750 591
 4555 2963 4557 1451 
1631 
 179 884 885 1933
 1720 4558 1718 4560 
1632 
 884 513 1933 1383
 4558 2716 1719 4561 
1633 
 885 1933 595 1507
 1721 4559 4560 2964 
1634 
 1933 1383 1507 596
 4559 2717 4561 2965 
1635 
 570 1473 1474 1934
 2898 4562 2896 4564 
1636 
 1473 179 1934 885
 4562 1720 2897 4565 
1637 
 1474 1934 598 1512
 2899 4563 4564 2974 
1638 
 1934 885 1512 595
 4563 1721 4565 2975 
1639 
 597 1509 1508 1935
 2966 4566 2968 4568 
1640 
 1509 598 1935 1511
 4566 2972 2969 4569 
1641 
 1508 1935 98 748
 2967 4567 4568 1446 
1642 
 1935 1511 748 498
 4567 2973 4569 1447 
1643 
 157 847 848 1936
 1646 4570 1644 4572 
1644 
 847 570 1936 1474
 4570 2898 1645 4573 
1645 
 848 1936 597 1509
 1647 4571 4572 2968 
1646 
 1936 1474 1509 598
 4571 2899 4573 2969 
1647 
 530 1405 1404 1937
 2758 4574 2760 4576 
1648 
 1405 599 1937 1513
 4574 2976 2761 4577 
1649 
 1404 1937 96 744
 2759 4575 4576 1438 
1650 
 1937 1513 744 469
 4575 2977 4577 1439 
1651 
 111 774 776 1938
 1502 4578 1498 4580 
1652 
 774 305 1938 1027
 4578 2004 1499 4581 
1653 
 776 1938 530 1405
 1503 4579 4580 2760 
1654 
 1938 1027 1405 599
 4579 2005 4581 2761 
1655 
 305 1025 1027 1939
 2004 4582 2000 4584 
1656 
 1025 154 1939 841
 4582 1632 2001 4585 
1657 
 1027 1939 599 1514
 2005 4583 4584 2978 
1658 
 1939 841 1514 565
 4583 1633 4585 2979 
1659 
 599 1514 1513 1940
 2976 4586 2978 4588 
1660 
 1514 565 1940 1464
 4586 2878 2979 4589 
1661 
 1513 1940 469 1306
 2977 4587 4588 2562 
1662 
 1940 1464 1306 119
 4587 2879 4589 2563 
1663 
 532 1409 1408 1941
 2766 4590 2768 4592 
1664 
 1409 600 1941 1515
 4590 2980 2769 4593 
1665 
 1408 1941 141 827
 2767 4591 4592 1604 
1666 
 1941 1515 827 528
 4591 2981 4593 1605 
1667 
 157 848 846 1942
 1642 4594 1646 4596 
1668 
 848 597 1942 1510
 4594 2970 1647 4597 
1669 
 846 1942 532 1409
 1643 4595 4596 2768 
1670 
 1942 1510 1409 600
 4595 2971 4597 2769 
1671 
 597 1508 1510 1943
 2970 4598 2966 4600 
1672 
 1508 98 1943 749
 4598 1448 2967 4601 
1673 
 1510 1943 600 1516
 2971 4599 4600 2982 
1674 
 1943 749 1516 572
 4599 1449 4601 2983 
1675 
 220 932 931 1944
 1812 4602 1814 4604 
1676 
 932 601 1944 1517
 4602 2984 1815 4605 
1677 
 931 1944 140 825
 1813 4603 4604 1600 
1678 
 1944 1517 825 581
 4603 2985 4605 1601 
1679 
 577 1479 1480 1945
 2910 4606 2908 4608 
1680 
 1479 136 1945 816
 4606 1582 2909 4609 
1681 
 1480 1945 602 1518
 2911 4607 4608 2986 
1682 
 1945 816 1518 541
 4607 1583 4609 2987 
1683 
 602 1518 1519 1946
 2988 4610 2986 4612 
1684 
 1518 541 1946 1423
 4610 2796 2987 4613 
1685 
 1519 1946 557 1452
 2989 4611 4612 2854 
1686 
 1946 1423 1452 107
 4611 2797 4613 2855 
1687 
 31 645 644 1947
 1238 4614 1240 4616 
1688 
 645 602 1947 1519
 4614 2988 1241 4617 
1689 
 644 1947 30 643
 1239 4615 4616 1236 
1690 
 1947 1519 643 557
 4615 2989 4617 1237 
1691 
 32 647 646 1948
 1242 4618 1244 4620 
1692 
 647 577 1948 1480
 4618 2910 1245 4621 
1693 
 646 1948 31 645
 1243 4619 4620 1240 
1694 
 1948 1480 645 602
 4619 2911 4621 1241 
1695 
 128 803 805 1949
 1560 4622 1556 4624 
1696 
 803 359 1949 1111
 4622 2172 1557 4625 
1697 
 805 1949 402 1195
 1561 4623 4624 2340 
1698 
 1949 1111 1195 604
 4623 2173 4625 2341 
1699 
 359 1110 1111 1950
 2172 4626 2170 4628 
1700 
 1110 53 1950 686
 4626 1322 2171 4629 
1701 
 1111 1950 604 1521
 2173 4627 4628 2992 
1702 
 1950 686 1521 54
 4627 1323 4629 2993 
1703 
 604 1521 1522 1951
 2994 4630 2992 4632 
1704 
 1521 54 1951 687
 4630 1324 2993 4633 
1705 
 1522 1951 603 1520
 2995 4631 4632 2990 
1706 
 1951 687 1520 55
 4631 1325 4633 2991 
1707 
 402 1195 1193 1952
 2336 4634 2340 4636 
1708 
 1195 604 1952 1522
 4634 2994 2341 4637 
1709 
 1193 1952 104 762
 2337 4635 4636 1474 
1710 
 1952 1522 762 603
 4635 2995 4637 1475 
1711 
 137 819 817 1953
 1584 4638 1588 4640 
1712 
 819 605 1953 1524
 4638 2998 1589 4641 
1713 
 817 1953 590 1500
 1585 4639 4640 2950 
1714 
 1953 1524 1500 606
 4639 2999 4641 2951 
1715 
 605 1523 1524 1954
 2998 4642 2996 4644 
1716 
 1523 104 1954 762
 4642 1474 2997 4645 
1717 
 1524 1954 606 1527
 2999 4643 4644 3004 
1718 
 1954 762 1527 603
 4643 1475 4645 3005 
1719 
 606 1527 1526 1955
 3002 4646 3004 4648 
1720 
 1527 603 1955 1520
 4646 2990 3005 4649 
1721 
 1526 1955 56 688
 3003 4647 4648 1326 
1722 
 1955 1520 688 55
 4647 2991 4649 1327 
1723 
 590 1500 1498 1956
 2946 4650 2950 4652 
1724 
 1500 606 1956 1526
 4650 3002 2951 4653 
1725 
 1498 1956 57 689
 2947 4651 4652 1328 
1726 
 1956 1526 689 56
 4651 3003 4653 1329 
1727 
 607 1529 1528 1957
 3006 4654 3008 4656 
1728 
 1529 609 1957 1533
 4654 3016 3009 4657 
1729 
 1528 1957 117 787
 3007 4655 4656 1524 
1730 
 1957 1533 787 608
 4655 3017 4657 1525 
1731 
 135 813 814 1958
 1578 4658 1576 4660 
1732 
 813 471 1958 1310
 4658 2570 1577 4661 
1733 
 814 1958 607 1529
 1579 4659 4660 3008 
1734 
 1958 1310 1529 609
 4659 2571 4661 3009 
1735 
 471 1309 1310 1959
 2570 4662 2568 4664 
1736 
 1309 144 1959 830
 4662 1610 2569 4665 
1737 
 1310 1959 609 1532
 2571 4663 4664 3014 
1738 
 1959 830 1532 436
 4663 1611 4665 3015 
1739 
 609 1532 1533 1960
 3016 4666 3014 4668 
1740 
 1532 436 1960 1256
 4666 2462 3015 4669 
1741 
 1533 1960 608 1530
 3017 4667 4668 3010 
1742 
 1960 1256 1530 160
 4667 2463 4669 3011 
1743 
 611 1535 1536 1961
 3022 4670 3020 4672 
1744 
 1535 323 1961 1061
 4670 2072 3021 4673 
1745 
 1536 1961 610 1534
 3023 4671 4672 3018 
1746 
 1961 1061 1534 147
 4671 2073 4673 3019 
1747 
 587 1496 1495 1962
 2940 4674 2942 4676 
1748 
 1496 611 1962 1536
 4674 3022 2943 4677 
1749 
 1495 1962 180 887
 2941 4675 4676 1724 
1750 
 1962 1536 887 610
 4675 3023 4677 1725 
1751 
 612 1537 1538 1963
 3026 4678 3024 4680 
1752 
 1537 180 1963 887
 4678 1724 3025 4681 
1753 
 1538 1963 613 1541
 3027 4679 4680 3032 
1754 
 1963 887 1541 610
 4679 1725 4681 3033 
1755 
 613 1541 1540 1964
 3030 4682 3032 4684 
1756 
 1541 610 1964 1534
 4682 3018 3033 4685 
1757 
 1540 1964 400 1190
 3031 4683 4684 2330 
1758 
 1964 1534 1190 147
 4683 3019 4685 2331 
1759 
 605 1525 1523 1965
 2996 4686 3000 4688 
1760 
 1525 613 1965 1540
 4686 3030 3001 4689 
1761 
 1523 1965 104 761
 2997 4687 4688 1472 
1762 
 1965 1540 761 400
 4687 3031 4689 1473 
1763 
 137 820 819 1966
 1588 4690 1590 4692 
1764 
 820 612 1966 1538
 4690 3026 1591 4693 
1765 
 819 1966 605 1525
 1589 4691 4692 3000 
1766 
 1966 1538 1525 613
 4691 3027 4693 3001 
1767 
 117 787 788 1967
 1526 4694 1524 4696 
1768 
 787 608 1967 1531
 4694 3012 1525 4697 
1769 
 788 1967 614 1543
 1527 4695 4696 3036 
1770 
 1967 1531 1543 615
 4695 3013 4697 3037 
1771 
 608 1530 1531 1968
 3012 4698 3010 4700 
1772 
 1530 160 1968 850
 4698 1650 3011 4701 
1773 
 1531 1968 615 1545
 3013 4699 4700 3040 
1774 
 1968 850 1545 444
 4699 1651 4701 3041 
1775 
 615 1545 1544 1969
 3038 4702 3040 4704 
1776 
 1545 444 1969 1265
 4702 2480 3041 4705 
1777 
 1544 1969 352 1104
 3039 4703 4704 2158 
1778 
 1969 1265 1104 122
 4703 2481 4705 2159 
1779 
 614 1543 1542 1970
 3034 4706 3036 4708 
1780 
 1543 615 1970 1544
 4706 3038 3037 4709 
1781 
 1542 1970 106 765
 3035 4707 4708 1480 
1782 
 1970 1544 765 352
 4707 3039 4709 1481 
1783 
 612 1539 1537 1971
 3024 4710 3028 4712 
1784 
 1539 617 1971 1547
 4710 3044 3029 4713 
1785 
 1537 1971 180 886
 3025 4711 4712 1722 
1786 
 1971 1547 886 588
 4711 3045 4713 1723 
1787 
 137 818 820 1972
 1590 4714 1586 4716 
1788 
 818 592 1972 1504
 4714 2958 1587 4717 
1789 
 820 1972 612 1539
 1591 4715 4716 3028 
1790 
 1972 1504 1539 617
 4715 2959 4717 3029 
1791 
 592 1502 1504 1973
 2958 4718 2954 4720 
1792 
 1502 99 1973 751
 4718 1452 2955 4721 
1793 
 1504 1973 617 1548
 2959 4719 4720 3046 
1794 
 1973 751 1548 616
 4719 1453 4721 3047 
1795 
 617 1548 1547 1974
 3044 4722 3046 4724 
1796 
 1548 616 1974 1546
 4722 3042 3047 4725 
1797 
 1547 1974 588 1497
 3045 4723 4724 2944 
1798 
 1974 1546 1497 159
 4723 3043 4725 2945 
1799 
 482 1333 1334 1975
 2618 4726 2616 4728 
1800 
 1333 135 1975 814
 4726 1578 2617 4729 
1801 
 1334 1975 619 1551
 2619 4727 4728 3052 
1802 
 1975 814 1551 607
 4727 1579 4729 3053 
1803 
 619 1551 1552 1976
 3054 4730 3052 4732 
1804 
 1551 607 1976 1528
 4730 3006 3053 4733 
1805 
 1552 1976 618 1549
 3055 4731 4732 3048 
1806 
 1976 1528 1549 117
 4731 3007 4733 3049 
1807 
 79 718 717 1977
 1384 4734 1386 4736 
1808 
 718 619 1977 1552
 4734 3054 1387 4737 
1809 
 717 1977 78 716
 1385 4735 4736 1382 
1810 
 1977 1552 716 618
 4735 3055 4737 1383 
1811 
 80 720 719 1978
 1388 4738 1390 4740 
1812 
 720 482 1978 1334
 4738 2618 1391 4741 
1813 
 719 1978 79 718
 1389 4739 4740 1386 
1814 
 1978 1334 718 619
 4739 2619 4741 1387 
1815 
 621 1557 1556 1979
 3062 4742 3064 4744 
1816 
 1557 591 1979 1501
 4742 2952 3065 4745 
1817 
 1556 1979 60 692
 3063 4743 4744 1334 
1818 
 1979 1501 692 59
 4743 2953 4745 1335 
1819 
 292 1002 1001 1980
 1952 4746 1954 4748 
1820 
 1002 621 1980 1556
 4746 3062 1955 4749 
1821 
 1001 1980 61 693
 1953 4747 4748 1336 
1822 
 1980 1556 693 60
 4747 3063 4749 1337 
1823 
 132 812 810 1981
 1570 4750 1574 4752 
1824 
 812 620 1981 1554
 4750 3058 1575 4753 
1825 
 810 1981 292 1002
 1571 4751 4752 1954 
1826 
 1981 1554 1002 621
 4751 3059 4753 1955 
1827 
 620 1553 1554 1982
 3058 4754 3056 4756 
1828 
 1553 99 1982 750
 4754 1450 3057 4757 
1829 
 1554 1982 621 1557
 3059 4755 4756 3064 
1830 
 1982 750 1557 591
 4755 1451 4757 3065 
1831 
 563 1460 1461 1983
 2872 4758 2870 4760 
1832 
 1460 143 1983 829
 4758 1608 2871 4761 
1833 
 1461 1983 623 1558
 2873 4759 4760 3066 
1834 
 1983 829 1558 574
 4759 1609 4761 3067 
1835 
 623 1558 1559 1984
 3068 4762 3066 4764 
1836 
 1558 574 1984 1477
 4762 2904 3067 4765 
1837 
 1559 1984 616 1546
 3069 4763 4764 3042 
1838 
 1984 1477 1546 159
 4763 2905 4765 3043 
1839 
 620 1555 1553 1985
 3056 4766 3060 4768 
1840 
 1555 623 1985 1559
 4766 3068 3061 4769 
1841 
 1553 1985 99 751
 3057 4767 4768 1452 
1842 
 1985 1559 751 616
 4767 3069 4769 1453 
1843 
 132 811 812 1986
 1574 4770 1572 4772 
1844 
 811 563 1986 1461
 4770 2872 1573 4773 
1845 
 812 1986 620 1555
 1575 4771 4772 3060 
1846 
 1986 1461 1555 623
 4771 2873 4773 3061 
1847 
 78 716 715 1987
 1380 4774 1382 4776 
1848 
 716 618 1987 1550
 4774 3050 1383 4777 
1849 
 715 1987 77 714
 1381 4775 4776 1378 
1850 
 1987 1550 714 624
 4775 3051 4777 1379 
1851 
 618 1549 1550 1988
 3050 4778 3048 4780 
1852 
 1549 117 1988 788
 4778 1526 3049 4781 
1853 
 1550 1988 624 1561
 3051 4779 4780 3072 
1854 
 1988 788 1561 614
 4779 1527 4781 3073 
1855 
 624 1561 1560 1989
 3070 4782 3072 4784 
1856 
 1561 614 1989 1542
 4782 3034 3073 4785 
1857 
 1560 1989 299 1015
 3071 4783 4784 1980 
1858 
 1989 1542 1015 106
 4783 3035 4785 1981 
1859 
 77 714 713 1990
 1376 4786 1378 4788 
1860 
 714 624 1990 1560
 4786 3070 1379 4789 
1861 
 713 1990 76 712
 1377 4787 4788 1374 
1862 
 1990 1560 712 299
 4787 3071 4789 1375 
