0 0.000000 0.000000 59 
 1 1.000000 0.000000 673 
 2 0.000000 1.000000 697 
 3 1.000000 1.000000 872 
 4 0.041667 0.000000 59 60 
 5 0.083333 0.000000 60 139 
 6 0.125000 0.000000 139 140 
 7 0.166667 0.000000 124 140 
 8 0.208333 0.000000 124 125 
 9 0.250000 0.000000 125 127 
 10 0.291667 0.000000 127 128 
 11 0.333333 0.000000 78 128 
 12 0.375000 0.000000 78 79 
 13 0.416667 0.000000 79 118 
 14 0.458333 0.000000 118 119 
 15 0.500000 0.000000 57 119 
 16 0.541667 0.000000 54 57 
 17 0.583333 0.000000 54 85 
 18 0.625000 0.000000 85 1270 
 19 0.666667 0.000000 1144 1269 
 20 0.708333 0.000000 1146 1148 
 21 0.750000 0.000000 1150 1166 
 22 0.791667 0.000000 1165 1170 
 23 0.833333 0.000000 1169 1282 
 24 0.875000 0.000000 1281 1286 
 25 0.916667 0.000000 670 1285 
 26 0.958333 0.000000 669 674 
 27 1.000000 0.041667 671 677 
 28 1.000000 0.083333 675 1461 
 29 1.000000 0.125000 1459 1465 
 30 1.000000 0.166667 1463 1689 
 31 1.000000 0.208333 1687 1693 
 32 1.000000 0.250000 1577 1691 
 33 1.000000 0.291667 1575 1581 
 34 1.000000 0.333333 1579 1595 
 35 1.000000 0.375000 1596 1599 
 36 1.000000 0.416667 1261 1600 
 37 1.000000 0.458333 1259 1265 
 38 1.000000 0.500000 1011 1263 
 39 1.000000 0.541667 1012 1015 
 40 1.000000 0.583333 579 1016 
 41 1.000000 0.625000 580 583 
 42 1.000000 0.666667 584 847 
 43 1.000000 0.708333 848 851 
 44 1.000000 0.750000 852 879 
 45 1.000000 0.791667 880 883 
 46 1.000000 0.833333 437 884 
 47 1.000000 0.875000 435 441 
 48 1.000000 0.916667 439 867 
 49 1.000000 0.958333 868 871 
 50 0.958333 1.000000 860 874 
 51 0.916667 1.000000 472 862 
 52 0.875000 1.000000 460 474 
 53 0.833333 1.000000 462 1700 
 54 0.791667 1.000000 1702 1704 
 55 0.750000 1.000000 1706 1722 
 56 0.708333 1.000000 1721 1726 
 57 0.666667 1.000000 1620 1725 
 58 0.625000 1.000000 1622 1624 
 59 0.583333 1.000000 1626 1818 
 60 0.541667 1.000000 1817 1822 
 61 0.500000 1.000000 266 1821 
 62 0.458333 1.000000 254 265 
 63 0.416667 1.000000 253 1120 
 64 0.375000 1.000000 1108 1122 
 65 0.333333 1.000000 968 1110 
 66 0.291667 1.000000 970 972 
 67 0.250000 1.000000 974 988 
 68 0.208333 1.000000 990 992 
 69 0.166667 1.000000 994 1206 
 70 0.125000 1.000000 1205 1210 
 71 0.083333 1.000000 694 1209 
 72 0.041667 1.000000 693 698 
 73 0.000000 0.958333 685 695 
 74 0.000000 0.916667 287 683 
 75 0.000000 0.875000 288 291 
 76 0.000000 0.833333 292 1861 
 77 0.000000 0.791667 1849 1859 
 78 0.000000 0.750000 1809 1847 
 79 0.000000 0.708333 1807 1813 
 80 0.000000 0.666667 1061 1811 
 81 0.000000 0.625000 1059 1065 
 82 0.000000 0.583333 1063 1313 
 83 0.000000 0.541667 1311 1317 
 84 0.000000 0.500000 1091 1315 
 85 0.000000 0.458333 1092 1095 
 86 0.000000 0.416667 485 1096 
 87 0.000000 0.375000 483 489 
 88 0.000000 0.333333 487 819 
 89 0.000000 0.291667 820 823 
 90 0.000000 0.250000 824 927 
 91 0.000000 0.208333 70 928 
 92 0.000000 0.166667 52 70 
 93 0.000000 0.125000 52 53 
 94 0.000000 0.083333 53 58 
 95 0.000000 0.041667 58 59 
 96 0.083333 0.583331 999 1068 1310 1649 
 97 0.916666 0.499998 419 1025 1252 1427 
 98 0.416666 0.083331 76 117 1641 1672 
 99 0.583333 0.916665 1629 1792 1828 1841 
 100 0.750000 0.083332 186 590 1153 1160 
 101 0.916666 0.666665 544 574 711 845 
 102 0.250000 0.916665 168 267 977 983 
 103 0.083333 0.333331 65 476 783 817 
 104 0.750000 0.916665 620 1709 1716 1761 
 105 0.250000 0.083332 134 144 1607 1612 
 106 0.083333 0.833332 298 444 1781 1858 
 107 0.916667 0.166666 1345 1468 1543 1686 
 108 0.916667 0.916666 428 467 865 895 
 109 0.083333 0.083333 3 50 61 138 
 110 0.083333 0.916666 285 455 688 1211 
 111 0.083333 0.499998 311 1105 1304 1651 
 112 0.416666 0.916665 255 327 1115 1491 
 113 0.916666 0.333331 615 1179 1584 1593 
 114 0.583333 0.083331 55 84 94 566 
 115 0.083333 0.249998 32 62 814 925 
 116 0.916666 0.749998 211 700 858 877 
 117 0.083333 0.749998 1729 1767 1806 1852 
 118 0.916667 0.083333 680 1287 1458 1541 
 119 0.166666 0.583329 1004 1409 1506 1662 
 120 0.833333 0.749997 209 363 664 706 
 121 0.166666 0.249997 21 31 63 650 
 122 0.166666 0.833331 278 450 830 1778 
 123 0.333333 0.916665 163 332 963 1113 
 124 0.833333 0.166665 595 725 1358 1548 
 125 0.083333 0.166666 2 33 51 71 
 126 0.666666 0.083331 180 569 1139 1271 
 127 0.916667 0.833332 216 434 890 893 
 128 0.833333 0.916666 465 631 900 1695 
 129 0.916666 0.583331 424 539 577 1022 
 130 0.916666 0.416665 1184 1258 1425 1590 
 131 0.083333 0.416664 316 482 781 1102 
 132 0.500000 0.916665 260 1489 1823 1843 
 133 0.500000 0.083331 56 93 120 137 
 134 0.333333 0.083331 77 126 135 136 
 135 0.083333 0.666665 997 1074 1731 1800 
 136 0.916666 0.249998 613 1347 1574 1680 
 137 0.666666 0.916665 1615 1711 1763 1787 
 138 0.166667 0.916666 272 453 981 1216 
 139 0.833333 0.083332 593 1155 1292 1538 
 140 0.166667 0.083332 0 143 1604 1677 
 141 0.499999 0.166662 1052 1299 1326 1665 
 142 0.833333 0.416663 744 1085 1174 1438 
 143 0.499999 0.833329 1194 1502 1569 1832 
 144 0.166666 0.666663 809 1010 1406 1736 
 145 0.166666 0.166664 1 20 30 146 
 146 0.333333 0.833330 161 322 764 1034 
 147 0.750000 0.833330 374 626 1746 1758 
 148 0.250000 0.833330 158 281 770 840 
 149 0.250000 0.166664 133 145 149 1222 
 150 0.666666 0.166663 175 508 555 953 
 151 0.750000 0.166664 173 514 600 722 
 152 0.833333 0.583329 414 553 1128 1235 
 153 0.166666 0.416662 234 306 750 794 
 154 0.166666 0.499996 228 309 1509 1656 
 155 0.833333 0.666663 550 659 709 1240 
 156 0.166666 0.333330 64 644 753 788 
 157 0.416666 0.166663 1320 1561 1643 1667 
 158 0.833333 0.833331 206 368 629 906 
 159 0.583333 0.833329 121 129 1798 1838 
 160 0.166666 0.749997 806 833 1742 1772 
 161 0.833333 0.333330 359 604 739 1177 
 162 0.833333 0.249997 357 610 727 1352 
 163 0.249999 0.583328 385 1411 1516 1530 
 164 0.416666 0.249994 409 1331 1392 1563 
 165 0.583333 0.749995 49 115 123 130 
 166 0.749999 0.416661 238 506 734 1082 
 167 0.249999 0.416661 221 534 760 914 
 168 0.666666 0.249995 519 955 1365 1440 
 169 0.749999 0.583328 1134 1200 1249 1382 
 170 0.333333 0.749995 775 1037 1418 1472 
 171 0.749999 0.749996 73 142 377 654 
 172 0.249999 0.333328 537 639 755 932 
 173 0.249999 0.249996 151 637 938 1232 
 174 0.416666 0.833329 325 1028 1197 1496 
 175 0.583333 0.166663 560 950 1058 1297 
 176 0.833333 0.499996 417 1087 1123 1432 
 177 0.749999 0.333328 348 500 737 1449 
 178 0.249999 0.666662 382 795 1400 1481 
 179 0.333333 0.166663 1225 1558 1631 1636 
 180 0.666666 0.833330 132 1749 1752 1785 
 181 0.749999 0.249996 354 517 716 1446 
 182 0.249999 0.749996 773 800 835 1478 
 183 0.416666 0.749994 39 107 1039 1187 
 184 0.583333 0.249994 194 960 1045 1362 
 185 0.499999 0.749994 38 80 116 122 
 186 0.749999 0.666662 72 83 657 1246 
 187 0.333332 0.416660 338 528 917 1278 
 188 0.499999 0.249994 188 1047 1329 1398 
 189 0.749999 0.499994 241 1076 1137 1376 
 190 0.249999 0.499994 223 908 1511 1533 
 191 0.666666 0.416660 66 95 248 493 
 192 0.666666 0.333327 495 1339 1367 1451 
 193 0.333332 0.583326 99 103 387 1524 
 194 0.333333 0.666661 102 392 1421 1483 
 195 0.666666 0.749995 48 74 131 141 
 196 0.333333 0.333327 341 400 523 943 
 197 0.333333 0.249995 406 941 1227 1552 
 198 0.583332 0.666660 8 46 111 114 
 199 0.499999 0.666660 9 36 41 113 
 200 0.499999 0.333326 23 42 199 1385 
 201 0.416666 0.416659 28 44 45 87 
 202 0.583332 0.416659 17 25 69 96 
 203 0.416666 0.583326 5 34 98 104 
 204 0.583332 0.333327 24 197 1337 1372 
 205 0.416666 0.666660 37 40 101 108 
 206 0.416666 0.333327 299 343 395 1387 
 207 0.333332 0.499993 86 100 919 1519 
 208 0.666666 0.499993 67 91 106 243 
 209 0.666666 0.583327 82 92 105 109 
 210 0.666666 0.666661 47 75 81 110 
 211 0.499999 0.583326 4 10 12 35 
 212 0.583332 0.499992 14 18 68 90 
 213 0.583332 0.583326 11 15 89 112 
 214 0.499999 0.416659 16 22 29 43 
 215 0.416666 0.499992 6 27 88 97 
 216 0.499999 0.499992 7 13 19 26 
 217 0.166666 0.124998 0 1 143 146 
 218 0.125000 0.166665 1 2 30 33 
 219 0.083333 0.124999 2 3 50 51 
 220 0.125000 0.083332 0 3 138 1675 
 221 0.125000 0.124999 0 1 2 3 
 222 0.458332 0.583326 4 5 34 35 
 223 0.416666 0.541659 5 6 97 98 
 224 0.458332 0.499992 6 7 26 27 
 225 0.499999 0.541659 4 7 12 13 
 226 0.458332 0.541659 4 5 6 7 
 227 0.541666 0.666660 8 9 113 114 
 228 0.499999 0.624993 9 10 35 36 
 229 0.541666 0.583326 10 11 12 15 
 230 0.583332 0.624993 8 11 111 112 
 231 0.541666 0.624993 8 9 10 11 
 232 0.541666 0.499992 13 14 18 19 
 233 0.583332 0.541659 14 15 89 90 
 234 0.541666 0.541659 12 13 14 15 
 235 0.541666 0.416659 16 17 22 25 
 236 0.583332 0.458326 17 18 68 69 
 237 0.499999 0.458326 16 19 26 29 
 238 0.541666 0.458326 16 17 18 19 
 239 0.208333 0.166664 20 145 146 150 
 240 0.250000 0.208330 147 153 1220 1234 
 241 0.208333 0.249996 21 152 638 649 
 242 0.166666 0.208331 20 21 30 31 
 243 0.208333 0.208330 20 21 148 154 
 244 0.291666 0.833330 157 162 766 768 
 245 0.333333 0.874997 159 165 320 334 
 246 0.291666 0.916665 164 167 965 975 
 247 0.250000 0.874998 156 170 269 279 
 248 0.291666 0.874997 155 160 166 169 
 249 0.499999 0.374993 22 23 42 43 
 250 0.541666 0.333326 23 24 195 201 
 251 0.583332 0.374993 24 25 96 1338 
 252 0.541666 0.374993 22 23 24 25 
 253 0.416666 0.458326 27 28 87 88 
 254 0.458332 0.416659 28 29 43 44 
 255 0.458332 0.458326 26 27 28 29 
 256 0.708333 0.166663 171 177 510 512 
 257 0.666666 0.124997 176 179 557 567 
 258 0.708333 0.083332 182 184 1141 1151 
 259 0.750000 0.124998 174 185 588 602 
 260 0.708333 0.124997 172 178 181 183 
 261 0.541666 0.249994 190 192 1043 1049 
 262 0.583333 0.291660 193 198 1360 1374 
 263 0.499999 0.291660 187 200 1386 1397 
 264 0.541666 0.291660 189 191 196 202 
 265 0.125000 0.249998 31 32 62 63 
 266 0.083333 0.208332 32 33 71 926 
 267 0.125000 0.208331 30 31 32 33 
 268 0.833333 0.791664 205 210 364 367 
 269 0.875000 0.749998 207 213 702 704 
 270 0.916666 0.791665 212 215 878 889 
 271 0.875000 0.833332 204 218 894 905 
 272 0.875000 0.791665 203 208 214 217 
 273 0.249999 0.458327 219 225 910 912 
 274 0.208333 0.499995 224 227 1507 1513 
 275 0.166666 0.458329 230 232 305 310 
 276 0.208333 0.416662 222 233 748 762 
 277 0.208333 0.458328 220 226 229 231 
 278 0.749999 0.458328 237 242 1078 1080 
 279 0.708332 0.499994 106 239 245 1375 
 280 0.666666 0.458327 66 67 244 247 
 281 0.708333 0.416660 236 250 494 505 
 282 0.708333 0.458327 235 240 246 249 
 283 0.458332 0.666660 36 37 40 41 
 284 0.416666 0.624993 34 37 101 104 
 285 0.458332 0.624993 34 35 36 37 
 286 0.458333 0.749994 38 39 80 1188 
 287 0.416666 0.708327 39 40 107 108 
 288 0.499999 0.708327 38 41 113 116 
 289 0.458333 0.708327 38 39 40 41 
 290 0.416667 0.958332 251 257 1116 1119 
 291 0.458333 0.916665 256 259 1487 1493 
 292 0.500000 0.958332 262 264 1819 1825 
 293 0.458333 0.958332 252 258 261 263 
 294 0.208333 0.916665 268 271 979 985 
 295 0.166666 0.874998 274 276 449 454 
 296 0.208333 0.833331 277 282 828 842 
 297 0.208333 0.874998 270 273 275 280 
 298 0.041667 0.916666 283 289 684 687 
 299 0.041667 0.833333 294 296 1857 1862 
 300 0.083333 0.874999 286 297 443 456 
 301 0.041667 0.875000 284 290 293 295 
 302 0.416666 0.374993 44 45 301 344 
 303 0.458332 0.333326 42 300 1383 1389 
 304 0.458332 0.374993 42 43 44 302 
 305 0.125000 0.499997 307 313 1652 1655 
 306 0.083333 0.458331 312 315 1101 1106 
 307 0.125000 0.416663 304 318 782 793 
 308 0.125000 0.458330 303 308 314 317 
 309 0.374999 0.833330 321 326 1030 1032 
 310 0.416666 0.874997 323 329 1492 1495 
 311 0.375000 0.916665 328 331 1111 1117 
 312 0.375000 0.874997 319 324 330 333 
 313 0.333332 0.374993 337 342 524 527 
 314 0.374999 0.333327 339 345 396 399 
 315 0.374999 0.416659 45 87 336 1277 
 316 0.374999 0.374993 45 335 340 346 
 317 0.749999 0.291662 350 352 1445 1450 
 318 0.791666 0.249996 353 358 715 728 
 319 0.833333 0.291663 355 361 606 608 
 320 0.791666 0.333329 347 360 735 741 
 321 0.791666 0.291663 349 351 356 362 
 322 0.791666 0.833331 370 372 625 630 
 323 0.750000 0.791663 142 373 378 1744 
 324 0.791666 0.749997 365 375 652 666 
 325 0.791666 0.791664 366 369 371 376 
 326 0.249999 0.624995 381 386 1399 1412 
 327 0.291666 0.583327 383 389 1526 1528 
 328 0.333332 0.624994 102 103 388 391 
 329 0.291666 0.666661 380 394 1479 1485 
 330 0.291666 0.624994 379 384 390 393 
 331 0.333333 0.291661 402 404 939 945 
 332 0.374999 0.249995 405 410 1551 1564 
 333 0.416666 0.291660 397 407 1388 1391 
 334 0.374999 0.291661 398 401 403 408 
 335 0.624999 0.666660 46 47 110 111 
 336 0.666666 0.708328 47 48 74 75 
 337 0.624999 0.749995 48 49 130 131 
 338 0.583333 0.708327 46 49 114 115 
 339 0.624999 0.708328 46 47 48 49 
 340 0.833333 0.541663 413 418 1124 1127 
 341 0.875000 0.499997 415 421 1428 1431 
 342 0.916666 0.541665 420 423 1021 1026 
 343 0.875000 0.583330 412 426 541 551 
 344 0.875000 0.541664 411 416 422 425 
 345 0.916667 0.874999 430 432 891 897 
 346 0.958333 0.833333 433 438 886 888 
 347 0.958333 0.916666 427 440 863 869 
 348 0.958333 0.875000 429 431 436 442 
 349 0.041667 0.166666 51 52 70 71 
 350 0.041667 0.083333 50 53 58 61 
 351 0.041667 0.125000 50 51 52 53 
 352 0.125000 0.833332 446 448 1777 1782 
 353 0.125000 0.916666 451 457 1212 1215 
 354 0.125000 0.874999 445 447 452 458 
 355 0.583333 0.041666 54 55 84 85 
 356 0.541666 0.083331 55 56 93 94 
 357 0.500000 0.041666 56 57 119 120 
 358 0.541667 0.041666 54 55 56 57 
 359 0.833333 0.958333 461 466 1696 1699 
 360 0.875000 0.916666 463 469 896 899 
 361 0.916667 0.958333 468 471 861 866 
 362 0.875000 0.958333 459 464 470 473 
 363 0.083333 0.374998 478 480 779 785 
 364 0.041667 0.416666 481 486 1098 1100 
 365 0.041667 0.333332 475 488 815 821 
 366 0.041667 0.374999 477 479 484 490 
 367 0.666666 0.374994 95 491 497 1340 
 368 0.708333 0.333328 496 499 1447 1453 
 369 0.749999 0.374995 502 504 733 738 
 370 0.708333 0.374994 492 498 501 503 
 371 0.750000 0.208330 513 518 718 720 
 372 0.708333 0.249995 515 521 1442 1444 
 373 0.666666 0.208329 507 520 951 957 
 374 0.708333 0.208329 509 511 516 522 
 375 0.291666 0.416660 530 532 913 918 
 376 0.249999 0.374994 533 538 756 759 
 377 0.291666 0.333328 525 535 931 944 
 378 0.291666 0.374994 526 529 531 536 
 379 0.916666 0.624998 540 543 573 578 
 380 0.875000 0.666664 546 548 707 713 
 381 0.833333 0.624996 549 554 1236 1239 
 382 0.875000 0.624997 542 545 547 552 
 383 0.624999 0.166663 556 559 949 954 
 384 0.583333 0.124997 94 562 564 1298 
 385 0.625000 0.083331 84 565 570 1272 
 386 0.625000 0.124997 558 561 563 568 
 387 0.083333 0.041666 60 61 138 139 
 388 0.041667 0.041667 58 59 60 61 
 389 0.958333 0.583332 575 581 1018 1020 
 390 0.958333 0.666666 572 586 843 849 
 391 0.958333 0.624999 571 576 582 585 
 392 0.791666 0.083332 589 594 1156 1159 
 393 0.833333 0.124998 591 597 1536 1550 
 394 0.791666 0.166664 596 599 721 726 
 395 0.791666 0.124998 587 592 598 601 
 396 0.875000 0.249998 609 614 1348 1351 
 397 0.916666 0.291665 611 617 1572 1586 
 398 0.875000 0.333331 603 616 1175 1181 
 399 0.875000 0.291664 605 607 612 618 
 400 0.750000 0.874998 622 624 1757 1762 
 401 0.833333 0.874998 627 633 902 904 
 402 0.791666 0.916665 619 632 1697 1707 
 403 0.791666 0.874998 621 623 628 634 
 404 0.249999 0.291662 635 641 934 936 
 405 0.208333 0.333329 640 643 751 757 
 406 0.166666 0.291663 63 64 646 648 
 407 0.208333 0.291663 636 642 645 647 
 408 0.749999 0.708329 72 73 653 658 
 409 0.791666 0.666663 655 661 1242 1244 
 410 0.833333 0.708330 660 663 705 710 
 411 0.791666 0.708330 651 656 662 665 
 412 0.958333 0.083333 676 679 1457 1462 
 413 0.916667 0.041666 668 682 1283 1289 
 414 0.958333 0.041667 667 672 678 681 
 415 0.083333 0.958333 690 692 1207 1213 
 416 0.041667 0.958333 686 689 691 696 
 417 0.916666 0.708332 699 712 846 857 
 418 0.875000 0.708331 701 703 708 714 
 419 0.833333 0.208331 723 729 1354 1356 
 420 0.791666 0.208330 717 719 724 730 
 421 0.833333 0.374996 740 743 1173 1178 
 422 0.791666 0.416662 732 746 1081 1086 
 423 0.791666 0.374995 731 736 742 745 
 424 0.125000 0.333330 64 65 784 787 
 425 0.083333 0.291665 62 65 813 818 
 426 0.125000 0.291664 62 63 64 65 
 427 0.166666 0.374996 749 754 790 792 
 428 0.208333 0.374995 747 752 758 761 
 429 0.250000 0.791663 769 774 836 839 
 430 0.291666 0.749995 771 777 1474 1476 
 431 0.333333 0.791662 763 776 1033 1038 
 432 0.291666 0.791663 765 767 772 778 
 433 0.125000 0.374997 780 786 789 791 
 434 0.249999 0.708329 796 799 1477 1482 
 435 0.208333 0.749996 802 804 831 837 
 436 0.166666 0.708330 805 810 1738 1740 
 437 0.208333 0.666662 797 807 1402 1404 
 438 0.208333 0.708329 798 801 803 808 
 439 0.624999 0.499993 67 68 90 91 
 440 0.624999 0.416660 66 69 95 96 
 441 0.624999 0.458326 66 67 68 69 
 442 0.041667 0.249999 812 826 923 929 
 443 0.041667 0.291666 811 816 822 825 
 444 0.166666 0.791664 829 834 1774 1776 
 445 0.208333 0.791664 827 832 838 841 
 446 0.958333 0.749999 854 856 875 881 
 447 0.958333 0.708332 844 850 853 855 
 448 0.958333 0.958333 859 864 870 873 
 449 0.958333 0.791666 876 882 885 887 
 450 0.875000 0.874999 892 898 901 903 
 451 0.333332 0.458326 86 915 921 1276 
 452 0.291666 0.499994 907 920 1521 1531 
 453 0.291666 0.458327 909 911 916 922 
 454 0.041667 0.208333 70 71 924 930 
 455 0.291666 0.249995 937 942 1228 1231 
 456 0.291666 0.291661 933 935 940 946 
 457 0.624999 0.249995 956 959 1361 1366 
 458 0.583333 0.208328 948 962 1046 1057 
 459 0.624999 0.208329 947 952 958 961 
 460 0.708333 0.749996 73 74 141 142 
 461 0.708333 0.666661 72 75 81 83 
 462 0.708333 0.708328 72 73 74 75 
 463 0.333333 0.958332 964 967 1109 1114 
 464 0.250000 0.958333 973 978 984 987 
 465 0.291667 0.958332 966 969 971 976 
 466 0.166667 0.958333 982 993 1204 1218 
 467 0.208333 0.958333 980 986 989 991 
 468 0.083333 0.624998 995 1001 1070 1072 
 469 0.125000 0.583330 1000 1003 1650 1661 
 470 0.166666 0.624996 1006 1008 1405 1410 
 471 0.125000 0.666664 998 1009 1732 1735 
 472 0.125000 0.624997 996 1002 1005 1007 
 473 0.958333 0.499999 1013 1023 1251 1264 
 474 0.958333 0.541666 1014 1017 1019 1024 
 475 0.374999 0.749995 107 1035 1041 1416 
 476 0.416666 0.791662 1027 1040 1189 1195 
 477 0.374999 0.791662 1029 1031 1036 1042 
 478 0.499999 0.208328 1048 1051 1325 1330 
 479 0.541666 0.166662 1054 1056 1295 1301 
 480 0.541666 0.208328 1044 1050 1053 1055 
 481 0.041667 0.583332 1064 1067 1309 1314 
 482 0.041667 0.666666 1062 1073 1799 1812 
 483 0.041667 0.624999 1060 1066 1069 1071 
 484 0.833333 0.458329 1083 1089 1434 1436 
 485 0.791666 0.499995 1075 1088 1125 1135 
 486 0.791666 0.458328 1077 1079 1084 1090 
 487 0.041667 0.499999 1093 1103 1303 1316 
 488 0.041667 0.458332 1094 1097 1099 1104 
 489 0.375000 0.958332 1107 1112 1118 1121 
 490 0.791666 0.583329 1130 1132 1237 1247 
 491 0.749999 0.541661 1133 1138 1378 1380 
 492 0.791666 0.541662 1126 1129 1131 1136 
 493 0.666667 0.041666 1140 1143 1267 1273 
 494 0.750000 0.041666 1149 1154 1162 1164 
 495 0.708333 0.041666 1142 1145 1147 1152 
 496 0.833333 0.041666 1157 1167 1280 1294 
 497 0.791667 0.041666 1158 1161 1163 1168 
 498 0.375000 0.083331 76 77 136 1642 
 499 0.333333 0.041666 77 78 126 128 
 500 0.416667 0.041666 76 79 117 118 
 501 0.375000 0.041666 76 77 78 79 
 502 0.916666 0.374998 1180 1183 1589 1594 
 503 0.875000 0.416664 1172 1186 1426 1437 
 504 0.875000 0.374997 1171 1176 1182 1185 
 505 0.499999 0.791662 80 122 1192 1567 
 506 0.458333 0.833329 1193 1198 1498 1500 
 507 0.458333 0.791662 80 1190 1191 1196 
 508 0.666666 0.624994 81 82 109 110 
 509 0.708333 0.583327 82 105 1199 1381 
 510 0.749999 0.624995 83 1202 1245 1250 
 511 0.708333 0.624994 81 82 83 1201 
 512 0.125000 0.958333 1203 1208 1214 1217 
 513 0.291666 0.166663 133 1221 1226 1632 
 514 0.333333 0.208329 1223 1229 1554 1556 
 515 0.291666 0.208329 1219 1224 1230 1233 
 516 0.791666 0.624996 1238 1241 1243 1248 
 517 0.916666 0.458331 1254 1256 1423 1429 
 518 0.958333 0.416666 1257 1262 1588 1602 
 519 0.958333 0.458332 1253 1255 1260 1266 
 520 0.625000 0.041666 84 85 1268 1274 
 521 0.374999 0.499993 86 88 97 100 
 522 0.374999 0.458326 86 87 88 1275 
 523 0.666666 0.541660 91 92 105 106 
 524 0.624999 0.583326 89 92 109 112 
 525 0.624999 0.541660 89 90 91 92 
 526 0.875000 0.083332 1288 1291 1537 1542 
 527 0.875000 0.041666 1279 1284 1290 1293 
 528 0.500000 0.124997 93 137 1300 1666 
 529 0.541666 0.124997 93 94 1296 1302 
 530 0.083333 0.541664 1306 1308 1647 1653 
 531 0.041667 0.541666 1305 1307 1312 1318 
 532 0.458333 0.166662 1322 1324 1663 1669 
 533 0.458333 0.249994 1327 1333 1394 1396 
 534 0.416666 0.208328 1319 1332 1559 1565 
 535 0.458333 0.208328 1321 1323 1328 1334 
 536 0.624999 0.333327 1335 1341 1368 1371 
 537 0.624999 0.374993 95 96 1336 1342 
 538 0.374999 0.583326 98 99 103 104 
 539 0.333332 0.541660 99 100 1520 1523 
 540 0.374999 0.541659 97 98 99 100 
 541 0.916666 0.208332 1343 1349 1682 1684 
 542 0.875000 0.166665 1346 1357 1544 1547 
 543 0.875000 0.208331 1344 1350 1353 1355 
 544 0.666666 0.291661 1363 1369 1439 1452 
 545 0.624999 0.291661 1359 1364 1370 1373 
 546 0.374999 0.666660 101 102 108 1419 
 547 0.374999 0.624993 101 102 103 104 
 548 0.708333 0.541661 105 106 1377 1379 
 549 0.458332 0.291660 1384 1390 1393 1395 
 550 0.208333 0.583328 1407 1413 1504 1518 
 551 0.208333 0.624995 1401 1403 1408 1414 
 552 0.333333 0.708328 1417 1422 1471 1484 
 553 0.374999 0.708328 107 108 1415 1420 
 554 0.875000 0.458330 1424 1430 1433 1435 
 555 0.624999 0.624993 109 110 111 112 
 556 0.708333 0.291662 1441 1443 1448 1454 
 557 0.958333 0.166666 1464 1467 1685 1690 
 558 0.916667 0.124999 1456 1470 1539 1545 
 559 0.958333 0.125000 1455 1460 1466 1469 
 560 0.541666 0.749994 115 116 122 123 
 561 0.541666 0.708327 113 114 115 116 
 562 0.291666 0.708328 1473 1475 1480 1486 
 563 0.500000 0.874997 1490 1501 1831 1844 
 564 0.458333 0.874997 1488 1494 1497 1499 
 565 0.166666 0.541662 1505 1510 1658 1660 
 566 0.249999 0.541661 1512 1515 1529 1534 
 567 0.208333 0.541662 1503 1508 1514 1517 
 568 0.291666 0.541660 1522 1525 1527 1532 
 569 0.875000 0.124999 1535 1540 1546 1549 
 570 0.374999 0.166663 1557 1562 1635 1644 
 571 0.374999 0.208329 1553 1555 1560 1566 
 572 0.458333 0.083331 117 120 137 1674 
 573 0.458333 0.041666 117 118 119 120 
 574 0.541666 0.833329 121 1570 1834 1836 
 575 0.583333 0.791662 121 123 129 130 
 576 0.541666 0.791662 121 122 123 1568 
 577 0.958333 0.249999 1573 1578 1679 1692 
 578 0.958333 0.333332 1580 1583 1591 1597 
 579 0.958333 0.291666 1571 1576 1582 1585 
 580 0.958333 0.374999 1587 1592 1598 1601 
 581 0.166667 0.041666 124 140 1606 1678 
 582 0.250000 0.041666 125 127 1609 1614 
 583 0.208333 0.083332 143 144 1603 1608 
 584 0.208333 0.041666 124 125 1605 1610 
 585 0.291666 0.083332 126 134 135 1611 
 586 0.291667 0.041666 126 127 128 1613 
 587 0.666666 0.791663 131 132 141 1747 
 588 0.625000 0.833330 129 132 1786 1797 
 589 0.624999 0.791662 129 130 131 132 
 590 0.666667 0.958332 1616 1619 1713 1723 
 591 0.583333 0.958332 1625 1630 1816 1830 
 592 0.625000 0.916665 1617 1627 1788 1791 
 593 0.625000 0.958332 1618 1621 1623 1628 
 594 0.250000 0.124998 133 134 144 145 
 595 0.333333 0.124997 135 136 1633 1638 
 596 0.291666 0.124997 133 134 135 1634 
 597 0.416666 0.124997 1639 1645 1668 1671 
 598 0.375000 0.124997 136 1637 1640 1646 
 599 0.125000 0.541663 1648 1654 1657 1659 
 600 0.458333 0.124997 137 1664 1670 1673 
 601 0.125000 0.041666 138 139 140 1676 
 602 0.958333 0.208333 1681 1683 1688 1694 
 603 0.750000 0.958333 1705 1710 1718 1720 
 604 0.791667 0.958333 1698 1701 1703 1708 
 605 0.708333 0.916665 1712 1715 1759 1765 
 606 0.708333 0.958333 1714 1717 1719 1724 
 607 0.083333 0.708332 1727 1733 1802 1804 
 608 0.125000 0.749998 1730 1741 1768 1771 
 609 0.125000 0.708331 1728 1734 1737 1739 
 610 0.708333 0.833330 1745 1750 1754 1756 
 611 0.708333 0.791663 141 142 1743 1748 
 612 0.666666 0.874997 1751 1764 1783 1789 
 613 0.708333 0.874998 1753 1755 1760 1766 
 614 0.083333 0.791665 1769 1779 1854 1856 
 615 0.125000 0.791665 1770 1773 1775 1780 
 616 0.583333 0.874997 1794 1796 1837 1842 
 617 0.625000 0.874997 1784 1790 1793 1795 
 618 0.041667 0.749999 1805 1810 1848 1851 
 619 0.041667 0.708332 1801 1803 1808 1814 
 620 0.541666 0.916665 1824 1827 1839 1845 
 621 0.541667 0.958332 1815 1820 1826 1829 
 622 0.208333 0.124998 143 144 145 146 
 623 0.541666 0.874997 1833 1835 1840 1846 
 624 0.041667 0.791666 1850 1853 1855 1860 
 625 0.979167 0.000000 673 674 
 626 0.020833 1.000000 697 698 
 627 0.979167 1.000000 872 874 
 628 0.645833 0.000000 1269 1270 
 629 0.687500 0.000000 1144 1146 
 630 0.729167 0.000000 1148 1150 
 631 0.770833 0.000000 1165 1166 
 632 0.812500 0.000000 1169 1170 
 633 0.854167 0.000000 1281 1282 
 634 0.895833 0.000000 1285 1286 
 635 0.937500 0.000000 669 670 
 636 1.000000 0.020833 671 673 
 637 0.979167 0.041667 671 672 677 678 
 638 1.000000 0.062500 675 677 
 639 0.979167 0.083333 675 676 1461 1462 
 640 1.000000 0.104167 1459 1461 
 641 0.979167 0.125000 1459 1460 1465 1466 
 642 1.000000 0.145833 1463 1465 
 643 0.979167 0.166666 1463 1464 1689 1690 
 644 1.000000 0.187500 1687 1689 
 645 0.979167 0.208333 1687 1688 1693 1694 
 646 1.000000 0.229167 1691 1693 
 647 0.979167 0.250000 1577 1578 1691 1692 
 648 1.000000 0.270833 1575 1577 
 649 0.979167 0.291666 1575 1576 1581 1582 
 650 1.000000 0.312500 1579 1581 
 651 1.000000 0.354167 1595 1596 
 652 0.979167 0.333333 1579 1580 1595 1597 
 653 1.000000 0.395833 1599 1600 
 654 0.979167 0.374999 1596 1598 1599 1601 
 655 0.979167 0.416666 1261 1262 1600 1602 
 656 1.000000 0.437500 1259 1261 
 657 0.979167 0.458333 1259 1260 1265 1266 
 658 1.000000 0.479167 1263 1265 
 659 1.000000 0.520833 1011 1012 
 660 0.979167 0.499999 1011 1013 1263 1264 
 661 1.000000 0.562500 1015 1016 
 662 0.979167 0.541666 1012 1014 1015 1017 
 663 1.000000 0.604167 579 580 
 664 0.979167 0.583333 579 581 1016 1018 
 665 1.000000 0.645833 583 584 
 666 0.979167 0.625000 580 582 583 585 
 667 1.000000 0.687500 847 848 
 668 0.979167 0.666666 584 586 847 849 
 669 1.000000 0.729167 851 852 
 670 0.979167 0.708333 848 850 851 853 
 671 1.000000 0.770833 879 880 
 672 0.979167 0.750000 852 854 879 881 
 673 1.000000 0.812500 883 884 
 674 0.979167 0.791666 880 882 883 885 
 675 0.979167 0.833333 437 438 884 886 
 676 1.000000 0.854167 435 437 
 677 0.979167 0.875000 435 436 441 442 
 678 1.000000 0.895833 439 441 
 679 1.000000 0.937500 867 868 
 680 0.979167 0.916667 439 440 867 869 
 681 1.000000 0.979167 871 872 
 682 0.979167 0.958333 868 870 871 873 
 683 0.937500 1.000000 860 862 
 684 0.895833 1.000000 472 474 
 685 0.854167 1.000000 460 462 
 686 0.812500 1.000000 1700 1702 
 687 0.770833 1.000000 1704 1706 
 688 0.729167 1.000000 1721 1722 
 689 0.687500 1.000000 1725 1726 
 690 0.645833 1.000000 1620 1622 
 691 0.604167 1.000000 1624 1626 
 692 0.562500 1.000000 1817 1818 
 693 0.520833 1.000000 1821 1822 
 694 0.479167 1.000000 265 266 
 695 0.437500 1.000000 253 254 
 696 0.395833 1.000000 1120 1122 
 697 0.354167 1.000000 1108 1110 
 698 0.312500 1.000000 968 970 
 699 0.270833 1.000000 972 974 
 700 0.229167 1.000000 988 990 
 701 0.187500 1.000000 992 994 
 702 0.145833 1.000000 1205 1206 
 703 0.104167 1.000000 1209 1210 
 704 0.062500 1.000000 693 694 
 705 0.000000 0.979167 695 697 
 706 0.020833 0.958333 685 686 695 696 
 707 0.000000 0.937500 683 685 
 708 0.000000 0.895833 287 288 
 709 0.020833 0.916667 287 289 683 684 
 710 0.000000 0.854167 291 292 
 711 0.020833 0.875000 288 290 291 293 
 712 0.020833 0.833333 292 294 1861 1862 
 713 0.000000 0.812500 1859 1861 
 714 0.020833 0.791666 1849 1850 1859 1860 
 715 0.000000 0.770833 1847 1849 
 716 0.020833 0.750000 1809 1810 1847 1848 
 717 0.000000 0.729167 1807 1809 
 718 0.020833 0.708333 1807 1808 1813 1814 
 719 0.000000 0.687500 1811 1813 
 720 0.020833 0.666666 1061 1062 1811 1812 
 721 0.000000 0.645833 1059 1061 
 722 0.020833 0.624999 1059 1060 1065 1066 
 723 0.000000 0.604167 1063 1065 
 724 0.020833 0.583333 1063 1064 1313 1314 
 725 0.000000 0.562500 1311 1313 
 726 0.020833 0.541666 1311 1312 1317 1318 
 727 0.000000 0.520833 1315 1317 
 728 0.000000 0.479167 1091 1092 
 729 0.020833 0.499999 1091 1093 1315 1316 
 730 0.000000 0.437500 1095 1096 
 731 0.020833 0.458333 1092 1094 1095 1097 
 732 0.020833 0.416666 485 486 1096 1098 
 733 0.000000 0.395833 483 485 
 734 0.020833 0.374999 483 484 489 490 
 735 0.000000 0.354167 487 489 
 736 0.000000 0.312500 819 820 
 737 0.020833 0.333333 487 488 819 821 
 738 0.000000 0.270833 823 824 
 739 0.020833 0.291666 820 822 823 825 
 740 0.000000 0.229167 927 928 
 741 0.020833 0.250000 824 826 927 929 
 742 0.020833 0.208333 928 930 
 743 0.083333 0.604164 999 1001 1068 1070 
 744 0.104166 0.583331 999 1000 1649 1650 
 745 0.895833 0.499997 419 421 1427 1428 
 746 0.916666 0.520831 419 420 1025 1026 
 747 0.916666 0.479164 1252 1254 1427 1429 
 748 0.395833 0.083331 1641 1642 
 749 0.437500 0.083331 1672 1674 
 750 0.583333 0.937498 1629 1630 1828 1830 
 751 0.583333 0.895831 1792 1794 1841 1842 
 752 0.750000 0.062499 1153 1154 1160 1162 
 753 0.895833 0.666664 544 546 711 713 
 754 0.916666 0.687498 711 712 845 846 
 755 0.250000 0.895831 168 170 267 269 
 756 0.229166 0.916665 267 268 983 985 
 757 0.250000 0.937499 977 978 983 984 
 758 0.083333 0.354165 476 478 783 785 
 759 0.104166 0.333331 783 784 
 760 0.083333 0.312498 817 818 
 761 0.750000 0.895832 620 622 1761 1762 
 762 0.750000 0.937499 1709 1710 1716 1718 
 763 0.250000 0.062499 1607 1609 1612 1614 
 764 0.229166 0.083332 1607 1608 
 765 0.104166 0.833332 444 446 1781 1782 
 766 0.895833 0.166665 1345 1346 1543 1544 
 767 0.916667 0.145832 1468 1470 1543 1545 
 768 0.916667 0.895833 428 430 895 897 
 769 0.895833 0.916666 467 469 895 896 
 770 0.916667 0.937500 467 468 865 866 
 771 0.083333 0.895833 285 286 455 456 
 772 0.104167 0.916666 455 457 1211 1212 
 773 0.083333 0.937500 688 690 1211 1213 
 774 0.104166 0.499997 311 313 1651 1652 
 775 0.083333 0.479164 311 312 1105 1106 
 776 0.083333 0.520831 1304 1306 1651 1653 
 777 0.416666 0.937498 255 257 1115 1116 
 778 0.437500 0.916665 255 256 1491 1493 
 779 0.416666 0.895831 327 329 1491 1492 
 780 0.395833 0.916665 327 328 1115 1117 
 781 0.916666 0.312498 615 617 1584 1586 
 782 0.895833 0.333331 615 616 1179 1181 
 783 0.916666 0.354165 1179 1180 1593 1594 
 784 0.083333 0.229165 925 926 
 785 0.895833 0.749998 211 213 700 702 
 786 0.916666 0.770832 211 212 877 878 
 787 0.104166 0.749998 1729 1730 1767 1768 
 788 0.083333 0.770832 1767 1769 1852 1854 
 789 0.916667 0.062500 680 682 1287 1289 
 790 0.895833 0.083333 1287 1288 1541 1542 
 791 0.166666 0.604163 1004 1006 1409 1410 
 792 0.833333 0.770831 209 210 363 364 
 793 0.812500 0.749997 363 365 664 666 
 794 0.333333 0.895831 163 165 332 334 
 795 0.312500 0.916665 163 164 963 965 
 796 0.333333 0.937499 963 964 1113 1114 
 797 0.833333 0.145831 595 597 1548 1550 
 798 0.812500 0.166664 595 596 725 726 
 799 0.687500 0.083331 180 182 1139 1141 
 800 0.645833 0.083331 569 570 1271 1272 
 801 0.666666 0.062499 1139 1140 1271 1273 
 802 0.895833 0.833332 216 218 893 894 
 803 0.833333 0.937499 465 466 1695 1696 
 804 0.833333 0.895832 631 633 900 902 
 805 0.812500 0.916666 631 632 1695 1697 
 806 0.895833 0.583331 424 426 539 541 
 807 0.916666 0.604165 539 540 577 578 
 808 0.895833 0.416664 1184 1186 1425 1426 
 809 0.104166 0.416664 316 318 781 782 
 810 0.500000 0.937498 260 262 1823 1825 
 811 0.500000 0.895831 1489 1490 1843 1844 
 812 0.520833 0.916665 1823 1824 1843 1845 
 813 0.104166 0.666664 997 998 1731 1732 
 814 0.083333 0.687498 1731 1733 1800 1802 
 815 0.895833 0.249998 613 614 1347 1348 
 816 0.916666 0.229165 1347 1349 1680 1682 
 817 0.666666 0.937499 1615 1616 1711 1713 
 818 0.645833 0.916665 1615 1617 1787 1788 
 819 0.687500 0.916665 1711 1712 1763 1765 
 820 0.666666 0.895831 1763 1764 1787 1789 
 821 0.166666 0.895832 272 274 453 454 
 822 0.166667 0.937499 981 982 1216 1218 
 823 0.812500 0.083332 593 594 1155 1156 
 824 0.833333 0.062499 1155 1157 1292 1294 
 825 0.166667 0.062499 1604 1606 1677 1678 
 826 0.520833 0.166662 1052 1054 1299 1301 
 827 0.499999 0.145830 1299 1300 1665 1666 
 828 0.812499 0.416662 744 746 1085 1086 
 829 0.520833 0.833329 1569 1570 1832 1834 
 830 0.166666 0.687496 809 810 1736 1738 
 831 0.312500 0.833330 161 162 764 766 
 832 0.229166 0.833331 281 282 840 842 
 833 0.229166 0.166664 149 150 
 834 0.687500 0.166663 175 177 508 510 
 835 0.666666 0.145830 175 176 555 557 
 836 0.645833 0.166663 555 556 953 954 
 837 0.750000 0.145831 173 174 600 602 
 838 0.833333 0.604163 553 554 1235 1236 
 839 0.812499 0.583329 1128 1130 1235 1237 
 840 0.166666 0.479162 228 230 309 310 
 841 0.166666 0.520829 1509 1510 1656 1658 
 842 0.812499 0.666663 659 661 1240 1242 
 843 0.833333 0.687497 659 660 709 710 
 844 0.166666 0.312496 644 646 
 845 0.166666 0.354163 753 754 788 790 
 846 0.437499 0.166662 1320 1322 1667 1669 
 847 0.395833 0.166663 1561 1562 1643 1644 
 848 0.416666 0.145830 1643 1645 1667 1668 
 849 0.812500 0.833331 368 370 629 630 
 850 0.166666 0.770831 833 834 1772 1774 
 851 0.833333 0.312497 359 361 604 606 
 852 0.812499 0.333329 359 360 739 741 
 853 0.833333 0.354163 739 740 1177 1178 
 854 0.812500 0.249997 357 358 727 728 
 855 0.833333 0.229164 727 729 1352 1354 
 856 0.249999 0.604161 385 386 1411 1412 
 857 0.229166 0.583328 1411 1413 1516 1518 
 858 0.395833 0.249994 409 410 1563 1564 
 859 0.437499 0.249994 1331 1333 1392 1394 
 860 0.416666 0.229161 1331 1332 1563 1565 
 861 0.229166 0.416661 221 222 760 762 
 862 0.687499 0.249995 519 521 1440 1442 
 863 0.666666 0.229162 519 520 955 957 
 864 0.645833 0.249995 955 956 1365 1366 
 865 0.749999 0.604161 1200 1202 1249 1250 
 866 0.312499 0.749995 775 777 1472 1474 
 867 0.333333 0.770829 775 776 1037 1038 
 868 0.750000 0.770830 377 378 
 869 0.249999 0.354161 537 538 755 756 
 870 0.249999 0.312495 639 641 932 934 
 871 0.229166 0.333328 639 640 755 757 
 872 0.249999 0.229163 151 153 1232 1234 
 873 0.229166 0.249996 151 152 637 638 
 874 0.395833 0.833329 325 326 1028 1030 
 875 0.437499 0.833329 1197 1198 1496 1498 
 876 0.583333 0.145830 560 562 1297 1298 
 877 0.833333 0.520829 417 418 1123 1124 
 878 0.833333 0.479163 1087 1089 1432 1434 
 879 0.812499 0.499996 1087 1088 1123 1125 
 880 0.749999 0.312495 348 350 1449 1450 
 881 0.749999 0.354161 500 502 737 738 
 882 0.249999 0.687495 795 796 1481 1482 
 883 0.229166 0.666662 795 797 1400 1402 
 884 0.312500 0.166663 1225 1226 1631 1632 
 885 0.333333 0.145830 1631 1633 1636 1638 
 886 0.645833 0.833330 1785 1786 
 887 0.687500 0.833330 1749 1750 1752 1754 
 888 0.749999 0.229163 517 518 716 718 
 889 0.249999 0.770830 773 774 835 836 
 890 0.229166 0.749996 800 802 835 837 
 891 0.437499 0.749994 1187 1188 
 892 0.395833 0.749995 1039 1041 
 893 0.416666 0.770828 1039 1040 1187 1189 
 894 0.583333 0.229161 960 962 1045 1046 
 895 0.749999 0.687495 657 658 
 896 0.312499 0.416660 528 530 917 918 
 897 0.520833 0.249994 188 190 1047 1049 
 898 0.499999 0.229161 1047 1048 1329 1330 
 899 0.749999 0.479161 241 242 1076 1078 
 900 0.749999 0.520828 1137 1138 1376 1378 
 901 0.249999 0.479161 223 225 908 910 
 902 0.229166 0.499994 223 224 1511 1513 
 903 0.249999 0.520827 1511 1512 1533 1534 
 904 0.687499 0.416660 248 250 493 494 
 905 0.666666 0.354160 495 497 1339 1340 
 906 0.687499 0.333328 495 496 1451 1453 
 907 0.645833 0.333327 1339 1341 1367 1368 
 908 0.666666 0.312494 1367 1369 1451 1452 
 909 0.312499 0.583327 387 389 1524 1526 
 910 0.333332 0.604160 387 388 
 911 0.312499 0.666661 392 394 1483 1485 
 912 0.333333 0.687494 1421 1422 1483 1484 
 913 0.333332 0.354160 341 342 523 524 
 914 0.333333 0.312494 400 402 943 945 
 915 0.312499 0.333327 523 525 943 944 
 916 0.312499 0.249995 941 942 1227 1228 
 917 0.333333 0.229162 1227 1229 1552 1554 
 918 0.520832 0.333326 199 201 
 919 0.499999 0.312493 199 200 1385 1386 
 920 0.583332 0.354160 1337 1338 
 921 0.583332 0.312494 197 198 1372 1374 
 922 0.416666 0.354160 299 301 343 344 
 923 0.437499 0.333327 299 300 1387 1389 
 924 0.395832 0.333327 343 345 395 396 
 925 0.416666 0.312494 395 397 1387 1388 
 926 0.333332 0.479160 919 921 
 927 0.312499 0.499993 919 920 1519 1521 
 928 0.333332 0.520826 1519 1520 
 929 0.687499 0.499993 243 245 
 930 0.666666 0.479160 243 244 
 931 0.145833 0.083332 1675 1677 
 932 0.125000 0.062499 1675 1676 
 933 0.250000 0.187497 147 149 1220 1222 
 934 0.229166 0.208330 147 148 153 154 
 935 0.187500 0.249997 649 650 
 936 0.208333 0.229163 152 154 
 937 0.208333 0.187497 148 150 
 938 0.270833 0.833330 157 158 768 770 
 939 0.333333 0.854163 159 161 320 322 
 940 0.312500 0.874997 159 160 165 166 
 941 0.270833 0.916665 167 168 975 977 
 942 0.291666 0.895831 164 166 167 169 
 943 0.291666 0.937499 965 966 975 976 
 944 0.250000 0.854164 156 158 279 281 
 945 0.229166 0.874998 269 270 279 280 
 946 0.291666 0.854164 155 157 160 162 
 947 0.270833 0.874998 155 156 169 170 
 948 0.562499 0.333327 195 197 
 949 0.541666 0.312493 195 196 201 202 
 950 0.729166 0.166663 171 173 512 514 
 951 0.708333 0.145830 171 172 177 178 
 952 0.666666 0.104164 179 180 567 569 
 953 0.687500 0.124997 176 178 179 181 
 954 0.645833 0.124997 557 558 567 568 
 955 0.729166 0.083332 184 186 1151 1153 
 956 0.708333 0.062499 1141 1142 1151 1152 
 957 0.750000 0.104165 185 186 588 590 
 958 0.708333 0.104164 181 182 183 184 
 959 0.729166 0.124998 172 174 183 185 
 960 0.562499 0.249994 192 194 1043 1045 
 961 0.541666 0.229161 1043 1044 1049 1050 
 962 0.583333 0.270827 193 194 1360 1362 
 963 0.499999 0.270827 187 188 1397 1398 
 964 0.520832 0.291660 187 189 200 202 
 965 0.541666 0.270827 189 190 191 192 
 966 0.562499 0.291660 191 193 196 198 
 967 0.833333 0.812498 205 206 367 368 
 968 0.812500 0.791664 364 366 367 369 
 969 0.854166 0.749997 207 209 704 706 
 970 0.875000 0.770831 207 208 213 214 
 971 0.916667 0.812499 215 216 889 890 
 972 0.895833 0.791665 212 214 215 217 
 973 0.854166 0.833332 204 206 905 906 
 974 0.854166 0.791665 203 205 208 210 
 975 0.875000 0.812498 203 204 217 218 
 976 0.249999 0.437494 219 221 912 914 
 977 0.229166 0.458328 219 220 225 226 
 978 0.187499 0.499995 227 228 1507 1509 
 979 0.208333 0.479162 224 226 227 229 
 980 0.208333 0.520828 1507 1508 1513 1514 
 981 0.166666 0.437496 232 234 305 306 
 982 0.187499 0.416662 233 234 748 750 
 983 0.187499 0.458329 229 230 231 232 
 984 0.208333 0.437495 220 222 231 233 
 985 0.749999 0.437494 237 238 1080 1082 
 986 0.729166 0.499994 239 241 1375 1376 
 987 0.708332 0.479160 239 240 245 246 
 988 0.708333 0.520827 1375 1377 
 989 0.666666 0.437493 247 248 
 990 0.687499 0.458327 244 246 247 249 
 991 0.729166 0.416661 236 238 505 506 
 992 0.729166 0.458327 235 237 240 242 
 993 0.708333 0.437494 235 236 249 250 
 994 0.458333 0.770828 1188 1190 
 995 0.416667 0.979166 251 253 1119 1120 
 996 0.437500 0.958332 251 252 257 258 
 997 0.395833 0.958332 1116 1118 1119 1121 
 998 0.479166 0.916665 259 260 1487 1489 
 999 0.458333 0.937498 256 258 259 261 
 1000 0.458333 0.895831 1487 1488 1493 1494 
 1001 0.500000 0.979166 264 266 1819 1821 
 1002 0.520833 0.958332 1819 1820 1825 1826 
 1003 0.458333 0.979166 252 254 263 265 
 1004 0.479167 0.958332 261 262 263 264 
 1005 0.187500 0.916665 271 272 979 981 
 1006 0.208333 0.895832 268 270 271 273 
 1007 0.208333 0.937499 979 980 985 986 
 1008 0.166666 0.854165 276 278 449 450 
 1009 0.187500 0.833331 277 278 828 830 
 1010 0.187500 0.874998 273 274 275 276 
 1011 0.208333 0.854164 275 277 280 282 
 1012 0.062500 0.916666 283 285 687 688 
 1013 0.041667 0.895833 283 284 289 290 
 1014 0.041667 0.937500 684 686 687 689 
 1015 0.062500 0.833332 296 298 1857 1858 
 1016 0.083333 0.854166 297 298 443 444 
 1017 0.104167 0.874999 443 445 456 458 
 1018 0.041667 0.854166 293 294 295 296 
 1019 0.062500 0.874999 284 286 295 297 
 1020 0.437499 0.374993 301 302 
 1021 0.395832 0.374993 344 346 
 1022 0.479166 0.333326 1383 1385 
 1023 0.458332 0.354160 300 302 
 1024 0.458332 0.312493 1383 1384 1389 1390 
 1025 0.145833 0.499996 307 309 1655 1656 
 1026 0.125000 0.479163 307 308 313 314 
 1027 0.125000 0.520830 1652 1654 1655 1657 
 1028 0.083333 0.437498 315 316 1101 1102 
 1029 0.104166 0.458331 312 314 315 317 
 1030 0.145833 0.416663 304 306 793 794 
 1031 0.145833 0.458330 303 305 308 310 
 1032 0.125000 0.437497 303 304 317 318 
 1033 0.354166 0.833330 321 322 1032 1034 
 1034 0.416666 0.854163 323 325 1495 1496 
 1035 0.395833 0.874997 323 324 329 330 
 1036 0.437500 0.874997 1492 1494 1495 1497 
 1037 0.354166 0.916665 331 332 1111 1113 
 1038 0.375000 0.895831 328 330 331 333 
 1039 0.375000 0.937498 1111 1112 1117 1118 
 1040 0.354166 0.874997 319 320 333 334 
 1041 0.375000 0.854163 319 321 324 326 
 1042 0.333332 0.395827 337 338 527 528 
 1043 0.312499 0.374994 524 526 527 529 
 1044 0.354166 0.333327 339 341 399 400 
 1045 0.374999 0.354160 339 340 345 346 
 1046 0.374999 0.312494 396 398 399 401 
 1047 0.354166 0.416660 336 338 1277 1278 
 1048 0.354166 0.374993 335 337 340 342 
 1049 0.374999 0.395826 335 336 
 1050 0.749999 0.270829 352 354 1445 1446 
 1051 0.770833 0.249996 353 354 715 716 
 1052 0.791666 0.229163 715 717 728 730 
 1053 0.833333 0.270830 355 357 608 610 
 1054 0.812500 0.291663 355 356 361 362 
 1055 0.770833 0.333329 347 348 735 737 
 1056 0.791666 0.312496 347 349 360 362 
 1057 0.791666 0.354162 735 736 741 742 
 1058 0.770833 0.291662 349 350 351 352 
 1059 0.791666 0.270830 351 353 356 358 
 1060 0.770833 0.833331 372 374 625 626 
 1061 0.750000 0.812497 373 374 1744 1746 
 1062 0.770833 0.749996 375 377 652 654 
 1063 0.791666 0.770830 365 366 375 376 
 1064 0.791666 0.812497 369 370 371 372 
 1065 0.770833 0.791664 371 373 376 378 
 1066 0.249999 0.645828 381 382 1399 1400 
 1067 0.229166 0.624995 1399 1401 1412 1414 
 1068 0.270833 0.583327 383 385 1528 1530 
 1069 0.291666 0.604161 383 384 389 390 
 1070 0.333333 0.645827 391 392 
 1071 0.312499 0.624994 388 390 391 393 
 1072 0.270833 0.666661 380 382 1479 1481 
 1073 0.291666 0.687495 1479 1480 1485 1486 
 1074 0.270833 0.624994 379 381 384 386 
 1075 0.291666 0.645828 379 380 393 394 
 1076 0.333333 0.270828 404 406 939 941 
 1077 0.312499 0.291661 939 940 945 946 
 1078 0.354166 0.249995 405 406 1551 1552 
 1079 0.374999 0.229162 1551 1553 1564 1566 
 1080 0.416666 0.270827 407 409 1391 1392 
 1081 0.395833 0.291661 397 398 407 408 
 1082 0.437499 0.291660 1388 1390 1391 1393 
 1083 0.354166 0.291661 401 402 403 404 
 1084 0.374999 0.270828 403 405 408 410 
 1085 0.833333 0.562496 413 414 1127 1128 
 1086 0.812499 0.541662 1124 1126 1127 1129 
 1087 0.854166 0.499996 415 417 1431 1432 
 1088 0.875000 0.520830 415 416 421 422 
 1089 0.875000 0.479164 1428 1430 1431 1433 
 1090 0.916666 0.562498 423 424 1021 1022 
 1091 0.895833 0.541664 420 422 423 425 
 1092 0.854166 0.583330 412 414 551 553 
 1093 0.875000 0.604164 541 542 551 552 
 1094 0.854166 0.541663 411 413 416 418 
 1095 0.875000 0.562497 411 412 425 426 
 1096 0.916667 0.854166 432 434 891 893 
 1097 0.895833 0.874999 891 892 897 898 
 1098 0.937500 0.833333 433 434 888 890 
 1099 0.937500 0.916666 427 428 863 865 
 1100 0.958333 0.895833 427 429 440 442 
 1101 0.958333 0.937500 863 864 869 870 
 1102 0.937500 0.874999 429 430 431 432 
 1103 0.958333 0.854166 431 433 436 438 
 1104 0.145833 0.833331 448 450 1777 1778 
 1105 0.145833 0.916666 451 453 1215 1216 
 1106 0.125000 0.895832 451 452 457 458 
 1107 0.125000 0.937499 1212 1214 1215 1217 
 1108 0.145833 0.874999 447 449 452 454 
 1109 0.125000 0.854165 445 446 447 448 
 1110 0.833333 0.979166 461 462 1699 1700 
 1111 0.812500 0.958333 1696 1698 1699 1701 
 1112 0.854167 0.916666 463 465 899 900 
 1113 0.875000 0.937499 463 464 469 470 
 1114 0.875000 0.895832 896 898 899 901 
 1115 0.916667 0.979167 471 472 861 862 
 1116 0.895833 0.958333 468 470 471 473 
 1117 0.875000 0.979166 459 460 473 474 
 1118 0.854167 0.958333 459 461 464 466 
 1119 0.083333 0.395831 480 482 779 781 
 1120 0.104166 0.374997 779 780 785 786 
 1121 0.062500 0.416665 481 482 1100 1102 
 1122 0.062500 0.333332 475 476 815 817 
 1123 0.041667 0.354166 475 477 488 490 
 1124 0.041667 0.312499 815 816 821 822 
 1125 0.062500 0.374998 477 478 479 480 
 1126 0.041667 0.395832 479 481 484 486 
 1127 0.666666 0.395827 491 493 
 1128 0.687499 0.374994 491 492 497 498 
 1129 0.645832 0.374993 1340 1342 
 1130 0.729166 0.333328 499 500 1447 1449 
 1131 0.708333 0.354161 496 498 499 501 
 1132 0.708333 0.312495 1447 1448 1453 1454 
 1133 0.749999 0.395828 504 506 733 734 
 1134 0.708333 0.395827 492 494 503 505 
 1135 0.729166 0.374994 501 502 503 504 
 1136 0.750000 0.187497 513 514 720 722 
 1137 0.729166 0.249996 515 517 1444 1446 
 1138 0.708333 0.229162 515 516 521 522 
 1139 0.666666 0.187496 507 508 951 953 
 1140 0.687499 0.208329 507 509 520 522 
 1141 0.645833 0.208329 951 952 957 958 
 1142 0.708333 0.187496 509 510 511 512 
 1143 0.729166 0.208330 511 513 516 518 
 1144 0.270833 0.416661 532 534 913 914 
 1145 0.249999 0.395828 533 534 759 760 
 1146 0.229166 0.374995 756 758 759 761 
 1147 0.270833 0.333328 535 537 931 932 
 1148 0.291666 0.354161 525 526 535 536 
 1149 0.291666 0.312495 931 933 944 946 
 1150 0.291666 0.395827 529 530 531 532 
 1151 0.270833 0.374994 531 533 536 538 
 1152 0.916666 0.645831 543 544 573 574 
 1153 0.895833 0.624998 540 542 543 545 
 1154 0.854166 0.666664 548 550 707 709 
 1155 0.875000 0.687497 707 708 713 714 
 1156 0.833333 0.645830 549 550 1239 1240 
 1157 0.812499 0.624996 1236 1238 1239 1241 
 1158 0.875000 0.645831 545 546 547 548 
 1159 0.854166 0.624997 547 549 552 554 
 1160 0.604166 0.166663 559 560 949 950 
 1161 0.625000 0.145830 556 558 559 561 
 1162 0.583333 0.104164 564 566 
 1163 0.604166 0.083331 565 566 
 1164 0.625000 0.062498 1272 1274 
 1165 0.604166 0.124997 561 562 563 564 
 1166 0.625000 0.104164 563 565 568 570 
 1167 0.937500 0.583332 575 577 1020 1022 
 1168 0.958333 0.604166 575 576 581 582 
 1169 0.937500 0.666665 572 574 843 845 
 1170 0.958333 0.687499 843 844 849 850 
 1171 0.937500 0.624999 571 573 576 578 
 1172 0.958333 0.645832 571 572 585 586 
 1173 0.770833 0.083332 589 590 1159 1160 
 1174 0.791667 0.062499 1156 1158 1159 1161 
 1175 0.833333 0.104165 591 593 1536 1538 
 1176 0.812500 0.124998 591 592 597 598 
 1177 0.770833 0.166664 599 600 721 722 
 1178 0.791666 0.145831 596 598 599 601 
 1179 0.770833 0.124998 587 588 601 602 
 1180 0.791666 0.104165 587 589 592 594 
 1181 0.854166 0.249997 609 610 1351 1352 
 1182 0.875000 0.229165 1348 1350 1351 1353 
 1183 0.916666 0.270832 611 613 1572 1574 
 1184 0.895833 0.291665 611 612 617 618 
 1185 0.854166 0.333330 603 604 1175 1177 
 1186 0.875000 0.312497 603 605 616 618 
 1187 0.875000 0.354164 1175 1176 1181 1182 
 1188 0.854166 0.291664 605 606 607 608 
 1189 0.875000 0.270831 607 609 612 614 
 1190 0.750000 0.854164 624 626 1757 1758 
 1191 0.833333 0.854165 627 629 904 906 
 1192 0.812500 0.874998 627 628 633 634 
 1193 0.770833 0.916665 619 620 1707 1709 
 1194 0.791666 0.895832 619 621 632 634 
 1195 0.791667 0.937499 1697 1698 1707 1708 
 1196 0.791666 0.854165 623 625 628 630 
 1197 0.770833 0.874998 621 622 623 624 
 1198 0.249999 0.270829 635 637 936 938 
 1199 0.229166 0.291662 635 636 641 642 
 1200 0.187499 0.333329 643 644 751 753 
 1201 0.208333 0.312496 640 642 643 645 
 1202 0.208333 0.354162 751 752 757 758 
 1203 0.166666 0.270830 648 650 
 1204 0.208333 0.270829 636 638 647 649 
 1205 0.187499 0.291663 645 646 647 648 
 1206 0.749999 0.729162 653 654 
 1207 0.770833 0.666662 655 657 1244 1246 
 1208 0.791666 0.687496 655 656 661 662 
 1209 0.833333 0.729164 663 664 705 706 
 1210 0.812500 0.708330 660 662 663 665 
 1211 0.791666 0.729163 651 652 665 666 
 1212 0.770833 0.708329 651 653 656 658 
 1213 0.937500 0.083333 679 680 1457 1458 
 1214 0.958333 0.062500 676 678 679 681 
 1215 0.916667 0.020833 668 670 1283 1285 
 1216 0.895833 0.041666 1283 1284 1289 1290 
 1217 0.958333 0.020833 667 669 672 674 
 1218 0.937500 0.041666 667 668 681 682 
 1219 0.083333 0.979167 692 694 1207 1209 
 1220 0.104167 0.958333 1207 1208 1213 1214 
 1221 0.041667 0.979167 691 693 696 698 
 1222 0.062500 0.958333 689 690 691 692 
 1223 0.916666 0.729165 699 700 857 858 
 1224 0.895833 0.708331 699 701 712 714 
 1225 0.875000 0.729164 701 702 703 704 
 1226 0.854166 0.708331 703 705 708 710 
 1227 0.833333 0.187498 723 725 1356 1358 
 1228 0.812500 0.208331 723 724 729 730 
 1229 0.770833 0.208330 717 718 719 720 
 1230 0.791666 0.187497 719 721 724 726 
 1231 0.833333 0.395829 743 744 1173 1174 
 1232 0.812499 0.374996 740 742 743 745 
 1233 0.770833 0.416661 732 734 1081 1082 
 1234 0.770833 0.374995 731 733 736 738 
 1235 0.791666 0.395829 731 732 745 746 
 1236 0.145833 0.333330 787 788 
 1237 0.125000 0.354164 784 786 787 789 
 1238 0.083333 0.270832 813 814 
 1239 0.166666 0.395829 749 750 792 794 
 1240 0.208333 0.395828 747 748 761 762 
 1241 0.187499 0.374996 747 749 752 754 
 1242 0.250000 0.812497 769 770 839 840 
 1243 0.229166 0.791663 836 838 839 841 
 1244 0.270833 0.749996 771 773 1476 1478 
 1245 0.291666 0.770829 771 772 777 778 
 1246 0.333333 0.812496 763 764 1033 1034 
 1247 0.312499 0.791663 763 765 776 778 
 1248 0.291666 0.812496 765 766 767 768 
 1249 0.270833 0.791663 767 769 772 774 
 1250 0.125000 0.395830 780 782 791 793 
 1251 0.145833 0.374996 789 790 791 792 
 1252 0.249999 0.729162 799 800 1477 1478 
 1253 0.229166 0.708329 796 798 799 801 
 1254 0.187500 0.749997 804 806 831 833 
 1255 0.208333 0.770830 831 832 837 838 
 1256 0.166666 0.729164 805 806 1740 1742 
 1257 0.187499 0.666663 807 809 1404 1406 
 1258 0.208333 0.687496 797 798 807 808 
 1259 0.208333 0.729163 801 802 803 804 
 1260 0.187500 0.708330 803 805 808 810 
 1261 0.062500 0.249999 812 814 923 925 
 1262 0.041667 0.229166 923 924 929 930 
 1263 0.062500 0.291665 811 813 816 818 
 1264 0.041667 0.270832 811 812 825 826 
 1265 0.166666 0.812498 829 830 1776 1778 
 1266 0.208333 0.812497 827 828 841 842 
 1267 0.187500 0.791664 827 829 832 834 
 1268 0.937500 0.749999 856 858 875 877 
 1269 0.958333 0.770833 875 876 881 882 
 1270 0.937500 0.708332 844 846 855 857 
 1271 0.958333 0.729166 853 854 855 856 
 1272 0.958333 0.979167 859 860 873 874 
 1273 0.937500 0.958333 859 861 864 866 
 1274 0.937500 0.791666 876 878 887 889 
 1275 0.958333 0.812499 885 886 887 888 
 1276 0.875000 0.854165 892 894 903 905 
 1277 0.854166 0.874999 901 902 903 904 
 1278 0.333332 0.437493 915 917 1276 1278 
 1279 0.312499 0.458327 915 916 921 922 
 1280 0.270833 0.499994 907 908 1531 1533 
 1281 0.291666 0.479160 907 909 920 922 
 1282 0.291666 0.520827 1521 1522 1531 1532 
 1283 0.270833 0.458327 909 910 911 912 
 1284 0.291666 0.437494 911 913 916 918 
 1285 0.062500 0.208332 924 926 
 1286 0.270833 0.249996 937 938 1231 1232 
 1287 0.291666 0.229162 1228 1230 1231 1233 
 1288 0.270833 0.291662 933 934 935 936 
 1289 0.291666 0.270828 935 937 940 942 
 1290 0.604166 0.249994 959 960 1361 1362 
 1291 0.624999 0.229162 956 958 959 961 
 1292 0.583333 0.187496 948 950 1057 1058 
 1293 0.624999 0.187496 947 949 952 954 
 1294 0.604166 0.208329 947 948 961 962 
 1295 0.333333 0.979166 967 968 1109 1110 
 1296 0.312500 0.958332 964 966 967 969 
 1297 0.250000 0.979166 973 974 987 988 
 1298 0.229167 0.958333 984 986 987 989 
 1299 0.291667 0.979166 969 970 971 972 
 1300 0.270833 0.958333 971 973 976 978 
 1301 0.166667 0.979166 993 994 1204 1206 
 1302 0.208333 0.979166 989 990 991 992 
 1303 0.187500 0.958333 980 982 991 993 
 1304 0.083333 0.645831 995 997 1072 1074 
 1305 0.104166 0.624997 995 996 1001 1002 
 1306 0.145833 0.583330 1003 1004 1661 1662 
 1307 0.125000 0.604164 1000 1002 1003 1005 
 1308 0.166666 0.645830 1008 1010 1405 1406 
 1309 0.145833 0.666663 1009 1010 1735 1736 
 1310 0.125000 0.687497 1732 1734 1735 1737 
 1311 0.145833 0.624997 1005 1006 1007 1008 
 1312 0.125000 0.645830 996 998 1007 1009 
 1313 0.937500 0.499998 1023 1025 1251 1252 
 1314 0.958333 0.520832 1013 1014 1023 1024 
 1315 0.958333 0.479166 1251 1253 1264 1266 
 1316 0.937500 0.541665 1019 1021 1024 1026 
 1317 0.958333 0.562499 1017 1018 1019 1020 
 1318 0.354166 0.749995 1035 1037 1416 1418 
 1319 0.374999 0.770828 1035 1036 1041 1042 
 1320 0.416666 0.812496 1027 1028 1195 1197 
 1321 0.395833 0.791662 1027 1029 1040 1042 
 1322 0.437499 0.791662 1189 1190 1195 1196 
 1323 0.374999 0.812496 1029 1030 1031 1032 
 1324 0.354166 0.791662 1031 1033 1036 1038 
 1325 0.499999 0.187495 1051 1052 1325 1326 
 1326 0.520833 0.208328 1048 1050 1051 1053 
 1327 0.562499 0.166663 1056 1058 1295 1297 
 1328 0.541666 0.145830 1295 1296 1301 1302 
 1329 0.562499 0.208328 1044 1046 1055 1057 
 1330 0.541666 0.187495 1053 1054 1055 1056 
 1331 0.062500 0.583332 1067 1068 1309 1310 
 1332 0.041667 0.604166 1064 1066 1067 1069 
 1333 0.062500 0.666665 1073 1074 1799 1800 
 1334 0.041667 0.687499 1799 1801 1812 1814 
 1335 0.062500 0.624998 1069 1070 1071 1072 
 1336 0.041667 0.645832 1060 1062 1071 1073 
 1337 0.833333 0.437496 1083 1085 1436 1438 
 1338 0.812499 0.458329 1083 1084 1089 1090 
 1339 0.770833 0.499995 1075 1076 1135 1137 
 1340 0.791666 0.479162 1075 1077 1088 1090 
 1341 0.791666 0.520828 1125 1126 1135 1136 
 1342 0.770833 0.458328 1077 1078 1079 1080 
 1343 0.791666 0.437495 1079 1081 1084 1086 
 1344 0.062500 0.499998 1103 1105 1303 1304 
 1345 0.041667 0.479166 1093 1094 1103 1104 
 1346 0.041667 0.520832 1303 1305 1316 1318 
 1347 0.062500 0.458332 1099 1101 1104 1106 
 1348 0.041667 0.437499 1097 1098 1099 1100 
 1349 0.375000 0.979166 1107 1108 1121 1122 
 1350 0.354167 0.958332 1107 1109 1112 1114 
 1351 0.770833 0.583328 1132 1134 1247 1249 
 1352 0.791666 0.604162 1237 1238 1247 1248 
 1353 0.749999 0.562494 1133 1134 1380 1382 
 1354 0.791666 0.562495 1129 1130 1131 1132 
 1355 0.770833 0.541661 1131 1133 1136 1138 
 1356 0.666667 0.020833 1143 1144 1267 1269 
 1357 0.687500 0.041666 1140 1142 1143 1145 
 1358 0.645833 0.041666 1267 1268 1273 1274 
 1359 0.750000 0.020833 1149 1150 1164 1166 
 1360 0.708333 0.020833 1145 1146 1147 1148 
 1361 0.729167 0.041666 1147 1149 1152 1154 
 1362 0.833333 0.020833 1167 1169 1280 1282 
 1363 0.812500 0.041666 1157 1158 1167 1168 
 1364 0.791667 0.020833 1163 1165 1168 1170 
 1365 0.770833 0.041666 1161 1162 1163 1164 
 1366 0.916666 0.395831 1183 1184 1589 1590 
 1367 0.895833 0.374998 1180 1182 1183 1185 
 1368 0.854166 0.416663 1172 1174 1437 1438 
 1369 0.854166 0.374997 1171 1173 1176 1178 
 1370 0.875000 0.395830 1171 1172 1185 1186 
 1371 0.499999 0.812495 1192 1194 1567 1569 
 1372 0.520833 0.791662 1567 1568 
 1373 0.479166 0.833329 1193 1194 1500 1502 
 1374 0.479166 0.791662 1191 1192 
 1375 0.458333 0.812496 1191 1193 1196 1198 
 1376 0.729166 0.583328 1199 1200 1381 1382 
 1377 0.708333 0.604161 1199 1201 
 1378 0.749999 0.645828 1245 1246 
 1379 0.729166 0.624995 1201 1202 
 1380 0.125000 0.979166 1203 1205 1208 1210 
 1381 0.145833 0.958333 1203 1204 1217 1218 
 1382 0.270833 0.166663 1221 1222 
 1383 0.291666 0.145830 1632 1634 
 1384 0.333333 0.187496 1223 1225 1556 1558 
 1385 0.312499 0.208329 1223 1224 1229 1230 
 1386 0.270833 0.208329 1219 1220 1233 1234 
 1387 0.291666 0.187496 1219 1221 1224 1226 
 1388 0.791666 0.645829 1241 1242 1243 1244 
 1389 0.770833 0.624995 1243 1245 1248 1250 
 1390 0.916666 0.437498 1256 1258 1423 1425 
 1391 0.895833 0.458331 1423 1424 1429 1430 
 1392 0.937500 0.416665 1257 1258 1588 1590 
 1393 0.937500 0.458332 1253 1254 1255 1256 
 1394 0.958333 0.437499 1255 1257 1260 1262 
 1395 0.625000 0.020833 1268 1270 
 1396 0.374999 0.437493 1275 1277 
 1397 0.354166 0.458326 1275 1276 
 1398 0.854167 0.083332 1291 1292 1537 1538 
 1399 0.875000 0.062499 1288 1290 1291 1293 
 1400 0.875000 0.020833 1279 1281 1284 1286 
 1401 0.854167 0.041666 1279 1280 1293 1294 
 1402 0.520833 0.124997 1300 1302 
 1403 0.562500 0.124997 1296 1298 
 1404 0.083333 0.562498 1308 1310 1647 1649 
 1405 0.104166 0.541664 1647 1648 1653 1654 
 1406 0.041667 0.562499 1307 1309 1312 1314 
 1407 0.062500 0.541665 1305 1306 1307 1308 
 1408 0.479166 0.166662 1324 1326 1663 1665 
 1409 0.458333 0.145830 1663 1664 1669 1670 
 1410 0.479166 0.249994 1327 1329 1396 1398 
 1411 0.458333 0.229161 1327 1328 1333 1334 
 1412 0.416666 0.187495 1319 1320 1559 1561 
 1413 0.437499 0.208328 1319 1321 1332 1334 
 1414 0.395833 0.208329 1559 1560 1565 1566 
 1415 0.479166 0.208328 1323 1325 1328 1330 
 1416 0.458333 0.187495 1321 1322 1323 1324 
 1417 0.604166 0.333327 1335 1337 1371 1372 
 1418 0.624999 0.354160 1335 1336 1341 1342 
 1419 0.624999 0.312494 1368 1370 1371 1373 
 1420 0.604166 0.374993 1336 1338 
 1421 0.333332 0.562493 1523 1524 
 1422 0.312499 0.541660 1520 1522 1523 1525 
 1423 0.916667 0.187499 1343 1345 1684 1686 
 1424 0.895833 0.208332 1343 1344 1349 1350 
 1425 0.854166 0.166665 1357 1358 1547 1548 
 1426 0.875000 0.145832 1544 1546 1547 1549 
 1427 0.854166 0.208331 1353 1354 1355 1356 
 1428 0.875000 0.187498 1344 1346 1355 1357 
 1429 0.666666 0.270828 1363 1365 1439 1440 
 1430 0.645833 0.291661 1363 1364 1369 1370 
 1431 0.687499 0.291661 1439 1441 1452 1454 
 1432 0.604166 0.291661 1359 1360 1373 1374 
 1433 0.624999 0.270828 1359 1361 1364 1366 
 1434 0.354166 0.666661 1419 1421 
 1435 0.374999 0.687494 1419 1420 
 1436 0.729166 0.541661 1377 1378 1379 1380 
 1437 0.708333 0.562494 1379 1381 
 1438 0.479166 0.291660 1384 1386 1395 1397 
 1439 0.458333 0.270827 1393 1394 1395 1396 
 1440 0.187499 0.583329 1407 1409 1504 1506 
 1441 0.208333 0.604162 1407 1408 1413 1414 
 1442 0.208333 0.645829 1401 1402 1403 1404 
 1443 0.187499 0.624996 1403 1405 1408 1410 
 1444 0.333333 0.729161 1417 1418 1471 1472 
 1445 0.312499 0.708328 1471 1473 1484 1486 
 1446 0.374999 0.729161 1415 1416 
 1447 0.354166 0.708328 1415 1417 1420 1422 
 1448 0.854166 0.458330 1433 1434 1435 1436 
 1449 0.875000 0.437497 1424 1426 1435 1437 
 1450 0.729166 0.291662 1443 1445 1448 1450 
 1451 0.708333 0.270828 1441 1442 1443 1444 
 1452 0.937500 0.166666 1467 1468 1685 1686 
 1453 0.958333 0.145833 1464 1466 1467 1469 
 1454 0.916667 0.104166 1456 1458 1539 1541 
 1455 0.895833 0.124999 1539 1540 1545 1546 
 1456 0.958333 0.104166 1455 1457 1460 1462 
 1457 0.937500 0.124999 1455 1456 1469 1470 
 1458 0.291666 0.729162 1473 1474 1475 1476 
 1459 0.270833 0.708329 1475 1477 1480 1482 
 1460 0.500000 0.854163 1501 1502 1831 1832 
 1461 0.520833 0.874997 1831 1833 1844 1846 
 1462 0.458333 0.854163 1497 1498 1499 1500 
 1463 0.479166 0.874997 1488 1490 1499 1501 
 1464 0.166666 0.562496 1505 1506 1660 1662 
 1465 0.249999 0.562494 1515 1516 1529 1530 
 1466 0.229166 0.541661 1512 1514 1515 1517 
 1467 0.208333 0.562495 1503 1504 1517 1518 
 1468 0.187499 0.541662 1503 1505 1508 1510 
 1469 0.291666 0.562494 1525 1526 1527 1528 
 1470 0.270833 0.541661 1527 1529 1532 1534 
 1471 0.854166 0.124999 1535 1536 1549 1550 
 1472 0.875000 0.104166 1535 1537 1540 1542 
 1473 0.354166 0.166663 1557 1558 1635 1636 
 1474 0.375000 0.145830 1635 1637 1644 1646 
 1475 0.354166 0.208329 1553 1554 1555 1556 
 1476 0.374999 0.187496 1555 1557 1560 1562 
 1477 0.562499 0.833329 1836 1838 
 1478 0.541666 0.812496 1568 1570 
 1479 0.937500 0.249999 1573 1574 1679 1680 
 1480 0.958333 0.229166 1679 1681 1692 1694 
 1481 0.937500 0.333332 1583 1584 1591 1593 
 1482 0.958333 0.312499 1580 1582 1583 1585 
 1483 0.958333 0.354166 1591 1592 1597 1598 
 1484 0.937500 0.291665 1571 1572 1585 1586 
 1485 0.958333 0.270833 1571 1573 1576 1578 
 1486 0.937500 0.374998 1587 1589 1592 1594 
 1487 0.958333 0.395832 1587 1588 1601 1602 
 1488 0.229167 0.041666 1609 1610 
 1489 0.187500 0.083332 1603 1604 
 1490 0.208333 0.062499 1603 1605 1608 1610 
 1491 0.187500 0.041666 1605 1606 
 1492 0.270833 0.083332 1611 1612 
 1493 0.291666 0.062499 1611 1613 
 1494 0.270833 0.041666 1613 1614 
 1495 0.666666 0.812496 1747 1749 
 1496 0.687499 0.791663 1747 1748 
 1497 0.604166 0.833330 1797 1798 
 1498 0.666667 0.979166 1619 1620 1723 1725 
 1499 0.645833 0.958332 1616 1618 1619 1621 
 1500 0.687500 0.958332 1713 1714 1723 1724 
 1501 0.583333 0.979166 1625 1626 1816 1818 
 1502 0.604166 0.916665 1627 1629 1791 1792 
 1503 0.625000 0.937499 1617 1618 1627 1628 
 1504 0.625000 0.895831 1788 1790 1791 1793 
 1505 0.625000 0.979166 1621 1622 1623 1624 
 1506 0.604167 0.958332 1623 1625 1628 1630 
 1507 0.312500 0.124997 1633 1634 
 1508 0.416666 0.104164 1639 1641 1671 1672 
 1509 0.395833 0.124997 1639 1640 1645 1646 
 1510 0.437500 0.124997 1668 1670 1671 1673 
 1511 0.375000 0.104164 1640 1642 
 1512 0.354166 0.124997 1637 1638 
 1513 0.125000 0.562497 1648 1650 1659 1661 
 1514 0.145833 0.541663 1657 1658 1659 1660 
 1515 0.479166 0.124997 1664 1666 
 1516 0.458333 0.104164 1673 1674 
 1517 0.145833 0.041666 1676 1678 
 1518 0.937500 0.208332 1681 1682 1683 1684 
 1519 0.958333 0.187499 1683 1685 1688 1690 
 1520 0.750000 0.979166 1705 1706 1720 1722 
 1521 0.791667 0.979166 1701 1702 1703 1704 
 1522 0.770833 0.958333 1703 1705 1708 1710 
 1523 0.729166 0.916665 1715 1716 1759 1761 
 1524 0.708333 0.937499 1712 1714 1715 1717 
 1525 0.708333 0.895831 1759 1760 1765 1766 
 1526 0.708333 0.979166 1719 1721 1724 1726 
 1527 0.729167 0.958333 1717 1718 1719 1720 
 1528 0.083333 0.729165 1727 1729 1804 1806 
 1529 0.104166 0.708331 1727 1728 1733 1734 
 1530 0.145833 0.749997 1741 1742 1771 1772 
 1531 0.125000 0.770831 1768 1770 1771 1773 
 1532 0.145833 0.708330 1737 1738 1739 1740 
 1533 0.125000 0.729164 1728 1730 1739 1741 
 1534 0.729166 0.833330 1745 1746 1756 1758 
 1535 0.729166 0.791663 1743 1744 
 1536 0.708333 0.812497 1743 1745 1748 1750 
 1537 0.666666 0.854164 1751 1752 1783 1785 
 1538 0.687500 0.874997 1751 1753 1764 1766 
 1539 0.645833 0.874997 1783 1784 1789 1790 
 1540 0.729166 0.874998 1755 1757 1760 1762 
 1541 0.708333 0.854164 1753 1754 1755 1756 
 1542 0.083333 0.812499 1779 1781 1856 1858 
 1543 0.104166 0.791665 1769 1770 1779 1780 
 1544 0.125000 0.812498 1775 1777 1780 1782 
 1545 0.145833 0.791664 1773 1774 1775 1776 
 1546 0.583333 0.854163 1796 1798 1837 1838 
 1547 0.625000 0.854163 1784 1786 1795 1797 
 1548 0.604166 0.874997 1793 1794 1795 1796 
 1549 0.062500 0.749999 1805 1806 1851 1852 
 1550 0.041667 0.770833 1848 1850 1851 1853 
 1551 0.062500 0.708332 1801 1802 1803 1804 
 1552 0.041667 0.729166 1803 1805 1808 1810 
 1553 0.562500 0.916665 1827 1828 1839 1841 
 1554 0.541666 0.937498 1824 1826 1827 1829 
 1555 0.541666 0.895831 1839 1840 1845 1846 
 1556 0.541667 0.979166 1815 1817 1820 1822 
 1557 0.562500 0.958332 1815 1816 1829 1830 
 1558 0.541666 0.854163 1833 1834 1835 1836 
 1559 0.562500 0.874997 1835 1837 1840 1842 
 1560 0.041667 0.812499 1855 1857 1860 1862 
 1561 0.062500 0.791666 1853 1854 1855 1856 
 1562 0.229166 0.187497 147 148 149 150 
 1563 0.229166 0.229163 151 152 153 154 
 1564 0.270833 0.854164 155 156 157 158 
 1565 0.312500 0.854164 159 160 161 162 
 1566 0.312500 0.895831 163 164 165 166 
 1567 0.270833 0.895831 167 168 169 170 
 1568 0.729166 0.145831 171 172 173 174 
 1569 0.687500 0.145830 175 176 177 178 
 1570 0.687500 0.104164 179 180 181 182 
 1571 0.729166 0.104165 183 184 185 186 
 1572 0.520833 0.270827 187 188 189 190 
 1573 0.562499 0.270827 191 192 193 194 
 1574 0.562499 0.312493 195 196 197 198 
 1575 0.520832 0.312493 199 200 201 202 
 1576 0.854166 0.812498 203 204 205 206 
 1577 0.854166 0.770831 207 208 209 210 
 1578 0.895833 0.770832 211 212 213 214 
 1579 0.895833 0.812499 215 216 217 218 
 1580 0.229166 0.437495 219 220 221 222 
 1581 0.229166 0.479161 223 224 225 226 
 1582 0.187499 0.479162 227 228 229 230 
 1583 0.187499 0.437495 231 232 233 234 
 1584 0.729166 0.437494 235 236 237 238 
 1585 0.729166 0.479161 239 240 241 242 
 1586 0.687499 0.479160 243 244 245 246 
 1587 0.687499 0.437493 247 248 249 250 
 1588 0.437500 0.979166 251 252 253 254 
 1589 0.437500 0.937498 255 256 257 258 
 1590 0.479166 0.937498 259 260 261 262 
 1591 0.479167 0.979166 263 264 265 266 
 1592 0.229166 0.895832 267 268 269 270 
 1593 0.187500 0.895832 271 272 273 274 
 1594 0.187500 0.854165 275 276 277 278 
 1595 0.229166 0.854164 279 280 281 282 
 1596 0.062500 0.895833 283 284 285 286 
 1597 0.020833 0.895833 287 288 289 290 
 1598 0.020833 0.854166 291 292 293 294 
 1599 0.062500 0.854166 295 296 297 298 
 1600 0.437499 0.354160 299 300 301 302 
 1601 0.145833 0.437496 303 304 305 306 
 1602 0.145833 0.479163 307 308 309 310 
 1603 0.104166 0.479164 311 312 313 314 
 1604 0.104166 0.437497 315 316 317 318 
 1605 0.354166 0.854163 319 320 321 322 
 1606 0.395833 0.854163 323 324 325 326 
 1607 0.395833 0.895831 327 328 329 330 
 1608 0.354166 0.895831 331 332 333 334 
 1609 0.354166 0.395826 335 336 337 338 
 1610 0.354166 0.354160 339 340 341 342 
 1611 0.395832 0.354160 343 344 345 346 
 1612 0.770833 0.312496 347 348 349 350 
 1613 0.770833 0.270829 351 352 353 354 
 1614 0.812500 0.270830 355 356 357 358 
 1615 0.812499 0.312496 359 360 361 362 
 1616 0.812500 0.770830 363 364 365 366 
 1617 0.812500 0.812498 367 368 369 370 
 1618 0.770833 0.812497 371 372 373 374 
 1619 0.770833 0.770830 375 376 377 378 
 1620 0.270833 0.645828 379 380 381 382 
 1621 0.270833 0.604161 383 384 385 386 
 1622 0.312499 0.604160 387 388 389 390 
 1623 0.312499 0.645827 391 392 393 394 
 1624 0.395832 0.312494 395 396 397 398 
 1625 0.354166 0.312494 399 400 401 402 
 1626 0.354166 0.270828 403 404 405 406 
 1627 0.395833 0.270827 407 408 409 410 
 1628 0.854166 0.562496 411 412 413 414 
 1629 0.854166 0.520830 415 416 417 418 
 1630 0.895833 0.520831 419 420 421 422 
 1631 0.895833 0.562497 423 424 425 426 
 1632 0.937500 0.895833 427 428 429 430 
 1633 0.937500 0.854166 431 432 433 434 
 1634 0.979167 0.854166 435 436 437 438 
 1635 0.979167 0.895833 439 440 441 442 
 1636 0.104167 0.854165 443 444 445 446 
 1637 0.145833 0.854165 447 448 449 450 
 1638 0.145833 0.895832 451 452 453 454 
 1639 0.104167 0.895832 455 456 457 458 
 1640 0.854167 0.979166 459 460 461 462 
 1641 0.854167 0.937499 463 464 465 466 
 1642 0.895833 0.937499 467 468 469 470 
 1643 0.895833 0.979166 471 472 473 474 
 1644 0.062500 0.354165 475 476 477 478 
 1645 0.062500 0.395832 479 480 481 482 
 1646 0.020833 0.395833 483 484 485 486 
 1647 0.020833 0.354166 487 488 489 490 
 1648 0.687499 0.395827 491 492 493 494 
 1649 0.687499 0.354161 495 496 497 498 
 1650 0.729166 0.354161 499 500 501 502 
 1651 0.729166 0.395828 503 504 505 506 
 1652 0.687499 0.187496 507 508 509 510 
 1653 0.729166 0.187497 511 512 513 514 
 1654 0.729166 0.229163 515 516 517 518 
 1655 0.687499 0.229162 519 520 521 522 
 1656 0.312499 0.354161 523 524 525 526 
 1657 0.312499 0.395827 527 528 529 530 
 1658 0.270833 0.395827 531 532 533 534 
 1659 0.270833 0.354161 535 536 537 538 
 1660 0.895833 0.604164 539 540 541 542 
 1661 0.895833 0.645831 543 544 545 546 
 1662 0.854166 0.645830 547 548 549 550 
 1663 0.854166 0.604163 551 552 553 554 
 1664 0.645833 0.145830 555 556 557 558 
 1665 0.604166 0.145830 559 560 561 562 
 1666 0.604166 0.104164 563 564 565 566 
 1667 0.645833 0.104164 567 568 569 570 
 1668 0.937500 0.645832 571 572 573 574 
 1669 0.937500 0.604165 575 576 577 578 
 1670 0.979167 0.604166 579 580 581 582 
 1671 0.979167 0.645833 583 584 585 586 
 1672 0.770833 0.104165 587 588 589 590 
 1673 0.812500 0.104165 591 592 593 594 
 1674 0.812500 0.145831 595 596 597 598 
 1675 0.770833 0.145831 599 600 601 602 
 1676 0.854166 0.312497 603 604 605 606 
 1677 0.854166 0.270831 607 608 609 610 
 1678 0.895833 0.270831 611 612 613 614 
 1679 0.895833 0.312498 615 616 617 618 
 1680 0.770833 0.895832 619 620 621 622 
 1681 0.770833 0.854164 623 624 625 626 
 1682 0.812500 0.854165 627 628 629 630 
 1683 0.812500 0.895832 631 632 633 634 
 1684 0.229166 0.270829 635 636 637 638 
 1685 0.229166 0.312495 639 640 641 642 
 1686 0.187499 0.312496 643 644 645 646 
 1687 0.187500 0.270830 647 648 649 650 
 1688 0.770833 0.729163 651 652 653 654 
 1689 0.770833 0.687496 655 656 657 658 
 1690 0.812500 0.687496 659 660 661 662 
 1691 0.812500 0.729163 663 664 665 666 
 1692 0.937500 0.020833 667 668 669 670 
 1693 0.979167 0.020833 671 672 673 674 
 1694 0.979167 0.062500 675 676 677 678 
 1695 0.937500 0.062500 679 680 681 682 
 1696 0.020833 0.937500 683 684 685 686 
 1697 0.062500 0.937500 687 688 689 690 
 1698 0.062500 0.979167 691 692 693 694 
 1699 0.020833 0.979167 695 696 697 698 
 1700 0.895833 0.729165 699 700 701 702 
 1701 0.854166 0.729164 703 704 705 706 
 1702 0.854166 0.687497 707 708 709 710 
 1703 0.895833 0.687498 711 712 713 714 
 1704 0.770833 0.229163 715 716 717 718 
 1705 0.770833 0.187497 719 720 721 722 
 1706 0.812500 0.187497 723 724 725 726 
 1707 0.812500 0.229164 727 728 729 730 
 1708 0.770833 0.395828 731 732 733 734 
 1709 0.770833 0.354162 735 736 737 738 
 1710 0.812499 0.354163 739 740 741 742 
 1711 0.812499 0.395829 743 744 745 746 
 1712 0.187499 0.395829 747 748 749 750 
 1713 0.187499 0.354162 751 752 753 754 
 1714 0.229166 0.354162 755 756 757 758 
 1715 0.229166 0.395828 759 760 761 762 
 1716 0.312499 0.812496 763 764 765 766 
 1717 0.270833 0.812497 767 768 769 770 
 1718 0.270833 0.770829 771 772 773 774 
 1719 0.312499 0.770829 775 776 777 778 
 1720 0.104166 0.395831 779 780 781 782 
 1721 0.104166 0.354164 783 784 785 786 
 1722 0.145833 0.354163 787 788 789 790 
 1723 0.145833 0.395830 791 792 793 794 
 1724 0.229166 0.687496 795 796 797 798 
 1725 0.229166 0.729163 799 800 801 802 
 1726 0.187500 0.729163 803 804 805 806 
 1727 0.187499 0.687496 807 808 809 810 
 1728 0.062500 0.270832 811 812 813 814 
 1729 0.062500 0.312499 815 816 817 818 
 1730 0.020833 0.312500 819 820 821 822 
 1731 0.020833 0.270833 823 824 825 826 
 1732 0.187500 0.812497 827 828 829 830 
 1733 0.187500 0.770830 831 832 833 834 
 1734 0.229166 0.770830 835 836 837 838 
 1735 0.229166 0.812497 839 840 841 842 
 1736 0.937500 0.687499 843 844 845 846 
 1737 0.979167 0.687500 847 848 849 850 
 1738 0.979167 0.729166 851 852 853 854 
 1739 0.937500 0.729165 855 856 857 858 
 1740 0.937500 0.979167 859 860 861 862 
 1741 0.937500 0.937500 863 864 865 866 
 1742 0.979167 0.937500 867 868 869 870 
 1743 0.979167 0.979167 871 872 873 874 
 1744 0.937500 0.770832 875 876 877 878 
 1745 0.979167 0.770833 879 880 881 882 
 1746 0.979167 0.812500 883 884 885 886 
 1747 0.937500 0.812499 887 888 889 890 
 1748 0.895833 0.854166 891 892 893 894 
 1749 0.895833 0.895833 895 896 897 898 
 1750 0.854167 0.895832 899 900 901 902 
 1751 0.854166 0.854165 903 904 905 906 
 1752 0.270833 0.479161 907 908 909 910 
 1753 0.270833 0.437494 911 912 913 914 
 1754 0.312499 0.437493 915 916 917 918 
 1755 0.312499 0.479160 919 920 921 922 
 1756 0.062500 0.229166 923 924 925 926 
 1757 0.020833 0.229166 927 928 929 930 
 1758 0.270833 0.312495 931 932 933 934 
 1759 0.270833 0.270829 935 936 937 938 
 1760 0.312499 0.270828 939 940 941 942 
 1761 0.312499 0.312494 943 944 945 946 
 1762 0.604166 0.187496 947 948 949 950 
 1763 0.645833 0.187496 951 952 953 954 
 1764 0.645833 0.229162 955 956 957 958 
 1765 0.604166 0.229162 959 960 961 962 
 1766 0.312500 0.937499 963 964 965 966 
 1767 0.312500 0.979166 967 968 969 970 
 1768 0.270833 0.979166 971 972 973 974 
 1769 0.270833 0.937499 975 976 977 978 
 1770 0.187500 0.937499 979 980 981 982 
 1771 0.229167 0.937499 983 984 985 986 
 1772 0.229167 0.979166 987 988 989 990 
 1773 0.187500 0.979166 991 992 993 994 
 1774 0.104166 0.645831 995 996 997 998 
 1775 0.104166 0.604164 999 1000 1001 1002 
 1776 0.145833 0.604163 1003 1004 1005 1006 
 1777 0.145833 0.645830 1007 1008 1009 1010 
 1778 0.979167 0.520833 1011 1012 1013 1014 
 1779 0.979167 0.562499 1015 1016 1017 1018 
 1780 0.937500 0.562498 1019 1020 1021 1022 
 1781 0.937500 0.520832 1023 1024 1025 1026 
 1782 0.395833 0.812496 1027 1028 1029 1030 
 1783 0.354166 0.812496 1031 1032 1033 1034 
 1784 0.354166 0.770829 1035 1036 1037 1038 
 1785 0.395833 0.770828 1039 1040 1041 1042 
 1786 0.562499 0.229161 1043 1044 1045 1046 
 1787 0.520833 0.229161 1047 1048 1049 1050 
 1788 0.520833 0.187495 1051 1052 1053 1054 
 1789 0.562499 0.187495 1055 1056 1057 1058 
 1790 0.020833 0.645833 1059 1060 1061 1062 
 1791 0.020833 0.604166 1063 1064 1065 1066 
 1792 0.062500 0.604165 1067 1068 1069 1070 
 1793 0.062500 0.645832 1071 1072 1073 1074 
 1794 0.770833 0.479161 1075 1076 1077 1078 
 1795 0.770833 0.437495 1079 1080 1081 1082 
 1796 0.812499 0.437496 1083 1084 1085 1086 
 1797 0.812499 0.479162 1087 1088 1089 1090 
 1798 0.020833 0.479166 1091 1092 1093 1094 
 1799 0.020833 0.437499 1095 1096 1097 1098 
 1800 0.062500 0.437498 1099 1100 1101 1102 
 1801 0.062500 0.479165 1103 1104 1105 1106 
 1802 0.354167 0.979166 1107 1108 1109 1110 
 1803 0.354166 0.937499 1111 1112 1113 1114 
 1804 0.395833 0.937498 1115 1116 1117 1118 
 1805 0.395833 0.979166 1119 1120 1121 1122 
 1806 0.812499 0.520829 1123 1124 1125 1126 
 1807 0.812499 0.562496 1127 1128 1129 1130 
 1808 0.770833 0.562495 1131 1132 1133 1134 
 1809 0.770833 0.520828 1135 1136 1137 1138 
 1810 0.687500 0.062499 1139 1140 1141 1142 
 1811 0.687500 0.020833 1143 1144 1145 1146 
 1812 0.729167 0.020833 1147 1148 1149 1150 
 1813 0.729166 0.062499 1151 1152 1153 1154 
 1814 0.812500 0.062499 1155 1156 1157 1158 
 1815 0.770833 0.062499 1159 1160 1161 1162 
 1816 0.770833 0.020833 1163 1164 1165 1166 
 1817 0.812500 0.020833 1167 1168 1169 1170 
 1818 0.854166 0.395830 1171 1172 1173 1174 
 1819 0.854166 0.354163 1175 1176 1177 1178 
 1820 0.895833 0.354164 1179 1180 1181 1182 
 1821 0.895833 0.395831 1183 1184 1185 1186 
 1822 0.437499 0.770828 1187 1188 1189 1190 
 1823 0.479166 0.812496 1191 1192 1193 1194 
 1824 0.437499 0.812496 1195 1196 1197 1198 
 1825 0.729166 0.604161 1199 1200 1201 1202 
 1826 0.145833 0.979166 1203 1204 1205 1206 
 1827 0.104167 0.979166 1207 1208 1209 1210 
 1828 0.104167 0.937499 1211 1212 1213 1214 
 1829 0.145833 0.937499 1215 1216 1217 1218 
 1830 0.270833 0.187496 1219 1220 1221 1222 
 1831 0.312499 0.187496 1223 1224 1225 1226 
 1832 0.312499 0.229162 1227 1228 1229 1230 
 1833 0.270833 0.229163 1231 1232 1233 1234 
 1834 0.812499 0.604162 1235 1236 1237 1238 
 1835 0.812499 0.645829 1239 1240 1241 1242 
 1836 0.770833 0.645829 1243 1244 1245 1246 
 1837 0.770833 0.604162 1247 1248 1249 1250 
 1838 0.937500 0.479165 1251 1252 1253 1254 
 1839 0.937500 0.437498 1255 1256 1257 1258 
 1840 0.979167 0.437499 1259 1260 1261 1262 
 1841 0.979167 0.479166 1263 1264 1265 1266 
 1842 0.645833 0.020833 1267 1268 1269 1270 
 1843 0.645833 0.062498 1271 1272 1273 1274 
 1844 0.354166 0.437493 1275 1276 1277 1278 
 1845 0.854167 0.020833 1279 1280 1281 1282 
 1846 0.895833 0.020833 1283 1284 1285 1286 
 1847 0.895833 0.062499 1287 1288 1289 1290 
 1848 0.854167 0.062499 1291 1292 1293 1294 
 1849 0.562500 0.145830 1295 1296 1297 1298 
 1850 0.520833 0.145830 1299 1300 1301 1302 
 1851 0.062500 0.520832 1303 1304 1305 1306 
 1852 0.062500 0.562498 1307 1308 1309 1310 
 1853 0.020833 0.562499 1311 1312 1313 1314 
 1854 0.020833 0.520833 1315 1316 1317 1318 
 1855 0.437499 0.187495 1319 1320 1321 1322 
 1856 0.479166 0.187495 1323 1324 1325 1326 
 1857 0.479166 0.229161 1327 1328 1329 1330 
 1858 0.437499 0.229161 1331 1332 1333 1334 
 1859 0.604166 0.354160 1335 1336 1337 1338 
 1860 0.645832 0.354160 1339 1340 1341 1342 
 1861 0.895833 0.187498 1343 1344 1345 1346 
 1862 0.895833 0.229165 1347 1348 1349 1350 
 1863 0.854166 0.229164 1351 1352 1353 1354 
 1864 0.854166 0.187498 1355 1356 1357 1358 
 1865 0.604166 0.270828 1359 1360 1361 1362 
 1866 0.645833 0.270828 1363 1364 1365 1366 
 1867 0.645833 0.312494 1367 1368 1369 1370 
 1868 0.604166 0.312494 1371 1372 1373 1374 
 1869 0.729166 0.520827 1375 1376 1377 1378 
 1870 0.729166 0.562494 1379 1380 1381 1382 
 1871 0.479166 0.312493 1383 1384 1385 1386 
 1872 0.437499 0.312493 1387 1388 1389 1390 
 1873 0.437499 0.270827 1391 1392 1393 1394 
 1874 0.479166 0.270827 1395 1396 1397 1398 
 1875 0.229166 0.645828 1399 1400 1401 1402 
 1876 0.187499 0.645829 1403 1404 1405 1406 
 1877 0.187499 0.604162 1407 1408 1409 1410 
 1878 0.229166 0.604161 1411 1412 1413 1414 
 1879 0.354166 0.729161 1415 1416 1417 1418 
 1880 0.354166 0.687494 1419 1420 1421 1422 
 1881 0.895833 0.437497 1423 1424 1425 1426 
 1882 0.895833 0.479164 1427 1428 1429 1430 
 1883 0.854166 0.479163 1431 1432 1433 1434 
 1884 0.854166 0.437496 1435 1436 1437 1438 
 1885 0.687499 0.270828 1439 1440 1441 1442 
 1886 0.729166 0.270829 1443 1444 1445 1446 
 1887 0.729166 0.312495 1447 1448 1449 1450 
 1888 0.687499 0.312494 1451 1452 1453 1454 
 1889 0.937500 0.104166 1455 1456 1457 1458 
 1890 0.979167 0.104166 1459 1460 1461 1462 
 1891 0.979167 0.145833 1463 1464 1465 1466 
 1892 0.937500 0.145833 1467 1468 1469 1470 
 1893 0.312499 0.729162 1471 1472 1473 1474 
 1894 0.270833 0.729162 1475 1476 1477 1478 
 1895 0.270833 0.687495 1479 1480 1481 1482 
 1896 0.312499 0.687494 1483 1484 1485 1486 
 1897 0.479166 0.895831 1487 1488 1489 1490 
 1898 0.437500 0.895831 1491 1492 1493 1494 
 1899 0.437500 0.854163 1495 1496 1497 1498 
 1900 0.479166 0.854163 1499 1500 1501 1502 
 1901 0.187499 0.562495 1503 1504 1505 1506 
 1902 0.187499 0.520829 1507 1508 1509 1510 
 1903 0.229166 0.520828 1511 1512 1513 1514 
 1904 0.229166 0.562495 1515 1516 1517 1518 
 1905 0.312499 0.520827 1519 1520 1521 1522 
 1906 0.312499 0.562493 1523 1524 1525 1526 
 1907 0.270833 0.562494 1527 1528 1529 1530 
 1908 0.270833 0.520827 1531 1532 1533 1534 
 1909 0.854167 0.104165 1535 1536 1537 1538 
 1910 0.895833 0.104166 1539 1540 1541 1542 
 1911 0.895833 0.145832 1543 1544 1545 1546 
 1912 0.854166 0.145832 1547 1548 1549 1550 
 1913 0.354166 0.229162 1551 1552 1553 1554 
 1914 0.354166 0.187496 1555 1556 1557 1558 
 1915 0.395833 0.187496 1559 1560 1561 1562 
 1916 0.395833 0.229161 1563 1564 1565 1566 
 1917 0.520833 0.812496 1567 1568 1569 1570 
 1918 0.937500 0.270832 1571 1572 1573 1574 
 1919 0.979167 0.270833 1575 1576 1577 1578 
 1920 0.979167 0.312500 1579 1580 1581 1582 
 1921 0.937500 0.312499 1583 1584 1585 1586 
 1922 0.937500 0.395832 1587 1588 1589 1590 
 1923 0.937500 0.354165 1591 1592 1593 1594 
 1924 0.979167 0.354166 1595 1596 1597 1598 
 1925 0.979167 0.395833 1599 1600 1601 1602 
 1926 0.187500 0.062499 1603 1604 1605 1606 
 1927 0.229167 0.062499 1607 1608 1609 1610 
 1928 0.270833 0.062499 1611 1612 1613 1614 
 1929 0.645833 0.937499 1615 1616 1617 1618 
 1930 0.645833 0.979166 1619 1620 1621 1622 
 1931 0.604167 0.979166 1623 1624 1625 1626 
 1932 0.604166 0.937498 1627 1628 1629 1630 
 1933 0.312500 0.145830 1631 1632 1633 1634 
 1934 0.354166 0.145830 1635 1636 1637 1638 
 1935 0.395833 0.104164 1639 1640 1641 1642 
 1936 0.395833 0.145830 1643 1644 1645 1646 
 1937 0.104166 0.562497 1647 1648 1649 1650 
 1938 0.104166 0.520831 1651 1652 1653 1654 
 1939 0.145833 0.520830 1655 1656 1657 1658 
 1940 0.145833 0.562496 1659 1660 1661 1662 
 1941 0.479166 0.145830 1663 1664 1665 1666 
 1942 0.437500 0.145830 1667 1668 1669 1670 
 1943 0.437500 0.104164 1671 1672 1673 1674 
 1944 0.145833 0.062499 1675 1676 1677 1678 
 1945 0.937500 0.229166 1679 1680 1681 1682 
 1946 0.937500 0.187499 1683 1684 1685 1686 
 1947 0.979167 0.187500 1687 1688 1689 1690 
 1948 0.979167 0.229166 1691 1692 1693 1694 
 1949 0.812500 0.937499 1695 1696 1697 1698 
 1950 0.812500 0.979166 1699 1700 1701 1702 
 1951 0.770833 0.979166 1703 1704 1705 1706 
 1952 0.770833 0.937499 1707 1708 1709 1710 
 1953 0.687500 0.937499 1711 1712 1713 1714 
 1954 0.729167 0.937499 1715 1716 1717 1718 
 1955 0.729167 0.979166 1719 1720 1721 1722 
 1956 0.687500 0.979166 1723 1724 1725 1726 
 1957 0.104166 0.729165 1727 1728 1729 1730 
 1958 0.104166 0.687498 1731 1732 1733 1734 
 1959 0.145833 0.687497 1735 1736 1737 1738 
 1960 0.145833 0.729164 1739 1740 1741 1742 
 1961 0.729166 0.812497 1743 1744 1745 1746 
 1962 0.687500 0.812496 1747 1748 1749 1750 
 1963 0.687500 0.854164 1751 1752 1753 1754 
 1964 0.729166 0.854164 1755 1756 1757 1758 
 1965 0.729166 0.895831 1759 1760 1761 1762 
 1966 0.687500 0.895831 1763 1764 1765 1766 
 1967 0.104166 0.770832 1767 1768 1769 1770 
 1968 0.145833 0.770831 1771 1772 1773 1774 
 1969 0.145833 0.812498 1775 1776 1777 1778 
 1970 0.104166 0.812498 1779 1780 1781 1782 
 1971 0.645833 0.854164 1783 1784 1785 1786 
 1972 0.645833 0.895831 1787 1788 1789 1790 
 1973 0.604166 0.895831 1791 1792 1793 1794 
 1974 0.604166 0.854163 1795 1796 1797 1798 
 1975 0.062500 0.687499 1799 1800 1801 1802 
 1976 0.062500 0.729165 1803 1804 1805 1806 
 1977 0.020833 0.729166 1807 1808 1809 1810 
 1978 0.020833 0.687500 1811 1812 1813 1814 
 1979 0.562500 0.979166 1815 1816 1817 1818 
 1980 0.520833 0.979166 1819 1820 1821 1822 
 1981 0.520833 0.937498 1823 1824 1825 1826 
 1982 0.562500 0.937498 1827 1828 1829 1830 
 1983 0.520833 0.854163 1831 1832 1833 1834 
 1984 0.562500 0.854163 1835 1836 1837 1838 
 1985 0.562500 0.895831 1839 1840 1841 1842 
 1986 0.520833 0.895831 1843 1844 1845 1846 
 1987 0.020833 0.770833 1847 1848 1849 1850 
 1988 0.062500 0.770832 1851 1852 1853 1854 
 1989 0.062500 0.812499 1855 1856 1857 1858 
 1990 0.020833 0.812500 1859 1860 1861 1862 
 