52 1 2 134 92 93
53 1 2 136 93 94
54 2 1 16 16 17
57 2 1 15 15 16
58 1 2 138 94 95
59 2 1 0 0 4
59 1 2 140 95 0
60 2 1 4 4 5
70 1 2 132 91 92
78 2 3 11 12 11
79 2 3 12 13 12
85 2 3 17 18 17
118 2 1 13 13 14
119 2 1 14 14 15
123 2 3 7 8 7
124 2 3 8 9 8
126 2 3 9 10 9
127 2 3 10 11 10
136 2 1 5 5 6
137 2 1 6 6 7
216 1 2 1370 75 710
217 1 2 1371 710 76
300 1 0 1416 87 733
302 1 0 1417 733 86
304 1 0 1420 88 735
306 1 0 1421 735 87
430 2 3 1220 26 635
431 2 3 1221 635 25
432 3 0 1222 27 636
434 3 0 1223 636 1
434 2 3 1200 1 625
435 2 3 1201 625 26
436 3 0 1226 28 638
438 3 0 1227 638 27
532 1 2 1422 88 736
533 1 2 1423 736 89
536 1 2 1426 89 738
537 1 2 1427 738 90
576 1 2 1430 90 740
577 1 2 1431 740 91
660 1 0 1392 81 721
662 1 0 1393 721 80
664 1 0 1396 82 723
666 1 0 1397 723 81
705 2 1 1208 19 629
707 2 1 1209 629 20
709 2 1 1210 20 630
711 2 1 1211 630 21
726 2 3 1212 22 631
727 2 3 1213 631 21
730 2 3 1214 23 632
731 2 3 1215 632 22
772 3 0 1266 38 658
774 3 0 1267 658 37
778 2 3 1206 19 628
779 2 3 1207 628 18
790 2 3 1216 24 633
791 2 3 1217 633 23
794 2 3 1218 25 634
795 2 3 1219 634 24
812 1 0 1400 83 725
814 1 0 1401 725 82
928 3 0 1230 29 640
930 3 0 1231 640 28
932 3 0 1234 30 642
934 3 0 1235 642 29
1024 3 0 1246 33 648
1026 3 0 1247 648 32
1028 3 0 1250 34 650
1030 3 0 1251 650 33
1100 3 0 1238 31 644
1102 3 0 1239 644 30
1104 3 0 1242 32 646
1106 3 0 1243 646 31
1156 1 0 1384 79 717
1158 1 0 1385 717 78
1160 1 0 1388 80 719
1162 1 0 1389 719 79
1172 1 0 1380 78 715
1174 1 0 1381 715 77
1184 1 0 1376 77 713
1186 1 0 1377 713 76
1280 1 2 5032 74 2112
1281 1 2 5033 2112 708
1284 1 2 5034 708 2113
1285 1 2 5035 2113 75
1520 3 2 4852 40 2022
1521 3 2 4853 2022 663
1524 3 2 4854 663 2023
1525 3 2 4855 2023 41
1824 3 2 4836 38 2014
1825 3 2 4837 2014 659
1828 3 2 4838 659 2015
1829 3 2 4839 2015 39
1840 3 2 4844 39 2018
1841 3 2 4845 2018 661
1844 3 2 4846 661 2019
1845 3 2 4847 2019 40
1920 1 2 5052 84 2122
1921 1 2 5053 2122 728
1924 1 2 5054 728 2123
1925 1 2 5055 2123 85
1936 1 2 5060 85 2126
1937 1 2 5061 2126 730
1940 1 2 5062 730 2127
1941 1 2 5063 2127 86
2112 3 0 4828 37 2010
2114 3 0 4829 2010 656
2120 3 0 4830 656 2011
2122 3 0 4831 2011 36
2160 1 0 5048 84 2120
2162 1 0 5049 2120 727
2168 1 0 5050 727 2121
2170 1 0 5051 2121 83
2368 3 2 4808 34 2000
2369 3 2 4809 2000 651
2372 3 2 4810 651 2001
2373 3 2 4811 2001 35
2384 3 2 4816 35 2004
2385 3 2 4817 2004 653
2388 3 2 4818 653 2005
2389 3 2 4819 2005 36
2906 0 3 10496 63 4213
2907 0 3 10497 4213 2086
2910 0 3 10498 2086 4214
2911 0 3 10499 4214 695
2922 0 3 10500 695 4215
2923 0 3 10501 4215 2087
2926 0 3 10502 2087 4216
2927 0 3 10503 4216 62
3098 0 3 10488 62 4209
3099 0 3 10489 4209 2084
3102 0 3 10490 2084 4210
3103 0 3 10491 4210 694
3114 0 3 10492 694 4211
3115 0 3 10493 4211 2085
3118 0 3 10494 2085 4212
3119 0 3 10495 4212 61
3504 3 0 10344 47 4137
3506 3 0 10345 4137 2048
3512 3 0 10346 2048 4138
3514 3 0 10347 4138 676
3536 3 0 10348 676 4139
3538 3 0 10349 4139 2049
3544 3 0 10350 2049 4140
3546 3 0 10351 4140 46
3568 3 0 10360 48 4145
3570 3 0 10361 4145 2052
3576 3 0 10362 2052 4146
3578 3 0 10363 4146 678
3600 3 0 10364 678 4147
3602 3 0 10365 4147 2053
3608 3 0 10366 2053 4148
3610 3 0 10367 4148 47
3781 0 1 10416 52 4173
3783 0 1 10417 4173 2066
3789 0 1 10418 2066 4174
3791 0 1 10419 4174 685
3813 0 1 10420 685 4175
3815 0 1 10421 4175 2067
3821 0 1 10422 2067 4176
3823 0 1 10423 4176 53
3973 0 1 10408 51 4169
3975 0 1 10409 4169 2064
3981 0 1 10410 2064 4170
3983 0 1 10411 4170 684
4005 0 1 10412 684 4171
4007 0 1 10413 4171 2065
4013 0 1 10414 2065 4172
4015 0 1 10415 4172 52
4144 3 2 10256 41 4093
4145 3 2 10257 4093 2026
4148 3 2 10258 2026 4094
4149 3 2 10259 4094 665
4160 3 2 10260 665 4095
4161 3 2 10261 4095 2027
4164 3 2 10262 2027 4096
4165 3 2 10263 4096 42
4208 1 0 10592 74 4261
4210 1 0 10593 4261 2110
4216 1 0 10594 2110 4262
4218 1 0 10595 4262 707
4240 1 0 10596 707 4263
4242 1 0 10597 4263 2111
4248 1 0 10598 2111 4264
4250 1 0 10599 4264 73
4378 0 3 10568 72 4249
4379 0 3 10569 4249 2104
4382 0 3 10570 2104 4250
4383 0 3 10571 4250 704
4394 0 3 10572 704 4251
4395 0 3 10573 4251 2105
4398 0 3 10574 2105 4252
4399 0 3 10575 4252 71
4400 1 0 10576 73 4253
4402 1 0 10577 4253 2106
4408 1 0 10578 2106 4254
4410 1 0 10579 4254 705
4432 1 0 10580 705 4255
4434 1 0 10581 4255 2107
4440 1 0 10582 2107 4256
4442 1 0 10583 4256 2
4442 0 3 10240 2 4085
4443 0 3 10241 4085 1996
4446 0 3 10242 1996 4086
4447 0 3 10243 4086 626
4458 0 3 10244 626 4087
4459 0 3 10245 4087 1997
4462 0 3 10246 1997 4088
4463 0 3 10247 4088 72
4528 3 2 10272 42 4101
4529 3 2 10273 4101 2030
4532 3 2 10274 2030 4102
4533 3 2 10275 4102 667
4544 3 2 10276 667 4103
4545 3 2 10277 4103 2031
4548 3 2 10278 2031 4104
4549 3 2 10279 4104 43
4592 3 2 10288 43 4109
4593 3 2 10289 4109 2034
4596 3 2 10290 2034 4110
4597 3 2 10291 4110 669
4608 3 2 10292 669 4111
4609 3 2 10293 4111 2035
4612 3 2 10294 2035 4112
4613 3 2 10295 4112 44
4741 0 1 10400 50 4165
4743 0 1 10401 4165 2062
4749 0 1 10402 2062 4166
4751 0 1 10403 4166 683
4773 0 1 10404 683 4167
4775 0 1 10405 4167 2063
4781 0 1 10406 2063 4168
4783 0 1 10407 4168 51
4848 3 2 10368 48 4149
4849 3 2 10369 4149 2054
4852 3 2 10370 2054 4150
4853 3 2 10371 4150 679
4864 3 2 10372 679 4151
4865 3 2 10373 4151 2055
4868 3 2 10374 2055 4152
4869 3 2 10375 4152 49
4912 3 2 10384 49 4157
4913 3 2 10385 4157 2058
4916 3 2 10386 2058 4158
4917 3 2 10387 4158 681
4928 3 2 10388 681 4159
4929 3 2 10389 4159 2059
4932 3 2 10390 2059 4160
4933 0 1 10248 3 4089
4933 3 2 10391 4160 3
4935 0 1 10249 4089 1998
4941 0 1 10250 1998 4090
4943 0 1 10251 4090 627
4965 0 1 10252 627 4091
4967 0 1 10253 4091 1999
4973 0 1 10254 1999 4092
4975 0 1 10255 4092 50
5040 3 2 10304 44 4117
5041 3 2 10305 4117 2038
5044 3 2 10306 2038 4118
5045 3 2 10307 4118 671
5056 3 2 10308 671 4119
5057 3 2 10309 4119 2039
5060 3 2 10310 2039 4120
5061 3 2 10311 4120 45
5104 3 2 10320 45 4125
5105 3 2 10321 4125 2042
5108 3 2 10322 2042 4126
5109 3 2 10323 4126 673
5120 3 2 10324 673 4127
5121 3 2 10325 4127 2043
5124 3 2 10326 2043 4128
5125 3 2 10327 4128 46
5317 0 1 10520 65 4225
5319 0 1 10521 4225 2092
5325 0 1 10522 2092 4226
5327 0 1 10523 4226 698
5349 0 1 10524 698 4227
5351 0 1 10525 4227 2093
5357 0 1 10526 2093 4228
5359 0 1 10527 4228 66
5381 0 1 10528 66 4229
5383 0 1 10529 4229 2094
5389 0 1 10530 2094 4230
5391 0 1 10531 4230 699
5413 0 1 10532 699 4231
5415 0 1 10533 4231 2095
5421 0 1 10534 2095 4232
5423 0 1 10535 4232 67
5637 0 1 10536 67 4233
5639 0 1 10537 4233 2096
5645 0 1 10538 2096 4234
5647 0 1 10539 4234 700
5669 0 1 10540 700 4235
5671 0 1 10541 4235 2097
5677 0 1 10542 2097 4236
5679 0 1 10543 4236 68
5701 0 1 10544 68 4237
5703 0 1 10545 4237 2098
5709 0 1 10546 2098 4238
5711 0 1 10547 4238 701
5733 0 1 10548 701 4239
5735 0 1 10549 4239 2099
5741 0 1 10550 2099 4240
5743 0 1 10551 4240 69
5765 0 1 10512 64 4221
5767 0 1 10513 4221 2090
5773 0 1 10514 2090 4222
5775 0 1 10515 4222 697
5797 0 1 10516 697 4223
5799 0 1 10517 4223 2091
5805 0 1 10518 2091 4224
5807 0 1 10519 4224 65
5957 0 1 10504 63 4217
5959 0 1 10505 4217 2088
5965 0 1 10506 2088 4218
5967 0 1 10507 4218 696
5989 0 1 10508 696 4219
5991 0 1 10509 4219 2089
5997 0 1 10510 2089 4220
5999 0 1 10511 4220 64
6042 0 3 10552 70 4241
6043 0 3 10553 4241 2100
6046 0 3 10554 2100 4242
6047 0 3 10555 4242 702
6058 0 3 10556 702 4243
6059 0 3 10557 4243 2101
6062 0 3 10558 2101 4244
6063 0 3 10559 4244 69
6106 0 3 10560 71 4245
6107 0 3 10561 4245 2102
6110 0 3 10562 2102 4246
6111 0 3 10563 4246 703
6122 0 3 10564 703 4247
6123 0 3 10565 4247 2103
6126 0 3 10566 2103 4248
6127 0 3 10567 4248 70
6405 0 1 10456 57 4193
6407 0 1 10457 4193 2076
6413 0 1 10458 2076 4194
6415 0 1 10459 4194 690
6437 0 1 10460 690 4195
6439 0 1 10461 4195 2077
6445 0 1 10462 2077 4196
6447 0 1 10463 4196 58
6469 0 1 10464 58 4197
6471 0 1 10465 4197 2078
6477 0 1 10466 2078 4198
6479 0 1 10467 4198 691
6501 0 1 10468 691 4199
6503 0 1 10469 4199 2079
6509 0 1 10470 2079 4200
6511 0 1 10471 4200 59
6661 0 1 10424 53 4177
6663 0 1 10425 4177 2068
6669 0 1 10426 2068 4178
6671 0 1 10427 4178 686
6693 0 1 10428 686 4179
6695 0 1 10429 4179 2069
6701 0 1 10430 2069 4180
6703 0 1 10431 4180 54
6725 0 1 10432 54 4181
6727 0 1 10433 4181 2070
6733 0 1 10434 2070 4182
6735 0 1 10435 4182 687
6757 0 1 10436 687 4183
6759 0 1 10437 4183 2071
6765 0 1 10438 2071 4184
6767 0 1 10439 4184 55
7002 0 3 10440 56 4185
7003 0 3 10441 4185 2072
7006 0 3 10442 2072 4186
7007 0 3 10443 4186 688
7018 0 3 10444 688 4187
7019 0 3 10445 4187 2073
7022 0 3 10446 2073 4188
7023 0 3 10447 4188 55
7066 0 3 10448 57 4189
7067 0 3 10449 4189 2074
7070 0 3 10450 2074 4190
7071 0 3 10451 4190 689
7082 0 3 10452 689 4191
7083 0 3 10453 4191 2075
7086 0 3 10454 2075 4192
7087 0 3 10455 4192 56
7130 0 3 10472 60 4201
7131 0 3 10473 4201 2080
7134 0 3 10474 2080 4202
7135 0 3 10475 4202 692
7146 0 3 10476 692 4203
7147 0 3 10477 4203 2081
7150 0 3 10478 2081 4204
7151 0 3 10479 4204 59
7194 0 3 10480 61 4205
7195 0 3 10481 4205 2082
7198 0 3 10482 2082 4206
7199 0 3 10483 4206 693
7210 0 3 10484 693 4207
7211 0 3 10485 4207 2083
7214 0 3 10486 2083 4208
7215 0 3 10487 4208 60
