52 1 2 134 92 93
53 1 2 136 93 94
54 2 1 16 16 17
57 2 1 15 15 16
58 1 2 138 94 95
59 2 1 0 0 4
59 1 2 140 95 0
60 2 1 4 4 5
70 1 2 132 91 92
78 2 3 11 12 11
79 2 3 12 13 12
85 2 3 17 18 17
118 2 1 13 13 14
119 2 1 14 14 15
123 2 3 7 8 7
124 2 3 8 9 8
126 2 3 9 10 9
127 2 3 10 11 10
136 2 1 5 5 6
137 2 1 6 6 7
216 1 2 1370 75 710
217 1 2 1371 710 76
300 1 0 1416 87 733
302 1 0 1417 733 86
304 1 0 1420 88 735
306 1 0 1421 735 87
430 2 3 1220 26 635
431 2 3 1221 635 25
432 3 0 1222 27 636
434 3 0 1223 636 1
434 2 3 1200 1 625
435 2 3 1201 625 26
436 3 0 1226 28 638
438 3 0 1227 638 27
532 1 2 1422 88 736
533 1 2 1423 736 89
536 1 2 1426 89 738
537 1 2 1427 738 90
576 1 2 1430 90 740
577 1 2 1431 740 91
660 1 0 1392 81 721
662 1 0 1393 721 80
664 1 0 1396 82 723
666 1 0 1397 723 81
705 2 1 1208 19 629
707 2 1 1209 629 20
709 2 1 1210 20 630
711 2 1 1211 630 21
726 2 3 1212 22 631
727 2 3 1213 631 21
730 2 3 1214 23 632
731 2 3 1215 632 22
772 3 0 1266 38 658
774 3 0 1267 658 37
778 2 3 1206 19 628
779 2 3 1207 628 18
790 2 3 1216 24 633
791 2 3 1217 633 23
794 2 3 1218 25 634
795 2 3 1219 634 24
812 1 0 1400 83 725
814 1 0 1401 725 82
928 3 0 1230 29 640
930 3 0 1231 640 28
932 3 0 1234 30 642
934 3 0 1235 642 29
1024 3 0 1246 33 648
1026 3 0 1247 648 32
1028 3 0 1250 34 650
1030 3 0 1251 650 33
1100 3 0 1238 31 644
1102 3 0 1239 644 30
1104 3 0 1242 32 646
1106 3 0 1243 646 31
1156 1 0 1384 79 717
1158 1 0 1385 717 78
1160 1 0 1388 80 719
1162 1 0 1389 719 79
1172 1 0 1380 78 715
1174 1 0 1381 715 77
1184 1 0 1376 77 713
1186 1 0 1377 713 76
1256 1 2 5034 708 2113
1257 1 2 5035 2113 75
1488 3 2 4852 40 2022
1489 3 2 4853 2022 663
1492 3 2 4854 663 2023
1493 3 2 4855 2023 41
1772 3 2 4836 38 2014
1773 3 2 4837 2014 659
1776 3 2 4838 659 2015
1777 3 2 4839 2015 39
1788 3 2 4844 39 2018
1789 3 2 4845 2018 661
1792 3 2 4846 661 2019
1793 3 2 4847 2019 40
1868 1 2 5052 84 2122
1869 1 2 5053 2122 728
1872 1 2 5054 728 2123
1873 1 2 5055 2123 85
1884 1 2 5060 85 2126
1885 1 2 5061 2126 730
1888 1 2 5062 730 2127
1889 1 2 5063 2127 86
2060 3 0 4828 37 2010
2062 3 0 4829 2010 656
2068 3 0 4830 656 2011
2070 3 0 4831 2011 36
2108 1 0 5048 84 2120
2110 1 0 5049 2120 727
2116 1 0 5050 727 2121
2118 1 0 5051 2121 83
2316 3 2 4808 34 2000
2317 3 2 4809 2000 651
2320 3 2 4810 651 2001
2321 3 2 4811 2001 35
2332 3 2 4816 35 2004
2333 3 2 4817 2004 653
2336 3 2 4818 653 2005
2337 3 2 4819 2005 36
2854 0 3 10496 63 4213
2855 0 3 10497 4213 2086
2858 0 3 10498 2086 4214
2859 0 3 10499 4214 695
2870 0 3 10500 695 4215
2871 0 3 10501 4215 2087
2874 0 3 10502 2087 4216
2875 0 3 10503 4216 62
3046 0 3 10488 62 4209
3047 0 3 10489 4209 2084
3050 0 3 10490 2084 4210
3051 0 3 10491 4210 694
3062 0 3 10492 694 4211
3063 0 3 10493 4211 2085
3066 0 3 10494 2085 4212
3067 0 3 10495 4212 61
3473 0 1 10416 52 4173
3475 0 1 10417 4173 2066
3481 0 1 10418 2066 4174
3483 0 1 10419 4174 685
3505 0 1 10420 685 4175
3507 0 1 10421 4175 2067
3513 0 1 10422 2067 4176
3515 0 1 10423 4176 53
3665 0 1 10408 51 4169
3667 0 1 10409 4169 2064
3673 0 1 10410 2064 4170
3675 0 1 10411 4170 684
3697 0 1 10412 684 4171
3699 0 1 10413 4171 2065
3705 0 1 10414 2065 4172
3707 0 1 10415 4172 52
3836 3 2 10256 41 4093
3837 3 2 10257 4093 2026
3840 3 2 10258 2026 4094
3841 3 2 10259 4094 665
3852 3 2 10260 665 4095
3853 3 2 10261 4095 2027
3856 3 2 10262 2027 4096
3857 3 2 10263 4096 42
3964 3 2 10272 42 4101
3965 3 2 10273 4101 2030
3968 3 2 10274 2030 4102
3969 3 2 10275 4102 667
3980 3 2 10276 667 4103
3981 3 2 10277 4103 2031
3984 3 2 10278 2031 4104
3985 3 2 10279 4104 43
4028 3 2 10288 43 4109
4029 3 2 10289 4109 2034
4032 3 2 10290 2034 4110
4033 3 2 10291 4110 669
4044 3 2 10292 669 4111
4045 3 2 10293 4111 2035
4048 3 2 10294 2035 4112
4049 3 2 10295 4112 44
4177 0 1 10400 50 4165
4179 0 1 10401 4165 2062
4185 0 1 10402 2062 4166
4187 0 1 10403 4166 683
4209 0 1 10404 683 4167
4211 0 1 10405 4167 2063
4217 0 1 10406 2063 4168
4219 0 1 10407 4168 51
4241 0 1 10520 65 4225
4243 0 1 10521 4225 2092
4249 0 1 10522 2092 4226
4251 0 1 10523 4226 698
4273 0 1 10524 698 4227
4275 0 1 10525 4227 2093
4281 0 1 10526 2093 4228
4283 0 1 10527 4228 66
4305 0 1 10512 64 4221
4307 0 1 10513 4221 2090
4313 0 1 10514 2090 4222
4315 0 1 10515 4222 697
4337 0 1 10516 697 4223
4339 0 1 10517 4223 2091
4345 0 1 10518 2091 4224
4347 0 1 10519 4224 65
4433 0 1 10504 63 4217
4435 0 1 10505 4217 2088
4441 0 1 10506 2088 4218
4443 0 1 10507 4218 696
4465 0 1 10508 696 4219
4467 0 1 10509 4219 2089
4473 0 1 10510 2089 4220
4475 0 1 10511 4220 64
4625 0 1 10456 57 4193
4627 0 1 10457 4193 2076
4633 0 1 10458 2076 4194
4635 0 1 10459 4194 690
4657 0 1 10460 690 4195
4659 0 1 10461 4195 2077
4665 0 1 10462 2077 4196
4667 0 1 10463 4196 58
4689 0 1 10464 58 4197
4691 0 1 10465 4197 2078
4697 0 1 10466 2078 4198
4699 0 1 10467 4198 691
4721 0 1 10468 691 4199
4723 0 1 10469 4199 2079
4729 0 1 10470 2079 4200
4731 0 1 10471 4200 59
4881 0 1 10424 53 4177
4883 0 1 10425 4177 2068
4889 0 1 10426 2068 4178
4891 0 1 10427 4178 686
4913 0 1 10428 686 4179
4915 0 1 10429 4179 2069
4921 0 1 10430 2069 4180
4923 0 1 10431 4180 54
4945 0 1 10432 54 4181
4947 0 1 10433 4181 2070
4953 0 1 10434 2070 4182
4955 0 1 10435 4182 687
4977 0 1 10436 687 4183
4979 0 1 10437 4183 2071
4985 0 1 10438 2071 4184
4987 0 1 10439 4184 55
5222 0 3 10440 56 4185
5223 0 3 10441 4185 2072
5226 0 3 10442 2072 4186
5227 0 3 10443 4186 688
5238 0 3 10444 688 4187
5239 0 3 10445 4187 2073
5242 0 3 10446 2073 4188
5243 0 3 10447 4188 55
5286 0 3 10448 57 4189
5287 0 3 10449 4189 2074
5290 0 3 10450 2074 4190
5291 0 3 10451 4190 689
5302 0 3 10452 689 4191
5303 0 3 10453 4191 2075
5306 0 3 10454 2075 4192
5307 0 3 10455 4192 56
5350 0 3 10472 60 4201
5351 0 3 10473 4201 2080
5354 0 3 10474 2080 4202
5355 0 3 10475 4202 692
5366 0 3 10476 692 4203
5367 0 3 10477 4203 2081
5370 0 3 10478 2081 4204
5371 0 3 10479 4204 59
5414 0 3 10480 61 4205
5415 0 3 10481 4205 2082
5418 0 3 10482 2082 4206
5419 0 3 10483 4206 693
5430 0 3 10484 693 4207
5431 0 3 10485 4207 2083
5434 0 3 10486 2083 4208
5435 0 3 10487 4208 60
5660 1 2 19912 74 7725
5661 1 2 19913 7725 2112
5664 1 2 19914 2112 7726
5665 1 2 19915 7726 708
6284 3 0 20232 47 7885
6286 3 0 20233 7885 4137
6292 3 0 20234 4137 7886
6294 3 0 20235 7886 2048
6316 3 0 20236 2048 7887
6318 3 0 20237 7887 4138
6324 3 0 20238 4138 7888
6326 3 0 20239 7888 676
6412 3 0 20240 676 7889
6414 3 0 20241 7889 4139
6420 3 0 20242 4139 7890
6422 3 0 20243 7890 2049
6444 3 0 20244 2049 7891
6446 3 0 20245 7891 4140
6452 3 0 20246 4140 7892
6454 3 0 20247 7892 46
6540 3 0 20264 48 7901
6542 3 0 20265 7901 4145
6548 3 0 20266 4145 7902
6550 3 0 20267 7902 2052
6572 3 0 20268 2052 7903
6574 3 0 20269 7903 4146
6580 3 0 20270 4146 7904
6582 3 0 20271 7904 678
6668 3 0 20272 678 7905
6670 3 0 20273 7905 4147
6676 3 0 20274 4147 7906
6678 3 0 20275 7906 2053
6700 3 0 20276 2053 7907
6702 3 0 20277 7907 4148
6708 3 0 20278 4148 7908
6710 3 0 20279 7908 47
6796 1 0 20472 74 8005
6798 1 0 20473 8005 4261
6804 1 0 20474 4261 8006
6806 1 0 20475 8006 2110
6828 1 0 20476 2110 8007
6830 1 0 20477 8007 4262
6836 1 0 20478 4262 8008
6838 1 0 20479 8008 707
6924 1 0 20480 707 8009
6926 1 0 20481 8009 4263
6932 1 0 20482 4263 8010
6934 1 0 20483 8010 2111
6956 1 0 20484 2111 8011
6958 1 0 20485 8011 4264
6964 1 0 20486 4264 8012
6966 1 0 20487 8012 73
7478 0 3 20424 72 7981
7479 0 3 20425 7981 4249
7482 0 3 20426 4249 7982
7483 0 3 20427 7982 2104
7494 0 3 20428 2104 7983
7495 0 3 20429 7983 4250
7498 0 3 20430 4250 7984
7499 0 3 20431 7984 704
7542 0 3 20432 704 7985
7543 0 3 20433 7985 4251
7546 0 3 20434 4251 7986
7547 0 3 20435 7986 2105
7558 0 3 20436 2105 7987
7559 0 3 20437 7987 4252
7562 0 3 20438 4252 7988
7563 0 3 20439 7988 71
7564 1 0 20440 73 7989
7566 1 0 20441 7989 4253
7572 1 0 20442 4253 7990
7574 1 0 20443 7990 2106
7596 1 0 20444 2106 7991
7598 1 0 20445 7991 4254
7604 1 0 20446 4254 7992
7606 1 0 20447 7992 705
7692 1 0 20448 705 7993
7694 1 0 20449 7993 4255
7700 1 0 20450 4255 7994
7702 1 0 20451 7994 2107
7724 1 0 20452 2107 7995
7726 1 0 20453 7995 4256
7732 1 0 20454 4256 7996
7734 1 0 20455 7996 2
7734 0 3 20120 2 7829
7735 0 3 20121 7829 4085
7738 0 3 20122 4085 7830
7739 0 3 20123 7830 1996
7750 0 3 20124 1996 7831
7751 0 3 20125 7831 4086
7754 0 3 20126 4086 7832
7755 0 3 20127 7832 626
7798 0 3 20128 626 7833
7799 0 3 20129 7833 4087
7802 0 3 20130 4087 7834
7803 0 3 20131 7834 1997
7814 0 3 20132 1997 7835
7815 0 3 20133 7835 4088
7818 0 3 20134 4088 7836
7819 0 3 20135 7836 72
8076 3 2 20280 48 7909
8077 3 2 20281 7909 4149
8080 3 2 20282 4149 7910
8081 3 2 20283 7910 2054
8092 3 2 20284 2054 7911
8093 3 2 20285 7911 4150
8096 3 2 20286 4150 7912
8097 3 2 20287 7912 679
8140 3 2 20288 679 7913
8141 3 2 20289 7913 4151
8144 3 2 20290 4151 7914
8145 3 2 20291 7914 2055
8156 3 2 20292 2055 7915
8157 3 2 20293 7915 4152
8160 3 2 20294 4152 7916
8161 3 2 20295 7916 49
8332 3 2 20312 49 7925
8333 3 2 20313 7925 4157
8336 3 2 20314 4157 7926
8337 3 2 20315 7926 2058
8348 3 2 20316 2058 7927
8349 3 2 20317 7927 4158
8352 3 2 20318 4158 7928
8353 3 2 20319 7928 681
8396 3 2 20320 681 7929
8397 3 2 20321 7929 4159
8400 3 2 20322 4159 7930
8401 3 2 20323 7930 2059
8412 3 2 20324 2059 7931
8413 3 2 20325 7931 4160
8416 3 2 20326 4160 7932
8417 0 1 20136 3 7837
8417 3 2 20327 7932 3
8419 0 1 20137 7837 4089
8425 0 1 20138 4089 7838
8427 0 1 20139 7838 1998
8449 0 1 20140 1998 7839
8451 0 1 20141 7839 4090
8457 0 1 20142 4090 7840
8459 0 1 20143 7840 627
8545 0 1 20144 627 7841
8547 0 1 20145 7841 4091
8553 0 1 20146 4091 7842
8555 0 1 20147 7842 1999
8577 0 1 20148 1999 7843
8579 0 1 20149 7843 4092
8585 0 1 20150 4092 7844
8587 0 1 20151 7844 50
8844 3 2 20152 44 7845
8845 3 2 20153 7845 4117
8848 3 2 20154 4117 7846
8849 3 2 20155 7846 2038
8860 3 2 20156 2038 7847
8861 3 2 20157 7847 4118
8864 3 2 20158 4118 7848
8865 3 2 20159 7848 671
8908 3 2 20160 671 7849
8909 3 2 20161 7849 4119
8912 3 2 20162 4119 7850
8913 3 2 20163 7850 2039
8924 3 2 20164 2039 7851
8925 3 2 20165 7851 4120
8928 3 2 20166 4120 7852
8929 3 2 20167 7852 45
9100 3 2 20184 45 7861
9101 3 2 20185 7861 4125
9104 3 2 20186 4125 7862
9105 3 2 20187 7862 2042
9116 3 2 20188 2042 7863
9117 3 2 20189 7863 4126
9120 3 2 20190 4126 7864
9121 3 2 20191 7864 673
9164 3 2 20192 673 7865
9165 3 2 20193 7865 4127
9168 3 2 20194 4127 7866
9169 3 2 20195 7866 2043
9180 3 2 20196 2043 7867
9181 3 2 20197 7867 4128
9184 3 2 20198 4128 7868
9185 3 2 20199 7868 46
9953 0 1 20344 66 7941
9955 0 1 20345 7941 4229
9961 0 1 20346 4229 7942
9963 0 1 20347 7942 2094
9985 0 1 20348 2094 7943
9987 0 1 20349 7943 4230
9993 0 1 20350 4230 7944
9995 0 1 20351 7944 699
10081 0 1 20352 699 7945
10083 0 1 20353 7945 4231
10089 0 1 20354 4231 7946
10091 0 1 20355 7946 2095
10113 0 1 20356 2095 7947
10115 0 1 20357 7947 4232
10121 0 1 20358 4232 7948
10123 0 1 20359 7948 67
10977 0 1 20360 67 7949
10979 0 1 20361 7949 4233
10985 0 1 20362 4233 7950
10987 0 1 20363 7950 2096
11009 0 1 20364 2096 7951
11011 0 1 20365 7951 4234
11017 0 1 20366 4234 7952
11019 0 1 20367 7952 700
11105 0 1 20368 700 7953
11107 0 1 20369 7953 4235
11113 0 1 20370 4235 7954
11115 0 1 20371 7954 2097
11137 0 1 20372 2097 7955
11139 0 1 20373 7955 4236
11145 0 1 20374 4236 7956
11147 0 1 20375 7956 68
11233 0 1 20376 68 7957
11235 0 1 20377 7957 4237
11241 0 1 20378 4237 7958
11243 0 1 20379 7958 2098
11265 0 1 20380 2098 7959
11267 0 1 20381 7959 4238
11273 0 1 20382 4238 7960
11275 0 1 20383 7960 701
11361 0 1 20384 701 7961
11363 0 1 20385 7961 4239
11369 0 1 20386 4239 7962
11371 0 1 20387 7962 2099
11393 0 1 20388 2099 7963
11395 0 1 20389 7963 4240
11401 0 1 20390 4240 7964
11403 0 1 20391 7964 69
11830 0 3 20392 70 7965
11831 0 3 20393 7965 4241
11834 0 3 20394 4241 7966
11835 0 3 20395 7966 2100
11846 0 3 20396 2100 7967
11847 0 3 20397 7967 4242
11850 0 3 20398 4242 7968
11851 0 3 20399 7968 702
11894 0 3 20400 702 7969
11895 0 3 20401 7969 4243
11898 0 3 20402 4243 7970
11899 0 3 20403 7970 2101
11910 0 3 20404 2101 7971
11911 0 3 20405 7971 4244
11914 0 3 20406 4244 7972
11915 0 3 20407 7972 69
12086 0 3 20408 71 7973
12087 0 3 20409 7973 4245
12090 0 3 20410 4245 7974
12091 0 3 20411 7974 2102
12102 0 3 20412 2102 7975
12103 0 3 20413 7975 4246
12106 0 3 20414 4246 7976
12107 0 3 20415 7976 703
12150 0 3 20416 703 7977
12151 0 3 20417 7977 4247
12154 0 3 20418 4247 7978
12155 0 3 20419 7978 2103
12166 0 3 20420 2103 7979
12167 0 3 20421 7979 4248
12170 0 3 20422 4248 7980
12171 0 3 20423 7980 70
