68 0 3 85 63 62
71 0 3 84 62 61
77 1 2 98 74 75
78 1 2 100 75 76
122 3 0 66 47 46
123 3 0 68 48 47
126 1 2 134 92 93
127 1 2 136 93 94
132 2 1 16 16 17
135 2 1 15 15 16
136 0 1 75 52 53
139 0 1 74 51 52
142 1 0 123 87 86
143 1 0 125 88 87
164 1 2 138 94 95
165 2 1 0 0 4
165 1 2 140 95 0
166 2 1 4 4 5
170 3 2 53 40 41
171 3 2 55 41 42
192 2 3 25 26 25
193 3 0 26 27 1
193 2 3 1 1 26
194 3 0 28 28 27
196 1 0 97 74 73
198 0 3 94 72 71
199 1 0 95 73 2
199 0 3 2 2 72
238 1 2 126 88 89
239 1 2 128 89 90
245 3 2 57 42 43
246 3 2 59 43 44
248 0 1 73 50 51
250 3 2 69 48 49
251 0 1 3 3 50
251 3 2 71 49 3
253 3 2 61 44 45
254 3 2 63 45 46
265 1 2 130 90 91
266 1 2 132 91 92
281 0 1 88 65 66
282 0 1 89 66 67
286 0 1 90 67 68
287 0 1 91 68 69
292 3 2 49 38 39
293 3 2 51 39 40
304 1 0 111 81 80
305 1 0 113 82 81
312 1 2 118 84 85
313 1 2 120 85 86
316 0 1 87 64 65
319 0 1 86 63 64
325 2 1 19 19 20
326 2 1 20 20 21
330 2 3 21 22 21
331 2 3 22 23 22
334 2 3 11 12 11
335 2 3 12 13 12
348 0 3 92 70 69
349 0 3 93 71 70
362 3 0 46 37 36
363 3 0 48 38 37
364 2 3 18 19 18
367 2 3 17 18 17
376 2 3 23 24 23
377 2 3 24 25 24
386 1 0 115 83 82
387 1 0 117 84 83
441 3 0 30 29 28
442 3 0 32 30 29
473 2 1 13 13 14
474 2 1 14 14 15
481 3 0 38 33 32
482 3 0 40 34 33
486 3 2 41 34 35
487 3 2 43 35 36
489 2 3 7 8 7
490 2 3 8 9 8
494 2 3 9 10 9
495 2 3 10 11 10
501 0 1 80 57 58
502 0 1 81 58 59
521 2 1 5 5 6
522 2 1 6 6 7
526 3 0 34 31 30
527 3 0 36 32 31
529 0 1 76 53 54
530 0 1 77 54 55
534 0 3 78 56 55
535 0 3 79 57 56
558 1 0 107 79 78
559 1 0 109 80 79
560 0 3 82 60 59
561 0 3 83 61 60
572 1 0 105 78 77
575 1 0 103 77 76
