52 1 2 134 92 93
53 1 2 136 93 94
54 2 1 16 16 17
57 2 1 15 15 16
58 1 2 138 94 95
59 2 1 0 0 4
59 1 2 140 95 0
60 2 1 4 4 5
70 1 2 132 91 92
78 2 3 11 12 11
79 2 3 12 13 12
85 2 3 17 18 17
118 2 1 13 13 14
119 2 1 14 14 15
123 2 3 7 8 7
124 2 3 8 9 8
126 2 3 9 10 9
127 2 3 10 11 10
136 2 1 5 5 6
137 2 1 6 6 7
232 1 2 1370 75 710
233 1 2 1371 710 76
336 1 0 1416 87 733
338 1 0 1417 733 86
340 1 0 1420 88 735
342 1 0 1421 735 87
466 2 3 1220 26 635
467 2 3 1221 635 25
468 3 0 1222 27 636
470 3 0 1223 636 1
470 2 3 1200 1 625
471 2 3 1201 625 26
472 3 0 1226 28 638
474 3 0 1227 638 27
568 1 2 1422 88 736
569 1 2 1423 736 89
572 1 2 1426 89 738
573 1 2 1427 738 90
612 1 2 1430 90 740
613 1 2 1431 740 91
696 1 0 1392 81 721
698 1 0 1393 721 80
700 1 0 1396 82 723
702 1 0 1397 723 81
741 2 1 1208 19 629
743 2 1 1209 629 20
745 2 1 1210 20 630
747 2 1 1211 630 21
762 2 3 1212 22 631
763 2 3 1213 631 21
766 2 3 1214 23 632
767 2 3 1215 632 22
808 3 0 1266 38 658
810 3 0 1267 658 37
814 2 3 1206 19 628
815 2 3 1207 628 18
826 2 3 1216 24 633
827 2 3 1217 633 23
830 2 3 1218 25 634
831 2 3 1219 634 24
848 1 0 1400 83 725
850 1 0 1401 725 82
964 3 0 1230 29 640
966 3 0 1231 640 28
968 3 0 1234 30 642
970 3 0 1235 642 29
1068 3 0 1246 33 648
1070 3 0 1247 648 32
1072 3 0 1250 34 650
1074 3 0 1251 650 33
1144 3 0 1238 31 644
1146 3 0 1239 644 30
1148 3 0 1242 32 646
1150 3 0 1243 646 31
1200 1 0 1384 79 717
1202 1 0 1385 717 78
1204 1 0 1388 80 719
1206 1 0 1389 719 79
1216 1 0 1380 78 715
1218 1 0 1381 715 77
1228 1 0 1376 77 713
1230 1 0 1377 713 76
1350 0 3 4980 63 2086
1351 0 3 4981 2086 695
1354 0 3 4982 695 2087
1355 0 3 4983 2087 62
1398 0 3 4976 62 2084
1399 0 3 4977 2084 694
1402 0 3 4978 694 2085
1403 0 3 4979 2085 61
1452 1 2 5032 74 2112
1453 1 2 5033 2112 708
1456 1 2 5034 708 2113
1457 1 2 5035 2113 75
1676 3 0 4904 47 2048
1678 3 0 4905 2048 676
1684 3 0 4906 676 2049
1686 3 0 4907 2049 46
1692 3 0 4912 48 2052
1694 3 0 4913 2052 678
1700 3 0 4914 678 2053
1702 3 0 4915 2053 47
1745 0 1 4940 52 2066
1747 0 1 4941 2066 685
1753 0 1 4942 685 2067
1755 0 1 4943 2067 53
1793 0 1 4936 51 2064
1795 0 1 4937 2064 684
1801 0 1 4938 684 2065
1803 0 1 4939 2065 52
1916 3 2 4852 40 2022
1917 3 2 4853 2022 663
1920 3 2 4854 663 2023
1921 3 2 4855 2023 41
1932 3 2 4860 41 2026
1933 3 2 4861 2026 665
1936 3 2 4862 665 2027
1937 3 2 4863 2027 42
2044 1 0 5028 74 2110
2046 1 0 5029 2110 707
2052 1 0 5030 707 2111
2054 1 0 5031 2111 73
2086 0 3 5016 72 2104
2087 0 3 5017 2104 704
2090 0 3 5018 704 2105
2091 0 3 5019 2105 71
2092 1 0 5020 73 2106
2094 1 0 5021 2106 705
2100 1 0 5022 705 2107
2102 1 0 5023 2107 2
2102 0 3 4800 2 1996
2103 0 3 4801 1996 626
2106 0 3 4802 626 1997
2107 0 3 4803 1997 72
2252 3 2 4868 42 2030
2253 3 2 4869 2030 667
2256 3 2 4870 667 2031
2257 3 2 4871 2031 43
2268 3 2 4876 43 2034
2269 3 2 4877 2034 669
2272 3 2 4878 669 2035
2273 3 2 4879 2035 44
2305 0 1 4932 50 2062
2307 0 1 4933 2062 683
2313 0 1 4934 683 2063
2315 0 1 4935 2063 51
2332 3 2 4916 48 2054
2333 3 2 4917 2054 679
2336 3 2 4918 679 2055
2337 3 2 4919 2055 49
2348 3 2 4924 49 2058
2349 3 2 4925 2058 681
2352 3 2 4926 681 2059
2353 0 1 4804 3 1998
2353 3 2 4927 2059 3
2355 0 1 4805 1998 627
2361 0 1 4806 627 1999
2363 0 1 4807 1999 50
2380 3 2 4884 44 2038
2381 3 2 4885 2038 671
2384 3 2 4886 671 2039
2385 3 2 4887 2039 45
2396 3 2 4892 45 2042
2397 3 2 4893 2042 673
2400 3 2 4894 673 2043
2401 3 2 4895 2043 46
2513 0 1 4992 65 2092
2515 0 1 4993 2092 698
2521 0 1 4994 698 2093
2523 0 1 4995 2093 66
2529 0 1 4996 66 2094
2531 0 1 4997 2094 699
2537 0 1 4998 699 2095
2539 0 1 4999 2095 67
2593 0 1 5000 67 2096
2595 0 1 5001 2096 700
2601 0 1 5002 700 2097
2603 0 1 5003 2097 68
2609 0 1 5004 68 2098
2611 0 1 5005 2098 701
2617 0 1 5006 701 2099
2619 0 1 5007 2099 69
2620 3 2 4836 38 2014
2621 3 2 4837 2014 659
2624 3 2 4838 659 2015
2625 3 2 4839 2015 39
2636 3 2 4844 39 2018
2637 3 2 4845 2018 661
2640 3 2 4846 661 2019
2641 3 2 4847 2019 40
2716 1 2 5052 84 2122
2717 1 2 5053 2122 728
2720 1 2 5054 728 2123
2721 1 2 5055 2123 85
2732 1 2 5060 85 2126
2733 1 2 5061 2126 730
2736 1 2 5062 730 2127
2737 1 2 5063 2127 86
2785 0 1 4988 64 2090
2787 0 1 4989 2090 697
2793 0 1 4990 697 2091
2795 0 1 4991 2091 65
2833 0 1 4984 63 2088
2835 0 1 4985 2088 696
2841 0 1 4986 696 2089
2843 0 1 4987 2089 64
2918 0 3 5008 70 2100
2919 0 3 5009 2100 702
2922 0 3 5010 702 2101
2923 0 3 5011 2101 69
2934 0 3 5012 71 2102
2935 0 3 5013 2102 703
2938 0 3 5014 703 2103
2939 0 3 5015 2103 70
3036 3 0 4828 37 2010
3038 3 0 4829 2010 656
3044 3 0 4830 656 2011
3046 3 0 4831 2011 36
3084 1 0 5048 84 2120
3086 1 0 5049 2120 727
3092 1 0 5050 727 2121
3094 1 0 5051 2121 83
3308 3 2 4808 34 2000
3309 3 2 4809 2000 651
3312 3 2 4810 651 2001
3313 3 2 4811 2001 35
3324 3 2 4816 35 2004
3325 3 2 4817 2004 653
3328 3 2 4818 653 2005
3329 3 2 4819 2005 36
3361 0 1 4960 57 2076
3363 0 1 4961 2076 690
3369 0 1 4962 690 2077
3371 0 1 4963 2077 58
3377 0 1 4964 58 2078
3379 0 1 4965 2078 691
3385 0 1 4966 691 2079
3387 0 1 4967 2079 59
3425 0 1 4944 53 2068
3427 0 1 4945 2068 686
3433 0 1 4946 686 2069
3435 0 1 4947 2069 54
3441 0 1 4948 54 2070
3443 0 1 4949 2070 687
3449 0 1 4950 687 2071
3451 0 1 4951 2071 55
3510 0 3 4952 56 2072
3511 0 3 4953 2072 688
3514 0 3 4954 688 2073
3515 0 3 4955 2073 55
3526 0 3 4956 57 2074
3527 0 3 4957 2074 689
3530 0 3 4958 689 2075
3531 0 3 4959 2075 56
3670 0 3 4968 60 2080
3671 0 3 4969 2080 692
3674 0 3 4970 692 2081
3675 0 3 4971 2081 59
3686 0 3 4972 61 2082
3687 0 3 4973 2082 693
3690 0 3 4974 693 2083
3691 0 3 4975 2083 60
