48 2 1 15 15 16
62 2 3 11 12 11
63 2 3 12 13 12
107 2 1 13 13 14
108 2 1 14 14 15
225 1 2 1390 75 720
226 1 2 1391 720 76
325 1 2 1458 92 754
326 1 2 1459 754 93
329 1 2 1462 93 756
330 1 2 1463 756 94
342 2 1 1222 16 636
344 2 1 1223 636 17
389 1 2 1466 94 758
390 1 2 1467 758 95
393 1 2 1470 95 760
394 2 1 1200 0 625
394 1 2 1471 760 0
396 2 1 1201 625 4
398 2 1 1208 4 629
400 2 1 1209 629 5
463 2 3 1240 26 645
464 2 3 1241 645 25
465 3 0 1242 27 646
467 3 0 1243 646 1
467 2 3 1202 1 626
468 2 3 1203 626 26
469 3 0 1246 28 648
471 3 0 1247 648 27
581 1 2 1446 89 748
582 1 2 1447 748 90
621 1 2 1450 90 750
622 1 2 1451 750 91
625 1 2 1454 91 752
626 1 2 1455 752 92
710 2 1 1228 19 639
712 2 1 1229 639 20
714 2 1 1230 20 640
716 2 1 1231 640 21
731 2 3 1232 22 641
732 2 3 1233 641 21
735 2 3 1234 23 642
736 2 3 1235 642 22
771 2 3 1226 19 638
772 2 3 1227 638 18
783 2 3 1224 18 637
784 2 3 1225 637 17
795 2 3 1236 24 643
796 2 3 1237 643 23
799 2 3 1238 25 644
800 2 3 1239 644 24
909 3 0 1250 29 650
911 3 0 1251 650 28
913 3 0 1254 30 652
915 3 0 1255 652 29
1015 2 3 1214 8 632
1016 2 3 1215 632 7
1019 2 3 1216 9 633
1020 2 3 1217 633 8
1035 2 3 1218 10 634
1036 2 3 1219 634 9
1039 2 3 1220 11 635
1040 2 3 1221 635 10
1110 2 1 1210 5 630
1112 2 1 1211 630 6
1114 2 1 1212 6 631
1116 2 1 1213 631 7
1129 3 0 1258 31 654
1131 3 0 1259 654 30
1133 3 0 1262 32 656
1135 3 0 1263 656 31
1181 1 0 1404 79 727
1183 1 0 1405 727 78
1185 1 0 1408 80 729
1187 1 0 1409 729 79
1213 1 0 1400 78 725
1215 1 0 1401 725 77
1225 1 0 1396 77 723
1227 1 0 1397 723 76
1297 1 2 5238 74 2190
1298 1 2 5239 2190 718
1301 1 2 5240 718 2191
1302 1 2 5241 2191 75
1441 1 0 5302 87 2222
1443 1 0 5303 2222 743
1449 1 0 5304 743 2223
1451 1 0 5305 2223 86
1457 1 0 5310 88 2226
1459 1 0 5311 2226 745
1465 1 0 5312 745 2227
1467 1 0 5313 2227 87
1789 1 2 5314 88 2228
1790 1 2 5315 2228 746
1793 1 2 5316 746 2229
1794 1 2 5317 2229 89
1961 3 2 5042 38 2092
1962 3 2 5043 2092 669
1965 3 2 5044 669 2093
1966 3 2 5045 2093 39
1977 3 2 5050 39 2096
1978 3 2 5051 2096 671
1981 3 2 5052 671 2097
1982 3 2 5053 2097 40
2025 1 0 5254 81 2198
2027 1 0 5255 2198 731
2033 1 0 5256 731 2199
2035 1 0 5257 2199 80
2041 1 0 5262 82 2202
2043 1 0 5263 2202 733
2049 1 0 5264 733 2203
2051 1 0 5265 2203 81
2105 1 2 5282 84 2212
2106 1 2 5283 2212 738
2109 1 2 5284 738 2213
2110 1 2 5285 2213 85
2121 1 2 5290 85 2216
2122 1 2 5291 2216 740
2125 1 2 5292 740 2217
2126 1 2 5293 2217 86
2265 3 0 5030 37 2086
2267 3 0 5031 2086 666
2273 3 0 5032 666 2087
2275 3 0 5033 2087 36
2281 3 0 5038 38 2090
2283 3 0 5039 2090 668
2289 3 0 5040 668 2091
2291 3 0 5041 2091 37
2329 1 0 5270 83 2206
2331 1 0 5271 2206 735
2337 1 0 5272 735 2207
2339 1 0 5273 2207 82
2345 1 0 5278 84 2210
2347 1 0 5279 2210 737
2353 1 0 5280 737 2211
2355 1 0 5281 2211 83
2505 3 0 4998 33 2070
2507 3 0 4999 2070 658
2513 3 0 5000 658 2071
2515 3 0 5001 2071 32
2521 3 0 5006 34 2074
2523 3 0 5007 2074 660
2529 3 0 5008 660 2075
2531 3 0 5009 2075 33
2585 3 2 5010 34 2076
2586 3 2 5011 2076 661
2589 3 2 5012 661 2077
2590 3 2 5013 2077 35
2601 3 2 5018 35 2080
2602 3 2 5019 2080 663
2605 3 2 5020 663 2081
2606 3 2 5021 2081 36
2947 0 3 11046 63 4425
2948 0 3 11047 4425 2164
2951 0 3 11048 2164 4426
2952 0 3 11049 4426 705
2963 0 3 11050 705 4427
2964 0 3 11051 4427 2165
2967 0 3 11052 2165 4428
2968 0 3 11053 4428 62
3139 0 3 11038 62 4421
3140 0 3 11039 4421 2162
3143 0 3 11040 2162 4422
3144 0 3 11041 4422 704
3155 0 3 11042 704 4423
3156 0 3 11043 4423 2163
3159 0 3 11044 2163 4424
3160 0 3 11045 4424 61
3438 0 1 10966 52 4385
3440 0 1 10967 4385 2144
3446 0 1 10968 2144 4386
3448 0 1 10969 4386 695
3470 0 1 10970 695 4387
3472 0 1 10971 4387 2145
3478 0 1 10972 2145 4388
3480 0 1 10973 4388 53
3801 3 2 10790 40 4297
3802 3 2 10791 4297 2100
3805 3 2 10792 2100 4298
3806 3 2 10793 4298 673
3817 3 2 10794 673 4299
3818 3 2 10795 4299 2101
3821 3 2 10796 2101 4300
3822 3 2 10797 4300 41
3865 3 2 10806 41 4305
3866 3 2 10807 4305 2104
3869 3 2 10808 2104 4306
3870 3 2 10809 4306 675
3881 3 2 10810 675 4307
3882 3 2 10811 4307 2105
3885 3 2 10812 2105 4308
3886 3 2 10813 4308 42
3929 1 0 11142 74 4473
3931 1 0 11143 4473 2188
3937 1 0 11144 2188 4474
3939 1 0 11145 4474 717
3961 1 0 11146 717 4475
3963 1 0 11147 4475 2189
3969 1 0 11148 2189 4476
3971 1 0 11149 4476 73
4121 3 2 10822 42 4313
4122 3 2 10823 4313 2108
4125 3 2 10824 2108 4314
4126 3 2 10825 4314 677
4137 3 2 10826 677 4315
4138 3 2 10827 4315 2109
4141 3 2 10828 2109 4316
4142 3 2 10829 4316 43
4185 3 2 10838 43 4321
4186 3 2 10839 4321 2112
4189 3 2 10840 2112 4322
4190 3 2 10841 4322 679
4201 3 2 10842 679 4323
4202 3 2 10843 4323 2113
4205 3 2 10844 2113 4324
4206 3 2 10845 4324 44
4782 0 1 11062 64 4433
4784 0 1 11063 4433 2168
4790 0 1 11064 2168 4434
4792 0 1 11065 4434 707
4814 0 1 11066 707 4435
4816 0 1 11067 4435 2169
4822 0 1 11068 2169 4436
4824 0 1 11069 4436 65
4974 0 1 11054 63 4429
4976 0 1 11055 4429 2166
4982 0 1 11056 2166 4430
4984 0 1 11057 4430 706
5006 0 1 11058 706 4431
5008 0 1 11059 4431 2167
5014 0 1 11060 2167 4432
5016 0 1 11061 4432 64
5230 0 1 11006 57 4405
5232 0 1 11007 4405 2154
5238 0 1 11008 2154 4406
5240 0 1 11009 4406 700
5262 0 1 11010 700 4407
5264 0 1 11011 4407 2155
5270 0 1 11012 2155 4408
5272 0 1 11013 4408 58
5294 0 1 11014 58 4409
5296 0 1 11015 4409 2156
5302 0 1 11016 2156 4410
5304 0 1 11017 4410 701
5326 0 1 11018 701 4411
5328 0 1 11019 4411 2157
5334 0 1 11020 2157 4412
5336 0 1 11021 4412 59
5486 0 1 10974 53 4389
5488 0 1 10975 4389 2146
5494 0 1 10976 2146 4390
5496 0 1 10977 4390 696
5518 0 1 10978 696 4391
5520 0 1 10979 4391 2147
5526 0 1 10980 2147 4392
5528 0 1 10981 4392 54
5550 0 1 10982 54 4393
5552 0 1 10983 4393 2148
5558 0 1 10984 2148 4394
5560 0 1 10985 4394 697
5582 0 1 10986 697 4395
5584 0 1 10987 4395 2149
5590 0 1 10988 2149 4396
5592 0 1 10989 4396 55
5827 0 3 10990 56 4397
5828 0 3 10991 4397 2150
5831 0 3 10992 2150 4398
5832 0 3 10993 4398 698
5843 0 3 10994 698 4399
5844 0 3 10995 4399 2151
5847 0 3 10996 2151 4400
5848 0 3 10997 4400 55
5891 0 3 10998 57 4401
5892 0 3 10999 4401 2152
5895 0 3 11000 2152 4402
5896 0 3 11001 4402 699
5907 0 3 11002 699 4403
5908 0 3 11003 4403 2153
5911 0 3 11004 2153 4404
5912 0 3 11005 4404 56
5955 0 3 11022 60 4413
5956 0 3 11023 4413 2158
5959 0 3 11024 2158 4414
5960 0 3 11025 4414 702
5971 0 3 11026 702 4415
5972 0 3 11027 4415 2159
5975 0 3 11028 2159 4416
5976 0 3 11029 4416 59
6019 0 3 11030 61 4417
6020 0 3 11031 4417 2160
6023 0 3 11032 2160 4418
6024 0 3 11033 4418 703
6035 0 3 11034 703 4419
6036 0 3 11035 4419 2161
6039 0 3 11036 2161 4420
6040 0 3 11037 4420 60
6329 3 0 20446 47 7965
6331 3 0 20447 7965 4349
6337 3 0 20448 4349 7966
6339 3 0 20449 7966 2126
6361 3 0 20450 2126 7967
6363 3 0 20451 7967 4350
6369 3 0 20452 4350 7968
6371 3 0 20453 7968 686
6457 3 0 20454 686 7969
6459 3 0 20455 7969 4351
6465 3 0 20456 4351 7970
6467 3 0 20457 7970 2127
6489 3 0 20458 2127 7971
6491 3 0 20459 7971 4352
6497 3 0 20460 4352 7972
6499 3 0 20461 7972 46
6585 3 0 20478 48 7981
6587 3 0 20479 7981 4357
6593 3 0 20480 4357 7982
6595 3 0 20481 7982 2130
6617 3 0 20482 2130 7983
6619 3 0 20483 7983 4358
6625 3 0 20484 4358 7984
6627 3 0 20485 7984 688
6713 3 0 20486 688 7985
6715 3 0 20487 7985 4359
6721 3 0 20488 4359 7986
6723 3 0 20489 7986 2131
6745 3 0 20490 2131 7987
6747 3 0 20491 7987 4360
6753 3 0 20492 4360 7988
6755 3 0 20493 7988 47
6926 0 1 20574 51 8029
6928 0 1 20575 8029 4381
6934 0 1 20576 4381 8030
6936 0 1 20577 8030 2142
6958 0 1 20578 2142 8031
6960 0 1 20579 8031 4382
6966 0 1 20580 4382 8032
6968 0 1 20581 8032 694
7054 0 1 20582 694 8033
7056 0 1 20583 8033 4383
7062 0 1 20584 4383 8034
7064 0 1 20585 8034 2143
7086 0 1 20586 2143 8035
7088 0 1 20587 8035 4384
7094 0 1 20588 4384 8036
7096 0 1 20589 8036 52
7267 0 3 20686 72 8085
7268 0 3 20687 8085 4461
7271 0 3 20688 4461 8086
7272 0 3 20689 8086 2182
7283 0 3 20690 2182 8087
7284 0 3 20691 8087 4462
7287 0 3 20692 4462 8088
7288 0 3 20693 8088 714
7331 0 3 20694 714 8089
7332 0 3 20695 8089 4463
7335 0 3 20696 4463 8090
7336 0 3 20697 8090 2183
7347 0 3 20698 2183 8091
7348 0 3 20699 8091 4464
7351 0 3 20700 4464 8092
7352 0 3 20701 8092 71
7353 1 0 20702 73 8093
7355 1 0 20703 8093 4465
7361 1 0 20704 4465 8094
7363 1 0 20705 8094 2184
7385 1 0 20706 2184 8095
7387 1 0 20707 8095 4466
7393 1 0 20708 4466 8096
7395 1 0 20709 8096 715
7481 1 0 20710 715 8097
7483 1 0 20711 8097 4467
7489 1 0 20712 4467 8098
7491 1 0 20713 8098 2185
7513 1 0 20714 2185 8099
7515 1 0 20715 8099 4468
7521 1 0 20716 4468 8100
7523 1 0 20717 8100 2
7523 0 3 20334 2 7909
7524 0 3 20335 7909 4289
7527 0 3 20336 4289 7910
7528 0 3 20337 7910 2064
7539 0 3 20338 2064 7911
7540 0 3 20339 7911 4290
7543 0 3 20340 4290 7912
7544 0 3 20341 7912 627
7587 0 3 20342 627 7913
7588 0 3 20343 7913 4291
7591 0 3 20344 4291 7914
7592 0 3 20345 7914 2065
7603 0 3 20346 2065 7915
7604 0 3 20347 7915 4292
7607 0 3 20348 4292 7916
7608 0 3 20349 7916 72
7694 0 1 20558 50 8021
7696 0 1 20559 8021 4377
7702 0 1 20560 4377 8022
7704 0 1 20561 8022 2140
7726 0 1 20562 2140 8023
7728 0 1 20563 8023 4378
7734 0 1 20564 4378 8024
7736 0 1 20565 8024 693
7822 0 1 20566 693 8025
7824 0 1 20567 8025 4379
7830 0 1 20568 4379 8026
7832 0 1 20569 8026 2141
7854 0 1 20570 2141 8027
7856 0 1 20571 8027 4380
7862 0 1 20572 4380 8028
7864 0 1 20573 8028 51
7865 3 2 20494 48 7989
7866 3 2 20495 7989 4361
7869 3 2 20496 4361 7990
7870 3 2 20497 7990 2132
7881 3 2 20498 2132 7991
7882 3 2 20499 7991 4362
7885 3 2 20500 4362 7992
7886 3 2 20501 7992 689
7929 3 2 20502 689 7993
7930 3 2 20503 7993 4363
7933 3 2 20504 4363 7994
7934 3 2 20505 7994 2133
7945 3 2 20506 2133 7995
7946 3 2 20507 7995 4364
7949 3 2 20508 4364 7996
7950 3 2 20509 7996 49
8121 3 2 20526 49 8005
8122 3 2 20527 8005 4369
8125 3 2 20528 4369 8006
8126 3 2 20529 8006 2136
8137 3 2 20530 2136 8007
8138 3 2 20531 8007 4370
8141 3 2 20532 4370 8008
8142 3 2 20533 8008 691
8185 3 2 20534 691 8009
8186 3 2 20535 8009 4371
8189 3 2 20536 4371 8010
8190 3 2 20537 8010 2137
8201 3 2 20538 2137 8011
8202 3 2 20539 8011 4372
8205 3 2 20540 4372 8012
8206 0 1 20350 3 7917
8206 3 2 20541 8012 3
8208 0 1 20351 7917 4293
8214 0 1 20352 4293 7918
8216 0 1 20353 7918 2066
8238 0 1 20354 2066 7919
8240 0 1 20355 7919 4294
8246 0 1 20356 4294 7920
8248 0 1 20357 7920 628
8334 0 1 20358 628 7921
8336 0 1 20359 7921 4295
8342 0 1 20360 4295 7922
8344 0 1 20361 7922 2067
8366 0 1 20362 2067 7923
8368 0 1 20363 7923 4296
8374 0 1 20364 4296 7924
8376 0 1 20365 7924 50
8633 3 2 20366 44 7925
8634 3 2 20367 7925 4329
8637 3 2 20368 4329 7926
8638 3 2 20369 7926 2116
8649 3 2 20370 2116 7927
8650 3 2 20371 7927 4330
8653 3 2 20372 4330 7928
8654 3 2 20373 7928 681
8697 3 2 20374 681 7929
8698 3 2 20375 7929 4331
8701 3 2 20376 4331 7930
8702 3 2 20377 7930 2117
8713 3 2 20378 2117 7931
8714 3 2 20379 7931 4332
8717 3 2 20380 4332 7932
8718 3 2 20381 7932 45
8889 3 2 20398 45 7941
8890 3 2 20399 7941 4337
8893 3 2 20400 4337 7942
8894 3 2 20401 7942 2120
8905 3 2 20402 2120 7943
8906 3 2 20403 7943 4338
8909 3 2 20404 4338 7944
8910 3 2 20405 7944 683
8953 3 2 20406 683 7945
8954 3 2 20407 7945 4339
8957 3 2 20408 4339 7946
8958 3 2 20409 7946 2121
8969 3 2 20410 2121 7947
8970 3 2 20411 7947 4340
8973 3 2 20412 4340 7948
8974 3 2 20413 7948 46
9486 0 1 20590 65 8037
9488 0 1 20591 8037 4437
9494 0 1 20592 4437 8038
9496 0 1 20593 8038 2170
9518 0 1 20594 2170 8039
9520 0 1 20595 8039 4438
9526 0 1 20596 4438 8040
9528 0 1 20597 8040 708
9614 0 1 20598 708 8041
9616 0 1 20599 8041 4439
9622 0 1 20600 4439 8042
9624 0 1 20601 8042 2171
9646 0 1 20602 2171 8043
9648 0 1 20603 8043 4440
9654 0 1 20604 4440 8044
9656 0 1 20605 8044 66
9742 0 1 20606 66 8045
9744 0 1 20607 8045 4441
9750 0 1 20608 4441 8046
9752 0 1 20609 8046 2172
9774 0 1 20610 2172 8047
9776 0 1 20611 8047 4442
9782 0 1 20612 4442 8048
9784 0 1 20613 8048 709
9870 0 1 20614 709 8049
9872 0 1 20615 8049 4443
9878 0 1 20616 4443 8050
9880 0 1 20617 8050 2173
9902 0 1 20618 2173 8051
9904 0 1 20619 8051 4444
9910 0 1 20620 4444 8052
9912 0 1 20621 8052 67
9998 0 1 20622 67 8053
10000 0 1 20623 8053 4445
10006 0 1 20624 4445 8054
10008 0 1 20625 8054 2174
10030 0 1 20626 2174 8055
10032 0 1 20627 8055 4446
10038 0 1 20628 4446 8056
10040 0 1 20629 8056 710
10126 0 1 20630 710 8057
10128 0 1 20631 8057 4447
10134 0 1 20632 4447 8058
10136 0 1 20633 8058 2175
10158 0 1 20634 2175 8059
10160 0 1 20635 8059 4448
10166 0 1 20636 4448 8060
10168 0 1 20637 8060 68
10254 0 1 20638 68 8061
10256 0 1 20639 8061 4449
10262 0 1 20640 4449 8062
10264 0 1 20641 8062 2176
10286 0 1 20642 2176 8063
10288 0 1 20643 8063 4450
10294 0 1 20644 4450 8064
10296 0 1 20645 8064 711
10382 0 1 20646 711 8065
10384 0 1 20647 8065 4451
10390 0 1 20648 4451 8066
10392 0 1 20649 8066 2177
10414 0 1 20650 2177 8067
10416 0 1 20651 8067 4452
10422 0 1 20652 4452 8068
10424 0 1 20653 8068 69
10595 0 3 20654 70 8069
10596 0 3 20655 8069 4453
10599 0 3 20656 4453 8070
10600 0 3 20657 8070 2178
10611 0 3 20658 2178 8071
10612 0 3 20659 8071 4454
10615 0 3 20660 4454 8072
10616 0 3 20661 8072 712
10659 0 3 20662 712 8073
10660 0 3 20663 8073 4455
10663 0 3 20664 4455 8074
10664 0 3 20665 8074 2179
10675 0 3 20666 2179 8075
10676 0 3 20667 8075 4456
10679 0 3 20668 4456 8076
10680 0 3 20669 8076 69
10851 0 3 20670 71 8077
10852 0 3 20671 8077 4457
10855 0 3 20672 4457 8078
10856 0 3 20673 8078 2180
10867 0 3 20674 2180 8079
10868 0 3 20675 8079 4458
10871 0 3 20676 4458 8080
10872 0 3 20677 8080 713
10915 0 3 20678 713 8081
10916 0 3 20679 8081 4459
10919 0 3 20680 4459 8082
10920 0 3 20681 8082 2181
10931 0 3 20682 2181 8083
10932 0 3 20683 8083 4460
10935 0 3 20684 4460 8084
10936 0 3 20685 8084 70
