48 2 1 15 15 16
63 2 3 11 12 11
64 2 3 12 13 12
108 2 1 13 13 14
109 2 1 14 14 15
244 0 3 1360 63 705
245 0 3 1361 705 62
256 0 3 1358 62 704
257 0 3 1359 704 61
278 1 2 1386 74 718
279 1 2 1387 718 75
282 1 2 1390 75 720
283 1 2 1391 720 76
422 3 0 1322 47 686
424 3 0 1323 686 46
426 3 0 1326 48 688
428 3 0 1327 688 47
438 1 2 1458 92 754
439 1 2 1459 754 93
442 1 2 1462 93 756
443 1 2 1463 756 94
463 2 1 1222 16 636
465 2 1 1223 636 17
471 0 1 1340 52 695
473 0 1 1341 695 53
483 0 1 1338 51 694
485 0 1 1339 694 52
494 1 0 1436 87 743
496 1 0 1437 743 86
498 1 0 1440 88 745
500 1 0 1441 745 87
578 1 2 1466 94 758
579 1 2 1467 758 95
582 1 2 1470 95 760
583 2 1 1200 0 625
583 1 2 1471 760 0
585 2 1 1201 625 4
587 2 1 1208 4 629
589 2 1 1209 629 5
602 3 2 1296 40 673
603 3 2 1297 673 41
606 3 2 1300 41 675
607 3 2 1301 675 42
684 2 3 1240 26 645
685 2 3 1241 645 25
686 3 0 1242 27 646
688 3 0 1243 646 1
688 2 3 1202 1 626
689 2 3 1203 626 26
690 3 0 1246 28 648
692 3 0 1247 648 27
698 1 0 1384 74 717
700 1 0 1385 717 73
708 0 3 1378 72 714
709 0 3 1379 714 71
710 1 0 1380 73 715
712 1 0 1381 715 2
712 0 3 1204 2 627
713 0 3 1205 627 72
850 1 2 1442 88 746
851 1 2 1443 746 89
854 1 2 1446 89 748
855 1 2 1447 748 90
878 3 2 1304 42 677
879 3 2 1305 677 43
882 3 2 1308 43 679
883 3 2 1309 679 44
891 0 1 1336 50 693
893 0 1 1337 693 51
898 3 2 1328 48 689
899 3 2 1329 689 49
902 3 2 1332 49 691
903 0 1 1206 3 628
903 3 2 1333 691 3
905 0 1 1207 628 50
910 3 2 1312 44 681
911 3 2 1313 681 45
914 3 2 1316 45 683
915 3 2 1317 683 46
958 1 2 1450 90 750
959 1 2 1451 750 91
962 1 2 1454 91 752
963 1 2 1455 752 92
1007 0 1 1366 65 708
1009 0 1 1367 708 66
1011 0 1 1368 66 709
1013 0 1 1369 709 67
1027 0 1 1370 67 710
1029 0 1 1371 710 68
1031 0 1 1372 68 711
1033 0 1 1373 711 69
1050 3 2 1288 38 669
1051 3 2 1289 669 39
1054 3 2 1292 39 671
1055 3 2 1293 671 40
1094 1 0 1412 81 731
1096 1 0 1413 731 80
1098 1 0 1416 82 733
1100 1 0 1417 733 81
1126 1 2 1426 84 738
1127 1 2 1427 738 85
1130 1 2 1430 85 740
1131 1 2 1431 740 86
1143 0 1 1364 64 707
1145 0 1 1365 707 65
1155 0 1 1362 63 706
1157 0 1 1363 706 64
1179 2 1 1228 19 639
1181 2 1 1229 639 20
1183 2 1 1230 20 640
1185 2 1 1231 640 21
1200 2 3 1232 22 641
1201 2 3 1233 641 21
1204 2 3 1234 23 642
1205 2 3 1235 642 22
1232 0 3 1374 70 712
1233 0 3 1375 712 69
1236 0 3 1376 71 713
1237 0 3 1377 713 70
1278 3 0 1282 37 666
1280 3 0 1283 666 36
1282 3 0 1286 38 668
1284 3 0 1287 668 37
1288 2 3 1226 19 638
1289 2 3 1227 638 18
1300 2 3 1224 18 637
1301 2 3 1225 637 17
1312 2 3 1236 24 643
1313 2 3 1237 643 23
1316 2 3 1238 25 644
1317 2 3 1239 644 24
1350 1 0 1420 83 735
1352 1 0 1421 735 82
1354 1 0 1424 84 737
1356 1 0 1425 737 83
1478 3 0 1250 29 650
1480 3 0 1251 650 28
1482 3 0 1254 30 652
1484 3 0 1255 652 29
1590 3 0 1266 33 658
1592 3 0 1267 658 32
1594 3 0 1270 34 660
1596 3 0 1271 660 33
1610 3 2 1272 34 661
1611 3 2 1273 661 35
1614 3 2 1276 35 663
1615 3 2 1277 663 36
1624 2 3 1214 8 632
1625 2 3 1215 632 7
1628 2 3 1216 9 633
1629 2 3 1217 633 8
1644 2 3 1218 10 634
1645 2 3 1219 634 9
1648 2 3 1220 11 635
1649 2 3 1221 635 10
1655 0 1 1350 57 700
1657 0 1 1351 700 58
1659 0 1 1352 58 701
1661 0 1 1353 701 59
1735 2 1 1210 5 630
1737 2 1 1211 630 6
1739 2 1 1212 6 631
1741 2 1 1213 631 7
1754 3 0 1258 31 654
1756 3 0 1259 654 30
1758 3 0 1262 32 656
1760 3 0 1263 656 31
1767 0 1 1342 53 696
1769 0 1 1343 696 54
1771 0 1 1344 54 697
1773 0 1 1345 697 55
1788 0 3 1346 56 698
1789 0 3 1347 698 55
1792 0 3 1348 57 699
1793 0 3 1349 699 56
1866 1 0 1404 79 727
1868 1 0 1405 727 78
1870 1 0 1408 80 729
1872 1 0 1409 729 79
1876 0 3 1354 60 702
1877 0 3 1355 702 59
1880 0 3 1356 61 703
1881 0 3 1357 703 60
1922 1 0 1400 78 725
1924 1 0 1401 725 77
1934 1 0 1396 77 723
1936 1 0 1397 723 76
