48 2 1 15 15 16
62 2 3 11 12 11
63 2 3 12 13 12
107 2 1 13 13 14
108 2 1 14 14 15
225 1 2 1390 75 720
226 1 2 1391 720 76
325 1 2 1458 92 754
326 1 2 1459 754 93
329 1 2 1462 93 756
330 1 2 1463 756 94
342 2 1 1222 16 636
344 2 1 1223 636 17
389 1 2 1466 94 758
390 1 2 1467 758 95
393 1 2 1470 95 760
394 2 1 1200 0 625
394 1 2 1471 760 0
396 2 1 1201 625 4
398 2 1 1208 4 629
400 2 1 1209 629 5
463 2 3 1240 26 645
464 2 3 1241 645 25
465 3 0 1242 27 646
467 3 0 1243 646 1
467 2 3 1202 1 626
468 2 3 1203 626 26
469 3 0 1246 28 648
471 3 0 1247 648 27
581 1 2 1446 89 748
582 1 2 1447 748 90
621 1 2 1450 90 750
622 1 2 1451 750 91
625 1 2 1454 91 752
626 1 2 1455 752 92
710 2 1 1228 19 639
712 2 1 1229 639 20
714 2 1 1230 20 640
716 2 1 1231 640 21
731 2 3 1232 22 641
732 2 3 1233 641 21
735 2 3 1234 23 642
736 2 3 1235 642 22
771 2 3 1226 19 638
772 2 3 1227 638 18
783 2 3 1224 18 637
784 2 3 1225 637 17
795 2 3 1236 24 643
796 2 3 1237 643 23
799 2 3 1238 25 644
800 2 3 1239 644 24
909 3 0 1250 29 650
911 3 0 1251 650 28
913 3 0 1254 30 652
915 3 0 1255 652 29
1015 2 3 1214 8 632
1016 2 3 1215 632 7
1019 2 3 1216 9 633
1020 2 3 1217 633 8
1035 2 3 1218 10 634
1036 2 3 1219 634 9
1039 2 3 1220 11 635
1040 2 3 1221 635 10
1110 2 1 1210 5 630
1112 2 1 1211 630 6
1114 2 1 1212 6 631
1116 2 1 1213 631 7
1129 3 0 1258 31 654
1131 3 0 1259 654 30
1133 3 0 1262 32 656
1135 3 0 1263 656 31
1181 1 0 1404 79 727
1183 1 0 1405 727 78
1185 1 0 1408 80 729
1187 1 0 1409 729 79
1213 1 0 1400 78 725
1215 1 0 1401 725 77
1225 1 0 1396 77 723
1227 1 0 1397 723 76
1313 1 2 5238 74 2190
1314 1 2 5239 2190 718
1317 1 2 5240 718 2191
1318 1 2 5241 2191 75
1457 1 0 5302 87 2222
1459 1 0 5303 2222 743
1465 1 0 5304 743 2223
1467 1 0 5305 2223 86
1473 1 0 5310 88 2226
1475 1 0 5311 2226 745
1481 1 0 5312 745 2227
1483 1 0 5313 2227 87
1809 1 2 5314 88 2228
1810 1 2 5315 2228 746
1813 1 2 5316 746 2229
1814 1 2 5317 2229 89
1985 3 2 5042 38 2092
1986 3 2 5043 2092 669
1989 3 2 5044 669 2093
1990 3 2 5045 2093 39
2001 3 2 5050 39 2096
2002 3 2 5051 2096 671
2005 3 2 5052 671 2097
2006 3 2 5053 2097 40
2049 1 0 5254 81 2198
2051 1 0 5255 2198 731
2057 1 0 5256 731 2199
2059 1 0 5257 2199 80
2065 1 0 5262 82 2202
2067 1 0 5263 2202 733
2073 1 0 5264 733 2203
2075 1 0 5265 2203 81
2129 1 2 5282 84 2212
2130 1 2 5283 2212 738
2133 1 2 5284 738 2213
2134 1 2 5285 2213 85
2145 1 2 5290 85 2216
2146 1 2 5291 2216 740
2149 1 2 5292 740 2217
2150 1 2 5293 2217 86
2289 3 0 5030 37 2086
2291 3 0 5031 2086 666
2297 3 0 5032 666 2087
2299 3 0 5033 2087 36
2305 3 0 5038 38 2090
2307 3 0 5039 2090 668
2313 3 0 5040 668 2091
2315 3 0 5041 2091 37
2353 1 0 5270 83 2206
2355 1 0 5271 2206 735
2361 1 0 5272 735 2207
2363 1 0 5273 2207 82
2369 1 0 5278 84 2210
2371 1 0 5279 2210 737
2377 1 0 5280 737 2211
2379 1 0 5281 2211 83
2529 3 0 4998 33 2070
2531 3 0 4999 2070 658
2537 3 0 5000 658 2071
2539 3 0 5001 2071 32
2545 3 0 5006 34 2074
2547 3 0 5007 2074 660
2553 3 0 5008 660 2075
2555 3 0 5009 2075 33
2609 3 2 5010 34 2076
2610 3 2 5011 2076 661
2613 3 2 5012 661 2077
2614 3 2 5013 2077 35
2625 3 2 5018 35 2080
2626 3 2 5019 2080 663
2629 3 2 5020 663 2081
2630 3 2 5021 2081 36
2987 0 3 11046 63 4425
2988 0 3 11047 4425 2164
2991 0 3 11048 2164 4426
2992 0 3 11049 4426 705
3003 0 3 11050 705 4427
3004 0 3 11051 4427 2165
3007 0 3 11052 2165 4428
3008 0 3 11053 4428 62
3179 0 3 11038 62 4421
3180 0 3 11039 4421 2162
3183 0 3 11040 2162 4422
3184 0 3 11041 4422 704
3195 0 3 11042 704 4423
3196 0 3 11043 4423 2163
3199 0 3 11044 2163 4424
3200 0 3 11045 4424 61
3457 3 0 10894 47 4349
3459 3 0 10895 4349 2126
3465 3 0 10896 2126 4350
3467 3 0 10897 4350 686
3489 3 0 10898 686 4351
3491 3 0 10899 4351 2127
3497 3 0 10900 2127 4352
3499 3 0 10901 4352 46
3521 3 0 10910 48 4357
3523 3 0 10911 4357 2130
3529 3 0 10912 2130 4358
3531 3 0 10913 4358 688
3553 3 0 10914 688 4359
3555 3 0 10915 4359 2131
3561 3 0 10916 2131 4360
3563 3 0 10917 4360 47
3606 0 1 10966 52 4385
3608 0 1 10967 4385 2144
3614 0 1 10968 2144 4386
3616 0 1 10969 4386 695
3638 0 1 10970 695 4387
3640 0 1 10971 4387 2145
3646 0 1 10972 2145 4388
3648 0 1 10973 4388 53
3798 0 1 10958 51 4381
3800 0 1 10959 4381 2142
3806 0 1 10960 2142 4382
3808 0 1 10961 4382 694
3830 0 1 10962 694 4383
3832 0 1 10963 4383 2143
3838 0 1 10964 2143 4384
3840 0 1 10965 4384 52
4033 3 2 10790 40 4297
4034 3 2 10791 4297 2100
4037 3 2 10792 2100 4298
4038 3 2 10793 4298 673
4049 3 2 10794 673 4299
4050 3 2 10795 4299 2101
4053 3 2 10796 2101 4300
4054 3 2 10797 4300 41
4097 3 2 10806 41 4305
4098 3 2 10807 4305 2104
4101 3 2 10808 2104 4306
4102 3 2 10809 4306 675
4113 3 2 10810 675 4307
4114 3 2 10811 4307 2105
4117 3 2 10812 2105 4308
4118 3 2 10813 4308 42
4161 1 0 11142 74 4473
4163 1 0 11143 4473 2188
4169 1 0 11144 2188 4474
4171 1 0 11145 4474 717
4193 1 0 11146 717 4475
4195 1 0 11147 4475 2189
4201 1 0 11148 2189 4476
4203 1 0 11149 4476 73
4331 0 3 11118 72 4461
4332 0 3 11119 4461 2182
4335 0 3 11120 2182 4462
4336 0 3 11121 4462 714
4347 0 3 11122 714 4463
4348 0 3 11123 4463 2183
4351 0 3 11124 2183 4464
4352 0 3 11125 4464 71
4353 1 0 11126 73 4465
4355 1 0 11127 4465 2184
4361 1 0 11128 2184 4466
4363 1 0 11129 4466 715
4385 1 0 11130 715 4467
4387 1 0 11131 4467 2185
4393 1 0 11132 2185 4468
4395 1 0 11133 4468 2
4395 0 3 10774 2 4289
4396 0 3 10775 4289 2064
4399 0 3 10776 2064 4290
4400 0 3 10777 4290 627
4411 0 3 10778 627 4291
4412 0 3 10779 4291 2065
4415 0 3 10780 2065 4292
4416 0 3 10781 4292 72
4481 3 2 10822 42 4313
4482 3 2 10823 4313 2108
4485 3 2 10824 2108 4314
4486 3 2 10825 4314 677
4497 3 2 10826 677 4315
4498 3 2 10827 4315 2109
4501 3 2 10828 2109 4316
4502 3 2 10829 4316 43
4545 3 2 10838 43 4321
4546 3 2 10839 4321 2112
4549 3 2 10840 2112 4322
4550 3 2 10841 4322 679
4561 3 2 10842 679 4323
4562 3 2 10843 4323 2113
4565 3 2 10844 2113 4324
4566 3 2 10845 4324 44
4694 0 1 10950 50 4377
4696 0 1 10951 4377 2140
4702 0 1 10952 2140 4378
4704 0 1 10953 4378 693
4726 0 1 10954 693 4379
4728 0 1 10955 4379 2141
4734 0 1 10956 2141 4380
4736 0 1 10957 4380 51
4801 3 2 10918 48 4361
4802 3 2 10919 4361 2132
4805 3 2 10920 2132 4362
4806 3 2 10921 4362 689
4817 3 2 10922 689 4363
4818 3 2 10923 4363 2133
4821 3 2 10924 2133 4364
4822 3 2 10925 4364 49
4865 3 2 10934 49 4369
4866 3 2 10935 4369 2136
4869 3 2 10936 2136 4370
4870 3 2 10937 4370 691
4881 3 2 10938 691 4371
4882 3 2 10939 4371 2137
4885 3 2 10940 2137 4372
4886 0 1 10782 3 4293
4886 3 2 10941 4372 3
4888 0 1 10783 4293 2066
4894 0 1 10784 2066 4294
4896 0 1 10785 4294 628
4918 0 1 10786 628 4295
4920 0 1 10787 4295 2067
4926 0 1 10788 2067 4296
4928 0 1 10789 4296 50
4993 3 2 10854 44 4329
4994 3 2 10855 4329 2116
4997 3 2 10856 2116 4330
4998 3 2 10857 4330 681
5009 3 2 10858 681 4331
5010 3 2 10859 4331 2117
5013 3 2 10860 2117 4332
5014 3 2 10861 4332 45
5057 3 2 10870 45 4337
5058 3 2 10871 4337 2120
5061 3 2 10872 2120 4338
5062 3 2 10873 4338 683
5073 3 2 10874 683 4339
5074 3 2 10875 4339 2121
5077 3 2 10876 2121 4340
5078 3 2 10877 4340 46
5270 0 1 11070 65 4437
5272 0 1 11071 4437 2170
5278 0 1 11072 2170 4438
5280 0 1 11073 4438 708
5302 0 1 11074 708 4439
5304 0 1 11075 4439 2171
5310 0 1 11076 2171 4440
5312 0 1 11077 4440 66
5334 0 1 11078 66 4441
5336 0 1 11079 4441 2172
5342 0 1 11080 2172 4442
5344 0 1 11081 4442 709
5366 0 1 11082 709 4443
5368 0 1 11083 4443 2173
5374 0 1 11084 2173 4444
5376 0 1 11085 4444 67
5590 0 1 11086 67 4445
5592 0 1 11087 4445 2174
5598 0 1 11088 2174 4446
5600 0 1 11089 4446 710
5622 0 1 11090 710 4447
5624 0 1 11091 4447 2175
5630 0 1 11092 2175 4448
5632 0 1 11093 4448 68
5654 0 1 11094 68 4449
5656 0 1 11095 4449 2176
5662 0 1 11096 2176 4450
5664 0 1 11097 4450 711
5686 0 1 11098 711 4451
5688 0 1 11099 4451 2177
5694 0 1 11100 2177 4452
5696 0 1 11101 4452 69
5846 0 1 11062 64 4433
5848 0 1 11063 4433 2168
5854 0 1 11064 2168 4434
5856 0 1 11065 4434 707
5878 0 1 11066 707 4435
5880 0 1 11067 4435 2169
5886 0 1 11068 2169 4436
5888 0 1 11069 4436 65
6038 0 1 11054 63 4429
6040 0 1 11055 4429 2166
6046 0 1 11056 2166 4430
6048 0 1 11057 4430 706
6070 0 1 11058 706 4431
6072 0 1 11059 4431 2167
6078 0 1 11060 2167 4432
6080 0 1 11061 4432 64
6123 0 3 11102 70 4453
6124 0 3 11103 4453 2178
6127 0 3 11104 2178 4454
6128 0 3 11105 4454 712
6139 0 3 11106 712 4455
6140 0 3 11107 4455 2179
6143 0 3 11108 2179 4456
6144 0 3 11109 4456 69
6187 0 3 11110 71 4457
6188 0 3 11111 4457 2180
6191 0 3 11112 2180 4458
6192 0 3 11113 4458 713
6203 0 3 11114 713 4459
6204 0 3 11115 4459 2181
6207 0 3 11116 2181 4460
6208 0 3 11117 4460 70
6486 0 1 11006 57 4405
6488 0 1 11007 4405 2154
6494 0 1 11008 2154 4406
6496 0 1 11009 4406 700
6518 0 1 11010 700 4407
6520 0 1 11011 4407 2155
6526 0 1 11012 2155 4408
6528 0 1 11013 4408 58
6550 0 1 11014 58 4409
6552 0 1 11015 4409 2156
6558 0 1 11016 2156 4410
6560 0 1 11017 4410 701
6582 0 1 11018 701 4411
6584 0 1 11019 4411 2157
6590 0 1 11020 2157 4412
6592 0 1 11021 4412 59
6742 0 1 10974 53 4389
6744 0 1 10975 4389 2146
6750 0 1 10976 2146 4390
6752 0 1 10977 4390 696
6774 0 1 10978 696 4391
6776 0 1 10979 4391 2147
6782 0 1 10980 2147 4392
6784 0 1 10981 4392 54
6806 0 1 10982 54 4393
6808 0 1 10983 4393 2148
6814 0 1 10984 2148 4394
6816 0 1 10985 4394 697
6838 0 1 10986 697 4395
6840 0 1 10987 4395 2149
6846 0 1 10988 2149 4396
6848 0 1 10989 4396 55
7083 0 3 10990 56 4397
7084 0 3 10991 4397 2150
7087 0 3 10992 2150 4398
7088 0 3 10993 4398 698
7099 0 3 10994 698 4399
7100 0 3 10995 4399 2151
7103 0 3 10996 2151 4400
7104 0 3 10997 4400 55
7147 0 3 10998 57 4401
7148 0 3 10999 4401 2152
7151 0 3 11000 2152 4402
7152 0 3 11001 4402 699
7163 0 3 11002 699 4403
7164 0 3 11003 4403 2153
7167 0 3 11004 2153 4404
7168 0 3 11005 4404 56
7211 0 3 11022 60 4413
7212 0 3 11023 4413 2158
7215 0 3 11024 2158 4414
7216 0 3 11025 4414 702
7227 0 3 11026 702 4415
7228 0 3 11027 4415 2159
7231 0 3 11028 2159 4416
7232 0 3 11029 4416 59
7275 0 3 11030 61 4417
7276 0 3 11031 4417 2160
7279 0 3 11032 2160 4418
7280 0 3 11033 4418 703
7291 0 3 11034 703 4419
7292 0 3 11035 4419 2161
7295 0 3 11036 2161 4420
7296 0 3 11037 4420 60
