48 2 1 15 15 16
62 2 3 11 12 11
63 2 3 12 13 12
107 2 1 13 13 14
108 2 1 14 14 15
241 1 2 1390 75 720
242 1 2 1391 720 76
349 1 2 1458 92 754
350 1 2 1459 754 93
353 1 2 1462 93 756
354 1 2 1463 756 94
374 2 1 1222 16 636
376 2 1 1223 636 17
421 1 2 1466 94 758
422 1 2 1467 758 95
425 1 2 1470 95 760
426 2 1 1200 0 625
426 1 2 1471 760 0
428 2 1 1201 625 4
430 2 1 1208 4 629
432 2 1 1209 629 5
495 2 3 1240 26 645
496 2 3 1241 645 25
497 3 0 1242 27 646
499 3 0 1243 646 1
499 2 3 1202 1 626
500 2 3 1203 626 26
501 3 0 1246 28 648
503 3 0 1247 648 27
613 1 2 1446 89 748
614 1 2 1447 748 90
653 1 2 1450 90 750
654 1 2 1451 750 91
657 1 2 1454 91 752
658 1 2 1455 752 92
742 2 1 1228 19 639
744 2 1 1229 639 20
746 2 1 1230 20 640
748 2 1 1231 640 21
763 2 3 1232 22 641
764 2 3 1233 641 21
767 2 3 1234 23 642
768 2 3 1235 642 22
803 2 3 1226 19 638
804 2 3 1227 638 18
815 2 3 1224 18 637
816 2 3 1225 637 17
827 2 3 1236 24 643
828 2 3 1237 643 23
831 2 3 1238 25 644
832 2 3 1239 644 24
941 3 0 1250 29 650
943 3 0 1251 650 28
945 3 0 1254 30 652
947 3 0 1255 652 29
1055 2 3 1214 8 632
1056 2 3 1215 632 7
1059 2 3 1216 9 633
1060 2 3 1217 633 8
1075 2 3 1218 10 634
1076 2 3 1219 634 9
1079 2 3 1220 11 635
1080 2 3 1221 635 10
1150 2 1 1210 5 630
1152 2 1 1211 630 6
1154 2 1 1212 6 631
1156 2 1 1213 631 7
1169 3 0 1258 31 654
1171 3 0 1259 654 30
1173 3 0 1262 32 656
1175 3 0 1263 656 31
1221 1 0 1404 79 727
1223 1 0 1405 727 78
1225 1 0 1408 80 729
1227 1 0 1409 729 79
1253 1 0 1400 78 725
1255 1 0 1401 725 77
1265 1 0 1396 77 723
1267 1 0 1397 723 76
1347 0 3 5186 63 2164
1348 0 3 5187 2164 705
1351 0 3 5188 705 2165
1352 0 3 5189 2165 62
1395 0 3 5182 62 2162
1396 0 3 5183 2162 704
1399 0 3 5184 704 2163
1400 0 3 5185 2163 61
1417 1 2 5238 74 2190
1418 1 2 5239 2190 718
1421 1 2 5240 718 2191
1422 1 2 5241 2191 75
1593 3 0 5110 47 2126
1595 3 0 5111 2126 686
1601 3 0 5112 686 2127
1603 3 0 5113 2127 46
1609 3 0 5118 48 2130
1611 3 0 5119 2130 688
1617 3 0 5120 688 2131
1619 3 0 5121 2131 47
1630 0 1 5146 52 2144
1632 0 1 5147 2144 695
1638 0 1 5148 695 2145
1640 0 1 5149 2145 53
1678 0 1 5142 51 2142
1680 0 1 5143 2142 694
1686 0 1 5144 694 2143
1688 0 1 5145 2143 52
1721 1 0 5302 87 2222
1723 1 0 5303 2222 743
1729 1 0 5304 743 2223
1731 1 0 5305 2223 86
1737 1 0 5310 88 2226
1739 1 0 5311 2226 745
1745 1 0 5312 745 2227
1747 1 0 5313 2227 87
1929 3 2 5058 40 2100
1930 3 2 5059 2100 673
1933 3 2 5060 673 2101
1934 3 2 5061 2101 41
1945 3 2 5066 41 2104
1946 3 2 5067 2104 675
1949 3 2 5068 675 2105
1950 3 2 5069 2105 42
2025 1 0 5234 74 2188
2027 1 0 5235 2188 717
2033 1 0 5236 717 2189
2035 1 0 5237 2189 73
2067 0 3 5222 72 2182
2068 0 3 5223 2182 714
2071 0 3 5224 714 2183
2072 0 3 5225 2183 71
2073 1 0 5226 73 2184
2075 1 0 5227 2184 715
2081 1 0 5228 715 2185
2083 1 0 5229 2185 2
2083 0 3 4986 2 2064
2084 0 3 4987 2064 627
2087 0 3 4988 627 2065
2088 0 3 4989 2065 72
2217 1 2 5314 88 2228
2218 1 2 5315 2228 746
2221 1 2 5316 746 2229
2222 1 2 5317 2229 89
2249 3 2 5074 42 2108
2250 3 2 5075 2108 677
2253 3 2 5076 677 2109
2254 3 2 5077 2109 43
2265 3 2 5082 43 2112
2266 3 2 5083 2112 679
2269 3 2 5084 679 2113
2270 3 2 5085 2113 44
2302 0 1 5138 50 2140
2304 0 1 5139 2140 693
2310 0 1 5140 693 2141
2312 0 1 5141 2141 51
2329 3 2 5122 48 2132
2330 3 2 5123 2132 689
2333 3 2 5124 689 2133
2334 3 2 5125 2133 49
2345 3 2 5130 49 2136
2346 3 2 5131 2136 691
2349 3 2 5132 691 2137
2350 0 1 4990 3 2066
2350 3 2 5133 2137 3
2352 0 1 4991 2066 628
2358 0 1 4992 628 2067
2360 0 1 4993 2067 50
2377 3 2 5090 44 2116
2378 3 2 5091 2116 681
2381 3 2 5092 681 2117
2382 3 2 5093 2117 45
2393 3 2 5098 45 2120
2394 3 2 5099 2120 683
2397 3 2 5100 683 2121
2398 3 2 5101 2121 46
2574 0 1 5198 65 2170
2576 0 1 5199 2170 708
2582 0 1 5200 708 2171
2584 0 1 5201 2171 66
2590 0 1 5202 66 2172
2592 0 1 5203 2172 709
2598 0 1 5204 709 2173
2600 0 1 5205 2173 67
2654 0 1 5206 67 2174
2656 0 1 5207 2174 710
2662 0 1 5208 710 2175
2664 0 1 5209 2175 68
2670 0 1 5210 68 2176
2672 0 1 5211 2176 711
2678 0 1 5212 711 2177
2680 0 1 5213 2177 69
2713 3 2 5042 38 2092
2714 3 2 5043 2092 669
2717 3 2 5044 669 2093
2718 3 2 5045 2093 39
2729 3 2 5050 39 2096
2730 3 2 5051 2096 671
2733 3 2 5052 671 2097
2734 3 2 5053 2097 40
2809 1 0 5254 81 2198
2811 1 0 5255 2198 731
2817 1 0 5256 731 2199
2819 1 0 5257 2199 80
2825 1 0 5262 82 2202
2827 1 0 5263 2202 733
2833 1 0 5264 733 2203
2835 1 0 5265 2203 81
2889 1 2 5282 84 2212
2890 1 2 5283 2212 738
2893 1 2 5284 738 2213
2894 1 2 5285 2213 85
2905 1 2 5290 85 2216
2906 1 2 5291 2216 740
2909 1 2 5292 740 2217
2910 1 2 5293 2217 86
2958 0 1 5194 64 2168
2960 0 1 5195 2168 707
2966 0 1 5196 707 2169
2968 0 1 5197 2169 65
3006 0 1 5190 63 2166
3008 0 1 5191 2166 706
3014 0 1 5192 706 2167
3016 0 1 5193 2167 64
3091 0 3 5214 70 2178
3092 0 3 5215 2178 712
3095 0 3 5216 712 2179
3096 0 3 5217 2179 69
3107 0 3 5218 71 2180
3108 0 3 5219 2180 713
3111 0 3 5220 713 2181
3112 0 3 5221 2181 70
3177 3 0 5030 37 2086
3179 3 0 5031 2086 666
3185 3 0 5032 666 2087
3187 3 0 5033 2087 36
3193 3 0 5038 38 2090
3195 3 0 5039 2090 668
3201 3 0 5040 668 2091
3203 3 0 5041 2091 37
3241 1 0 5270 83 2206
3243 1 0 5271 2206 735
3249 1 0 5272 735 2207
3251 1 0 5273 2207 82
3257 1 0 5278 84 2210
3259 1 0 5279 2210 737
3265 1 0 5280 737 2211
3267 1 0 5281 2211 83
3433 3 0 4998 33 2070
3435 3 0 4999 2070 658
3441 3 0 5000 658 2071
3443 3 0 5001 2071 32
3449 3 0 5006 34 2074
3451 3 0 5007 2074 660
3457 3 0 5008 660 2075
3459 3 0 5009 2075 33
3513 3 2 5010 34 2076
3514 3 2 5011 2076 661
3517 3 2 5012 661 2077
3518 3 2 5013 2077 35
3529 3 2 5018 35 2080
3530 3 2 5019 2080 663
3533 3 2 5020 663 2081
3534 3 2 5021 2081 36
3566 0 1 5166 57 2154
3568 0 1 5167 2154 700
3574 0 1 5168 700 2155
3576 0 1 5169 2155 58
3582 0 1 5170 58 2156
3584 0 1 5171 2156 701
3590 0 1 5172 701 2157
3592 0 1 5173 2157 59
3630 0 1 5150 53 2146
3632 0 1 5151 2146 696
3638 0 1 5152 696 2147
3640 0 1 5153 2147 54
3646 0 1 5154 54 2148
3648 0 1 5155 2148 697
3654 0 1 5156 697 2149
3656 0 1 5157 2149 55
3715 0 3 5158 56 2150
3716 0 3 5159 2150 698
3719 0 3 5160 698 2151
3720 0 3 5161 2151 55
3731 0 3 5162 57 2152
3732 0 3 5163 2152 699
3735 0 3 5164 699 2153
3736 0 3 5165 2153 56
3859 0 3 5174 60 2158
3860 0 3 5175 2158 702
3863 0 3 5176 702 2159
3864 0 3 5177 2159 59
3875 0 3 5178 61 2160
3876 0 3 5179 2160 703
3879 0 3 5180 703 2161
3880 0 3 5181 2161 60
