0 0.000000 0.000000 583 
 1 1.000000 0.000000 688 
 2 0.000000 1.000000 712 
 3 1.000000 1.000000 903 
 4 0.041667 0.000000 585 587 
 5 0.083333 0.000000 589 1735 
 6 0.125000 0.000000 1737 1739 
 7 0.166667 0.000000 1625 1741 
 8 0.208333 0.000000 1624 1629 
 9 0.250000 0.000000 1628 1645 
 10 0.291667 0.000000 1644 1649 
 11 0.333333 0.000000 63 1648 
 12 0.375000 0.000000 63 64 
 13 0.416667 0.000000 64 108 
 14 0.458333 0.000000 108 109 
 15 0.500000 0.000000 48 109 
 16 0.541667 0.000000 48 463 
 17 0.583333 0.000000 465 1301 
 18 0.625000 0.000000 1289 1300 
 19 0.666667 0.000000 1179 1288 
 20 0.708333 0.000000 1181 1183 
 21 0.750000 0.000000 1185 1201 
 22 0.791667 0.000000 1200 1205 
 23 0.833333 0.000000 1204 1313 
 24 0.875000 0.000000 1312 1317 
 25 0.916667 0.000000 685 1316 
 26 0.958333 0.000000 684 689 
 27 1.000000 0.041667 686 692 
 28 1.000000 0.083333 690 1480 
 29 1.000000 0.125000 1478 1484 
 30 1.000000 0.166667 1482 1756 
 31 1.000000 0.208333 1754 1760 
 32 1.000000 0.250000 1592 1758 
 33 1.000000 0.291667 1590 1596 
 34 1.000000 0.333333 1594 1610 
 35 1.000000 0.375000 1611 1614 
 36 1.000000 0.416667 1280 1615 
 37 1.000000 0.458333 1278 1284 
 38 1.000000 0.500000 1050 1282 
 39 1.000000 0.541667 1051 1054 
 40 1.000000 0.583333 602 1055 
 41 1.000000 0.625000 603 606 
 42 1.000000 0.666667 607 878 
 43 1.000000 0.708333 879 882 
 44 1.000000 0.750000 883 910 
 45 1.000000 0.791667 911 914 
 46 1.000000 0.833333 424 915 
 47 1.000000 0.875000 422 428 
 48 1.000000 0.916667 426 898 
 49 1.000000 0.958333 899 902 
 50 0.958333 1.000000 891 905 
 51 0.916667 1.000000 483 893 
 52 0.875000 1.000000 471 485 
 53 0.833333 1.000000 473 1767 
 54 0.791667 1.000000 1769 1771 
 55 0.750000 1.000000 1773 1789 
 56 0.708333 1.000000 1788 1793 
 57 0.666667 1.000000 1655 1792 
 58 0.625000 1.000000 1657 1659 
 59 0.583333 1.000000 1661 1877 
 60 0.541667 1.000000 1876 1881 
 61 0.500000 1.000000 257 1880 
 62 0.458333 1.000000 245 256 
 63 0.416667 1.000000 244 1155 
 64 0.375000 1.000000 1143 1157 
 65 0.333333 1.000000 1007 1145 
 66 0.291667 1.000000 1009 1011 
 67 0.250000 1.000000 1013 1027 
 68 0.208333 1.000000 1029 1031 
 69 0.166667 1.000000 1033 1233 
 70 0.125000 1.000000 1232 1237 
 71 0.083333 1.000000 709 1236 
 72 0.041667 1.000000 708 713 
 73 0.000000 0.958333 700 710 
 74 0.000000 0.916667 278 698 
 75 0.000000 0.875000 279 282 
 76 0.000000 0.833333 283 1936 
 77 0.000000 0.791667 1924 1934 
 78 0.000000 0.750000 1868 1922 
 79 0.000000 0.708333 1866 1872 
 80 0.000000 0.666667 1096 1870 
 81 0.000000 0.625000 1094 1100 
 82 0.000000 0.583333 1098 1352 
 83 0.000000 0.541667 1350 1356 
 84 0.000000 0.500000 1126 1354 
 85 0.000000 0.458333 1127 1130 
 86 0.000000 0.416667 496 1131 
 87 0.000000 0.375000 494 500 
 88 0.000000 0.333333 498 850 
 89 0.000000 0.291667 851 854 
 90 0.000000 0.250000 855 958 
 91 0.000000 0.208333 959 962 
 92 0.000000 0.166667 438 963 
 93 0.000000 0.125000 439 442 
 94 0.000000 0.083333 443 578 
 95 0.000000 0.041667 579 582 
 96 0.083333 0.583331 1038 1103 1349 1700 
 97 0.916666 0.499998 406 1064 1271 1446 
 98 0.416666 0.083331 61 107 1692 1723 
 99 0.583333 0.916665 1664 1851 1887 1916 
 100 0.750000 0.083332 185 613 1188 1195 
 101 0.916666 0.666665 551 597 726 876 
 102 0.250000 0.916665 167 258 1016 1022 
 103 0.083333 0.333331 487 774 814 848 
 104 0.750000 0.916665 643 1776 1783 1820 
 105 0.250000 0.083332 1630 1639 1677 1896 
 106 0.083333 0.833332 289 447 1840 1933 
 107 0.916667 0.166666 1380 1487 1558 1753 
 108 0.916667 0.916666 415 478 896 926 
 109 0.083333 0.083333 135 433 592 1730 
 110 0.083333 0.916666 276 458 703 1238 
 111 0.083333 0.499998 302 1140 1343 1702 
 112 0.416666 0.916665 246 318 1150 1510 
 113 0.916666 0.333331 638 1214 1599 1608 
 114 0.583333 0.083331 468 573 1295 1333 
 115 0.083333 0.249998 202 763 845 956 
 116 0.916666 0.749998 218 715 889 908 
 117 0.083333 0.749998 1796 1826 1865 1927 
 118 0.916667 0.083333 695 1318 1477 1556 
 119 0.166666 0.583329 1043 1436 1525 1713 
 120 0.833333 0.749997 216 358 679 721 
 121 0.166666 0.249997 151 200 673 769 
 122 0.166666 0.833331 269 453 861 1837 
 123 0.333333 0.916665 162 323 1002 1148 
 124 0.833333 0.166665 618 740 1393 1563 
 125 0.083333 0.166666 130 207 436 969 
 126 0.666666 0.083331 179 576 1174 1290 
 127 0.916667 0.833332 223 421 921 924 
 128 0.833333 0.916666 476 654 931 1762 
 129 0.916666 0.583331 411 546 600 1061 
 130 0.916666 0.416665 1219 1277 1444 1605 
 131 0.083333 0.416664 307 493 812 1137 
 132 0.500000 0.916665 251 1508 1882 1918 
 133 0.500000 0.083331 47 110 1327 1729 
 134 0.333333 0.083331 62 1634 1680 1689 
 135 0.083333 0.666665 1036 1109 1798 1859 
 136 0.916666 0.249998 636 1382 1589 1747 
 137 0.666666 0.916665 1650 1778 1822 1846 
 138 0.166667 0.916666 263 456 1020 1243 
 139 0.833333 0.083332 616 1190 1323 1553 
 140 0.166667 0.083332 125 1619 1744 1893 
 141 0.499999 0.166662 1087 1338 1365 1716 
 142 0.833333 0.416663 759 1120 1209 1457 
 143 0.499999 0.833329 1225 1521 1584 1907 
 144 0.166666 0.666663 840 1049 1433 1803 
 145 0.166666 0.166664 128 141 197 1903 
 146 0.333333 0.833330 160 313 795 1073 
 147 0.750000 0.833330 118 369 649 1817 
 148 0.250000 0.833330 157 272 801 871 
 149 0.250000 0.166664 144 1249 1671 1898 
 150 0.666666 0.166663 174 515 562 992 
 151 0.750000 0.166664 172 521 623 737 
 152 0.833333 0.583329 401 560 1163 1262 
 153 0.166666 0.416662 241 297 781 825 
 154 0.166666 0.499996 235 300 1528 1707 
 155 0.833333 0.666663 557 674 724 1267 
 156 0.166666 0.333330 667 772 784 819 
 157 0.416666 0.166663 1359 1576 1694 1718 
 158 0.833333 0.833331 213 363 652 937 
 159 0.583333 0.833329 111 114 1857 1913 
 160 0.166666 0.749997 837 864 1809 1831 
 161 0.833333 0.333330 354 627 754 1212 
 162 0.833333 0.249997 352 633 742 1387 
 163 0.249999 0.583328 380 1438 1535 1545 
 164 0.416666 0.249994 396 1370 1419 1578 
 165 0.583333 0.749995 46 104 113 115 
 166 0.749999 0.416661 26 513 749 1117 
 167 0.249999 0.416661 228 541 791 945 
 168 0.666666 0.249995 526 994 1400 1459 
 169 0.749999 0.583328 69 72 93 1169 
 170 0.333333 0.749995 95 806 1076 1491 
 171 0.749999 0.749996 50 57 121 372 
 172 0.249999 0.333328 544 662 786 971 
 173 0.249999 0.249996 146 660 977 1259 
 174 0.416666 0.833329 316 1067 1228 1515 
 175 0.583333 0.166663 567 989 1093 1336 
 176 0.833333 0.499996 404 1122 1158 1451 
 177 0.749999 0.333328 343 507 752 1468 
 178 0.249999 0.666662 377 826 1427 1500 
 179 0.333333 0.166663 1252 1573 1666 1683 
 180 0.666666 0.833330 117 119 1811 1844 
 181 0.749999 0.249996 349 524 731 1465 
 182 0.249999 0.749996 804 831 866 1497 
 183 0.416666 0.749994 35 60 65 94 
 184 0.583333 0.249994 193 999 1080 1397 
 185 0.499999 0.749994 34 66 105 112 
 186 0.749999 0.666662 51 56 70 71 
 187 0.333332 0.416660 329 535 948 1309 
 188 0.499999 0.249994 187 1082 1368 1425 
 189 0.749999 0.499994 27 92 1111 1172 
 190 0.249999 0.499994 230 939 1530 1548 
 191 0.666666 0.416660 29 49 52 80 
 192 0.666666 0.333327 502 1374 1402 1470 
 193 0.333332 0.583326 41 84 88 106 
 194 0.333333 0.666661 42 87 96 1502 
 195 0.666666 0.749995 45 58 116 120 
 196 0.333333 0.333327 332 387 530 982 
 197 0.333333 0.249995 393 980 1254 1567 
 198 0.583332 0.666660 4 43 100 103 
 199 0.499999 0.666660 5 32 37 102 
 200 0.499999 0.333326 17 25 38 1412 
 201 0.416666 0.416659 22 40 73 339 
 202 0.583332 0.416659 13 19 55 81 
 203 0.416666 0.583326 1 30 83 89 
 204 0.583332 0.333327 18 24 79 1407 
 205 0.416666 0.666660 33 36 86 97 
 206 0.416666 0.333327 290 334 382 1414 
 207 0.333332 0.499993 85 950 1303 1538 
 208 0.666666 0.499993 28 53 77 91 
 209 0.666666 0.583327 68 78 90 98 
 210 0.666666 0.666661 44 59 67 99 
 211 0.499999 0.583326 0 6 8 31 
 212 0.583332 0.499992 10 14 54 76 
 213 0.583332 0.583326 7 11 75 101 
 214 0.499999 0.416659 12 16 23 39 
 215 0.416666 0.499992 2 21 74 82 
 216 0.499999 0.499992 3 9 15 20 
 217 0.166666 0.124998 124 129 1891 1905 
 218 0.125000 0.166665 126 132 195 209 
 219 0.083333 0.124999 131 134 432 437 
 220 0.125000 0.083332 123 137 1732 1742 
 221 0.125000 0.124999 122 127 133 136 
 222 0.458332 0.583326 0 1 30 31 
 223 0.416666 0.541659 1 2 82 83 
 224 0.458332 0.499992 2 3 20 21 
 225 0.499999 0.541659 0 3 8 9 
 226 0.458332 0.541659 0 1 2 3 
 227 0.541666 0.666660 4 5 102 103 
 228 0.499999 0.624993 5 6 31 32 
 229 0.541666 0.583326 6 7 8 11 
 230 0.583332 0.624993 4 7 100 101 
 231 0.541666 0.624993 4 5 6 7 
 232 0.541666 0.499992 9 10 14 15 
 233 0.583332 0.541659 10 11 75 76 
 234 0.541666 0.541659 8 9 10 11 
 235 0.541666 0.416659 12 13 16 19 
 236 0.583332 0.458326 13 14 54 55 
 237 0.499999 0.458326 12 15 20 23 
 238 0.541666 0.458326 12 13 14 15 
 239 0.208333 0.166664 140 145 1899 1902 
 240 0.250000 0.208330 142 148 1247 1261 
 241 0.208333 0.249996 147 150 661 672 
 242 0.166666 0.208331 139 153 196 201 
 243 0.208333 0.208330 138 143 149 152 
 244 0.291666 0.833330 156 161 797 799 
 245 0.333333 0.874997 158 164 311 325 
 246 0.291666 0.916665 163 166 1004 1014 
 247 0.250000 0.874998 155 169 260 270 
 248 0.291666 0.874997 154 159 165 168 
 249 0.499999 0.374993 16 17 38 39 
 250 0.541666 0.333326 17 18 24 25 
 251 0.583332 0.374993 18 19 79 81 
 252 0.541666 0.374993 16 17 18 19 
 253 0.416666 0.458326 21 22 73 74 
 254 0.458332 0.416659 22 23 39 40 
 255 0.458332 0.458326 20 21 22 23 
 256 0.708333 0.166663 170 176 517 519 
 257 0.666666 0.124997 175 178 564 574 
 258 0.708333 0.083332 181 183 1176 1186 
 259 0.750000 0.124998 173 184 611 625 
 260 0.708333 0.124997 171 177 180 182 
 261 0.541666 0.249994 189 191 1078 1084 
 262 0.583333 0.291660 24 192 1395 1409 
 263 0.499999 0.291660 25 186 1413 1424 
 264 0.541666 0.291660 24 25 188 190 
 265 0.125000 0.249998 198 204 765 767 
 266 0.083333 0.208332 203 206 957 968 
 267 0.125000 0.208331 194 199 205 208 
 268 0.833333 0.791664 212 217 359 362 
 269 0.875000 0.749998 214 220 717 719 
 270 0.916666 0.791665 219 222 909 920 
 271 0.875000 0.833332 211 225 925 936 
 272 0.875000 0.791665 210 215 221 224 
 273 0.249999 0.458327 226 232 941 943 
 274 0.208333 0.499995 231 234 1526 1532 
 275 0.166666 0.458329 237 239 296 301 
 276 0.208333 0.416662 229 240 779 793 
 277 0.208333 0.458328 227 233 236 238 
 278 0.749999 0.458328 26 27 1113 1115 
 279 0.708332 0.499994 27 28 91 92 
 280 0.666666 0.458327 28 29 52 53 
 281 0.708333 0.416660 26 29 49 512 
 282 0.708333 0.458327 26 27 28 29 
 283 0.458332 0.666660 32 33 36 37 
 284 0.416666 0.624993 30 33 86 89 
 285 0.458332 0.624993 30 31 32 33 
 286 0.458333 0.749994 34 35 65 66 
 287 0.416666 0.708327 35 36 94 97 
 288 0.499999 0.708327 34 37 102 105 
 289 0.458333 0.708327 34 35 36 37 
 290 0.416667 0.958332 242 248 1151 1154 
 291 0.458333 0.916665 247 250 1506 1512 
 292 0.500000 0.958332 253 255 1878 1884 
 293 0.458333 0.958332 243 249 252 254 
 294 0.208333 0.916665 259 262 1018 1024 
 295 0.166666 0.874998 265 267 452 457 
 296 0.208333 0.833331 268 273 859 873 
 297 0.208333 0.874998 261 264 266 271 
 298 0.041667 0.916666 274 280 699 702 
 299 0.041667 0.833333 285 287 1932 1937 
 300 0.083333 0.874999 277 288 446 459 
 301 0.041667 0.875000 275 281 284 286 
 302 0.416666 0.374993 40 292 335 338 
 303 0.458332 0.333326 38 291 1410 1416 
 304 0.458332 0.374993 38 39 40 293 
 305 0.125000 0.499997 298 304 1703 1706 
 306 0.083333 0.458331 303 306 1136 1141 
 307 0.125000 0.416663 295 309 813 824 
 308 0.125000 0.458330 294 299 305 308 
 309 0.374999 0.833330 312 317 1069 1071 
 310 0.416666 0.874997 314 320 1511 1514 
 311 0.375000 0.916665 319 322 1146 1152 
 312 0.375000 0.874997 310 315 321 324 
 313 0.333332 0.374993 328 333 531 534 
 314 0.374999 0.333327 330 336 383 386 
 315 0.374999 0.416659 73 327 341 1308 
 316 0.374999 0.374993 326 331 337 340 
 317 0.749999 0.291662 345 347 1464 1469 
 318 0.791666 0.249996 348 353 730 743 
 319 0.833333 0.291663 350 356 629 631 
 320 0.791666 0.333329 342 355 750 756 
 321 0.791666 0.291663 344 346 351 357 
 322 0.791666 0.833331 365 367 648 653 
 323 0.750000 0.791663 118 121 368 373 
 324 0.791666 0.749997 50 360 370 681 
 325 0.791666 0.791664 361 364 366 371 
 326 0.249999 0.624995 376 381 1426 1439 
 327 0.291666 0.583327 41 106 378 1543 
 328 0.333332 0.624994 41 42 87 88 
 329 0.291666 0.666661 42 375 1498 1504 
 330 0.291666 0.624994 41 42 374 379 
 331 0.333333 0.291661 389 391 978 984 
 332 0.374999 0.249995 392 397 1566 1579 
 333 0.416666 0.291660 384 394 1415 1418 
 334 0.374999 0.291661 385 388 390 395 
 335 0.624999 0.666660 43 44 99 100 
 336 0.666666 0.708328 44 45 58 59 
 337 0.624999 0.749995 45 46 115 116 
 338 0.583333 0.708327 43 46 103 104 
 339 0.624999 0.708328 43 44 45 46 
 340 0.833333 0.541663 400 405 1159 1162 
 341 0.875000 0.499997 402 408 1447 1450 
 342 0.916666 0.541665 407 410 1060 1065 
 343 0.875000 0.583330 399 413 548 558 
 344 0.875000 0.541664 398 403 409 412 
 345 0.916667 0.874999 417 419 922 928 
 346 0.958333 0.833333 420 425 917 919 
 347 0.958333 0.916666 414 427 894 900 
 348 0.958333 0.875000 416 418 423 429 
 349 0.041667 0.166666 434 440 965 967 
 350 0.041667 0.083333 431 445 580 590 
 351 0.041667 0.125000 430 435 441 444 
 352 0.125000 0.833332 449 451 1836 1841 
 353 0.125000 0.916666 454 460 1239 1242 
 354 0.125000 0.874999 448 450 455 461 
 355 0.583333 0.041666 464 469 1297 1299 
 356 0.541666 0.083331 47 466 1329 1331 
 357 0.500000 0.041666 47 48 109 110 
 358 0.541667 0.041666 47 48 462 467 
 359 0.833333 0.958333 472 477 1763 1766 
 360 0.875000 0.916666 474 480 927 930 
 361 0.916667 0.958333 479 482 892 897 
 362 0.875000 0.958333 470 475 481 484 
 363 0.083333 0.374998 489 491 810 816 
 364 0.041667 0.416666 492 497 1133 1135 
 365 0.041667 0.333332 486 499 846 852 
 366 0.041667 0.374999 488 490 495 501 
 367 0.666666 0.374994 49 80 504 1375 
 368 0.708333 0.333328 503 506 1466 1472 
 369 0.749999 0.374995 509 511 748 753 
 370 0.708333 0.374994 49 505 508 510 
 371 0.750000 0.208330 520 525 733 735 
 372 0.708333 0.249995 522 528 1461 1463 
 373 0.666666 0.208329 514 527 990 996 
 374 0.708333 0.208329 516 518 523 529 
 375 0.291666 0.416660 537 539 944 949 
 376 0.249999 0.374994 540 545 787 790 
 377 0.291666 0.333328 532 542 970 983 
 378 0.291666 0.374994 533 536 538 543 
 379 0.916666 0.624998 547 550 596 601 
 380 0.875000 0.666664 553 555 722 728 
 381 0.833333 0.624996 556 561 1263 1266 
 382 0.875000 0.624997 549 552 554 559 
 383 0.624999 0.166663 563 566 988 993 
 384 0.583333 0.124997 569 571 1332 1337 
 385 0.625000 0.083331 572 577 1291 1294 
 386 0.625000 0.124997 565 568 570 575 
 387 0.083333 0.041666 588 593 1731 1734 
 388 0.041667 0.041667 581 584 586 591 
 389 0.958333 0.583332 598 604 1057 1059 
 390 0.958333 0.666666 595 609 874 880 
 391 0.958333 0.624999 594 599 605 608 
 392 0.791666 0.083332 612 617 1191 1194 
 393 0.833333 0.124998 614 620 1551 1565 
 394 0.791666 0.166664 619 622 736 741 
 395 0.791666 0.124998 610 615 621 624 
 396 0.875000 0.249998 632 637 1383 1386 
 397 0.916666 0.291665 634 640 1587 1601 
 398 0.875000 0.333331 626 639 1210 1216 
 399 0.875000 0.291664 628 630 635 641 
 400 0.750000 0.874998 645 647 1816 1821 
 401 0.833333 0.874998 650 656 933 935 
 402 0.791666 0.916665 642 655 1764 1774 
 403 0.791666 0.874998 644 646 651 657 
 404 0.249999 0.291662 658 664 973 975 
 405 0.208333 0.333329 663 666 782 788 
 406 0.166666 0.291663 669 671 768 773 
 407 0.208333 0.291663 659 665 668 670 
 408 0.749999 0.708329 50 51 56 57 
 409 0.791666 0.666663 51 71 676 1269 
 410 0.833333 0.708330 675 678 720 725 
 411 0.791666 0.708330 50 51 677 680 
 412 0.958333 0.083333 691 694 1476 1481 
 413 0.916667 0.041666 683 697 1314 1320 
 414 0.958333 0.041667 682 687 693 696 
 415 0.083333 0.958333 705 707 1234 1240 
 416 0.041667 0.958333 701 704 706 711 
 417 0.916666 0.708332 714 727 877 888 
 418 0.875000 0.708331 716 718 723 729 
 419 0.833333 0.208331 738 744 1389 1391 
 420 0.791666 0.208330 732 734 739 745 
 421 0.833333 0.374996 755 758 1208 1213 
 422 0.791666 0.416662 747 761 1116 1121 
 423 0.791666 0.374995 746 751 757 760 
 424 0.125000 0.333330 770 776 815 818 
 425 0.083333 0.291665 762 775 844 849 
 426 0.125000 0.291664 764 766 771 777 
 427 0.166666 0.374996 780 785 821 823 
 428 0.208333 0.374995 778 783 789 792 
 429 0.250000 0.791663 800 805 867 870 
 430 0.291666 0.749995 802 808 1493 1495 
 431 0.333333 0.791662 794 807 1072 1077 
 432 0.291666 0.791663 796 798 803 809 
 433 0.125000 0.374997 811 817 820 822 
 434 0.249999 0.708329 827 830 1496 1501 
 435 0.208333 0.749996 833 835 862 868 
 436 0.166666 0.708330 836 841 1805 1807 
 437 0.208333 0.666662 828 838 1429 1431 
 438 0.208333 0.708329 829 832 834 839 
 439 0.624999 0.499993 53 54 76 77 
 440 0.624999 0.416660 52 55 80 81 
 441 0.624999 0.458326 52 53 54 55 
 442 0.041667 0.249999 843 857 954 960 
 443 0.041667 0.291666 842 847 853 856 
 444 0.166666 0.791664 860 865 1833 1835 
 445 0.208333 0.791664 858 863 869 872 
 446 0.958333 0.749999 885 887 906 912 
 447 0.958333 0.708332 875 881 884 886 
 448 0.958333 0.958333 890 895 901 904 
 449 0.958333 0.791666 907 913 916 918 
 450 0.875000 0.874999 923 929 932 934 
 451 0.333332 0.458326 946 952 1305 1307 
 452 0.291666 0.499994 938 951 1540 1546 
 453 0.291666 0.458327 940 942 947 953 
 454 0.041667 0.208333 955 961 964 966 
 455 0.291666 0.249995 976 981 1255 1258 
 456 0.291666 0.291661 972 974 979 985 
 457 0.624999 0.249995 995 998 1396 1401 
 458 0.583333 0.208328 987 1001 1081 1092 
 459 0.624999 0.208329 986 991 997 1000 
 460 0.708333 0.749996 57 58 120 121 
 461 0.708333 0.666661 56 59 67 70 
 462 0.708333 0.708328 56 57 58 59 
 463 0.333333 0.958332 1003 1006 1144 1149 
 464 0.250000 0.958333 1012 1017 1023 1026 
 465 0.291667 0.958332 1005 1008 1010 1015 
 466 0.166667 0.958333 1021 1032 1231 1245 
 467 0.208333 0.958333 1019 1025 1028 1030 
 468 0.083333 0.624998 1034 1040 1105 1107 
 469 0.125000 0.583330 1039 1042 1701 1712 
 470 0.166666 0.624996 1045 1047 1432 1437 
 471 0.125000 0.666664 1037 1048 1799 1802 
 472 0.125000 0.624997 1035 1041 1044 1046 
 473 0.958333 0.499999 1052 1062 1270 1283 
 474 0.958333 0.541666 1053 1056 1058 1063 
 475 0.374999 0.749995 60 94 95 1074 
 476 0.416666 0.791662 60 65 1066 1226 
 477 0.374999 0.791662 60 1068 1070 1075 
 478 0.499999 0.208328 1083 1086 1364 1369 
 479 0.541666 0.166662 1089 1091 1334 1340 
 480 0.541666 0.208328 1079 1085 1088 1090 
 481 0.041667 0.583332 1099 1102 1348 1353 
 482 0.041667 0.666666 1097 1108 1858 1871 
 483 0.041667 0.624999 1095 1101 1104 1106 
 484 0.833333 0.458329 1118 1124 1453 1455 
 485 0.791666 0.499995 1110 1123 1160 1170 
 486 0.791666 0.458328 1112 1114 1119 1125 
 487 0.041667 0.499999 1128 1138 1342 1355 
 488 0.041667 0.458332 1129 1132 1134 1139 
 489 0.375000 0.958332 1142 1147 1153 1156 
 490 0.791666 0.583329 72 1165 1167 1264 
 491 0.749999 0.541661 92 93 1168 1173 
 492 0.791666 0.541662 1161 1164 1166 1171 
 493 0.666667 0.041666 1175 1178 1286 1292 
 494 0.750000 0.041666 1184 1189 1197 1199 
 495 0.708333 0.041666 1177 1180 1182 1187 
 496 0.833333 0.041666 1192 1202 1311 1325 
 497 0.791667 0.041666 1193 1196 1198 1203 
 498 0.375000 0.083331 61 62 1688 1693 
 499 0.333333 0.041666 62 63 1636 1646 
 500 0.416667 0.041666 61 64 107 108 
 501 0.375000 0.041666 61 62 63 64 
 502 0.916666 0.374998 1215 1218 1604 1609 
 503 0.875000 0.416664 1207 1221 1445 1456 
 504 0.875000 0.374997 1206 1211 1217 1220 
 505 0.499999 0.791662 66 112 1223 1582 
 506 0.458333 0.833329 1224 1229 1517 1519 
 507 0.458333 0.791662 65 66 1222 1227 
 508 0.666666 0.624994 67 68 98 99 
 509 0.708333 0.583327 68 69 90 93 
 510 0.749999 0.624995 69 70 71 72 
 511 0.708333 0.624994 67 68 69 70 
 512 0.125000 0.958333 1230 1235 1241 1244 
 513 0.291666 0.166663 1248 1253 1667 1670 
 514 0.333333 0.208329 1250 1256 1569 1571 
 515 0.291666 0.208329 1246 1251 1257 1260 
 516 0.791666 0.624996 71 72 1265 1268 
 517 0.916666 0.458331 1273 1275 1442 1448 
 518 0.958333 0.416666 1276 1281 1603 1617 
 519 0.958333 0.458332 1272 1274 1279 1285 
 520 0.625000 0.041666 1287 1293 1296 1298 
 521 0.374999 0.499993 74 82 85 1302 
 522 0.374999 0.458326 73 74 1304 1306 
 523 0.666666 0.541660 77 78 90 91 
 524 0.624999 0.583326 75 78 98 101 
 525 0.624999 0.541660 75 76 77 78 
 526 0.875000 0.083332 1319 1322 1552 1557 
 527 0.875000 0.041666 1310 1315 1321 1324 
 528 0.500000 0.124997 1326 1339 1717 1728 
 529 0.541666 0.124997 1328 1330 1335 1341 
 530 0.083333 0.541664 1345 1347 1698 1704 
 531 0.041667 0.541666 1344 1346 1351 1357 
 532 0.458333 0.166662 1361 1363 1714 1720 
 533 0.458333 0.249994 1366 1372 1421 1423 
 534 0.416666 0.208328 1358 1371 1574 1580 
 535 0.458333 0.208328 1360 1362 1367 1373 
 536 0.624999 0.333327 79 1376 1403 1406 
 537 0.624999 0.374993 79 80 81 1377 
 538 0.374999 0.583326 83 84 88 89 
 539 0.333332 0.541660 84 85 106 1539 
 540 0.374999 0.541659 82 83 84 85 
 541 0.916666 0.208332 1378 1384 1749 1751 
 542 0.875000 0.166665 1381 1392 1559 1562 
 543 0.875000 0.208331 1379 1385 1388 1390 
 544 0.666666 0.291661 1398 1404 1458 1471 
 545 0.624999 0.291661 1394 1399 1405 1408 
 546 0.374999 0.666660 86 87 96 97 
 547 0.374999 0.624993 86 87 88 89 
 548 0.708333 0.541661 90 91 92 93 
 549 0.458332 0.291660 1411 1417 1420 1422 
 550 0.208333 0.583328 1434 1440 1523 1537 
 551 0.208333 0.624995 1428 1430 1435 1441 
 552 0.333333 0.708328 95 96 1490 1503 
 553 0.374999 0.708328 94 95 96 97 
 554 0.875000 0.458330 1443 1449 1452 1454 
 555 0.624999 0.624993 98 99 100 101 
 556 0.708333 0.291662 1460 1462 1467 1473 
 557 0.958333 0.166666 1483 1486 1752 1757 
 558 0.916667 0.124999 1475 1489 1554 1560 
 559 0.958333 0.125000 1474 1479 1485 1488 
 560 0.541666 0.749994 104 105 112 113 
 561 0.541666 0.708327 102 103 104 105 
 562 0.291666 0.708328 1492 1494 1499 1505 
 563 0.500000 0.874997 1509 1520 1906 1919 
 564 0.458333 0.874997 1507 1513 1516 1518 
 565 0.166666 0.541662 1524 1529 1709 1711 
 566 0.249999 0.541661 1531 1534 1544 1549 
 567 0.208333 0.541662 1522 1527 1533 1536 
 568 0.291666 0.541660 106 1541 1542 1547 
 569 0.875000 0.124999 1550 1555 1561 1564 
 570 0.374999 0.166663 1572 1577 1682 1695 
 571 0.374999 0.208329 1568 1570 1575 1581 
 572 0.458333 0.083331 107 110 1725 1727 
 573 0.458333 0.041666 107 108 109 110 
 574 0.541666 0.833329 111 1585 1909 1911 
 575 0.583333 0.791662 111 113 114 115 
 576 0.541666 0.791662 111 112 113 1583 
 577 0.958333 0.249999 1588 1593 1746 1759 
 578 0.958333 0.333332 1595 1598 1606 1612 
 579 0.958333 0.291666 1586 1591 1597 1600 
 580 0.958333 0.374999 1602 1607 1613 1616 
 581 0.166667 0.041666 1621 1623 1740 1745 
 582 0.250000 0.041666 1626 1632 1641 1643 
 583 0.208333 0.083332 1618 1631 1892 1897 
 584 0.208333 0.041666 1620 1622 1627 1633 
 585 0.291666 0.083332 1635 1638 1676 1681 
 586 0.291667 0.041666 1637 1640 1642 1647 
 587 0.666666 0.791663 116 117 119 120 
 588 0.625000 0.833330 114 117 1845 1856 
 589 0.624999 0.791662 114 115 116 117 
 590 0.666667 0.958332 1651 1654 1780 1790 
 591 0.583333 0.958332 1660 1665 1875 1889 
 592 0.625000 0.916665 1652 1662 1847 1850 
 593 0.625000 0.958332 1653 1656 1658 1663 
 594 0.250000 0.124998 1673 1675 1894 1900 
 595 0.333333 0.124997 1668 1678 1685 1687 
 596 0.291666 0.124997 1669 1672 1674 1679 
 597 0.416666 0.124997 1690 1696 1719 1722 
 598 0.375000 0.124997 1684 1686 1691 1697 
 599 0.125000 0.541663 1699 1705 1708 1710 
 600 0.458333 0.124997 1715 1721 1724 1726 
 601 0.125000 0.041666 1733 1736 1738 1743 
 602 0.958333 0.208333 1748 1750 1755 1761 
 603 0.750000 0.958333 1772 1777 1785 1787 
 604 0.791667 0.958333 1765 1768 1770 1775 
 605 0.708333 0.916665 1779 1782 1818 1824 
 606 0.708333 0.958333 1781 1784 1786 1791 
 607 0.083333 0.708332 1794 1800 1861 1863 
 608 0.125000 0.749998 1797 1808 1827 1830 
 609 0.125000 0.708331 1795 1801 1804 1806 
 610 0.708333 0.833330 118 119 1813 1815 
 611 0.708333 0.791663 118 119 120 121 
 612 0.666666 0.874997 1810 1823 1842 1848 
 613 0.708333 0.874998 1812 1814 1819 1825 
 614 0.083333 0.791665 1828 1838 1929 1931 
 615 0.125000 0.791665 1829 1832 1834 1839 
 616 0.583333 0.874997 1853 1855 1912 1917 
 617 0.625000 0.874997 1843 1849 1852 1854 
 618 0.041667 0.749999 1864 1869 1923 1926 
 619 0.041667 0.708332 1860 1862 1867 1873 
 620 0.541666 0.916665 1883 1886 1914 1920 
 621 0.541667 0.958332 1874 1879 1885 1888 
 622 0.208333 0.124998 1890 1895 1901 1904 
 623 0.541666 0.874997 1908 1910 1915 1921 
 624 0.041667 0.791666 1925 1928 1930 1935 
 625 0.020833 0.000000 583 585 
 626 0.979167 0.000000 688 689 
 627 0.020833 1.000000 712 713 
 628 0.979167 1.000000 903 905 
 629 0.062500 0.000000 587 589 
 630 0.104167 0.000000 1735 1737 
 631 0.145833 0.000000 1739 1741 
 632 0.187500 0.000000 1624 1625 
 633 0.229167 0.000000 1628 1629 
 634 0.270833 0.000000 1644 1645 
 635 0.312500 0.000000 1648 1649 
 636 0.562500 0.000000 463 465 
 637 0.604167 0.000000 1300 1301 
 638 0.645833 0.000000 1288 1289 
 639 0.687500 0.000000 1179 1181 
 640 0.729167 0.000000 1183 1185 
 641 0.770833 0.000000 1200 1201 
 642 0.812500 0.000000 1204 1205 
 643 0.854167 0.000000 1312 1313 
 644 0.895833 0.000000 1316 1317 
 645 0.937500 0.000000 684 685 
 646 1.000000 0.020833 686 688 
 647 0.979167 0.041667 686 687 692 693 
 648 1.000000 0.062500 690 692 
 649 0.979167 0.083333 690 691 1480 1481 
 650 1.000000 0.104167 1478 1480 
 651 0.979167 0.125000 1478 1479 1484 1485 
 652 1.000000 0.145833 1482 1484 
 653 0.979167 0.166666 1482 1483 1756 1757 
 654 1.000000 0.187500 1754 1756 
 655 0.979167 0.208333 1754 1755 1760 1761 
 656 1.000000 0.229167 1758 1760 
 657 0.979167 0.250000 1592 1593 1758 1759 
 658 1.000000 0.270833 1590 1592 
 659 0.979167 0.291666 1590 1591 1596 1597 
 660 1.000000 0.312500 1594 1596 
 661 1.000000 0.354167 1610 1611 
 662 0.979167 0.333333 1594 1595 1610 1612 
 663 1.000000 0.395833 1614 1615 
 664 0.979167 0.374999 1611 1613 1614 1616 
 665 0.979167 0.416666 1280 1281 1615 1617 
 666 1.000000 0.437500 1278 1280 
 667 0.979167 0.458333 1278 1279 1284 1285 
 668 1.000000 0.479167 1282 1284 
 669 1.000000 0.520833 1050 1051 
 670 0.979167 0.499999 1050 1052 1282 1283 
 671 1.000000 0.562500 1054 1055 
 672 0.979167 0.541666 1051 1053 1054 1056 
 673 1.000000 0.604167 602 603 
 674 0.979167 0.583333 602 604 1055 1057 
 675 1.000000 0.645833 606 607 
 676 0.979167 0.625000 603 605 606 608 
 677 1.000000 0.687500 878 879 
 678 0.979167 0.666666 607 609 878 880 
 679 1.000000 0.729167 882 883 
 680 0.979167 0.708333 879 881 882 884 
 681 1.000000 0.770833 910 911 
 682 0.979167 0.750000 883 885 910 912 
 683 1.000000 0.812500 914 915 
 684 0.979167 0.791666 911 913 914 916 
 685 0.979167 0.833333 424 425 915 917 
 686 1.000000 0.854167 422 424 
 687 0.979167 0.875000 422 423 428 429 
 688 1.000000 0.895833 426 428 
 689 1.000000 0.937500 898 899 
 690 0.979167 0.916667 426 427 898 900 
 691 1.000000 0.979167 902 903 
 692 0.979167 0.958333 899 901 902 904 
 693 0.937500 1.000000 891 893 
 694 0.895833 1.000000 483 485 
 695 0.854167 1.000000 471 473 
 696 0.812500 1.000000 1767 1769 
 697 0.770833 1.000000 1771 1773 
 698 0.729167 1.000000 1788 1789 
 699 0.687500 1.000000 1792 1793 
 700 0.645833 1.000000 1655 1657 
 701 0.604167 1.000000 1659 1661 
 702 0.562500 1.000000 1876 1877 
 703 0.520833 1.000000 1880 1881 
 704 0.479167 1.000000 256 257 
 705 0.437500 1.000000 244 245 
 706 0.395833 1.000000 1155 1157 
 707 0.354167 1.000000 1143 1145 
 708 0.312500 1.000000 1007 1009 
 709 0.270833 1.000000 1011 1013 
 710 0.229167 1.000000 1027 1029 
 711 0.187500 1.000000 1031 1033 
 712 0.145833 1.000000 1232 1233 
 713 0.104167 1.000000 1236 1237 
 714 0.062500 1.000000 708 709 
 715 0.000000 0.979167 710 712 
 716 0.020833 0.958333 700 701 710 711 
 717 0.000000 0.937500 698 700 
 718 0.000000 0.895833 278 279 
 719 0.020833 0.916667 278 280 698 699 
 720 0.000000 0.854167 282 283 
 721 0.020833 0.875000 279 281 282 284 
 722 0.020833 0.833333 283 285 1936 1937 
 723 0.000000 0.812500 1934 1936 
 724 0.020833 0.791666 1924 1925 1934 1935 
 725 0.000000 0.770833 1922 1924 
 726 0.020833 0.750000 1868 1869 1922 1923 
 727 0.000000 0.729167 1866 1868 
 728 0.020833 0.708333 1866 1867 1872 1873 
 729 0.000000 0.687500 1870 1872 
 730 0.020833 0.666666 1096 1097 1870 1871 
 731 0.000000 0.645833 1094 1096 
 732 0.020833 0.624999 1094 1095 1100 1101 
 733 0.000000 0.604167 1098 1100 
 734 0.020833 0.583333 1098 1099 1352 1353 
 735 0.000000 0.562500 1350 1352 
 736 0.020833 0.541666 1350 1351 1356 1357 
 737 0.000000 0.520833 1354 1356 
 738 0.000000 0.479167 1126 1127 
 739 0.020833 0.499999 1126 1128 1354 1355 
 740 0.000000 0.437500 1130 1131 
 741 0.020833 0.458333 1127 1129 1130 1132 
 742 0.020833 0.416666 496 497 1131 1133 
 743 0.000000 0.395833 494 496 
 744 0.020833 0.374999 494 495 500 501 
 745 0.000000 0.354167 498 500 
 746 0.000000 0.312500 850 851 
 747 0.020833 0.333333 498 499 850 852 
 748 0.000000 0.270833 854 855 
 749 0.020833 0.291666 851 853 854 856 
 750 0.000000 0.229167 958 959 
 751 0.020833 0.250000 855 857 958 960 
 752 0.000000 0.187500 962 963 
 753 0.020833 0.208333 959 961 962 964 
 754 0.000000 0.145833 438 439 
 755 0.020833 0.166666 438 440 963 965 
 756 0.000000 0.104167 442 443 
 757 0.020833 0.125000 439 441 442 444 
 758 0.000000 0.062500 578 579 
 759 0.020833 0.083333 443 445 578 580 
 760 0.000000 0.020833 582 583 
 761 0.020833 0.041667 579 581 582 584 
 762 0.083333 0.604164 1038 1040 1103 1105 
 763 0.104166 0.583331 1038 1039 1700 1701 
 764 0.895833 0.499997 406 408 1446 1447 
 765 0.916666 0.520831 406 407 1064 1065 
 766 0.916666 0.479164 1271 1273 1446 1448 
 767 0.395833 0.083331 1692 1693 
 768 0.437500 0.083331 1723 1725 
 769 0.583333 0.937498 1664 1665 1887 1889 
 770 0.583333 0.895831 1851 1853 1916 1917 
 771 0.750000 0.062499 1188 1189 1195 1197 
 772 0.895833 0.666664 551 553 726 728 
 773 0.916666 0.687498 726 727 876 877 
 774 0.250000 0.895831 167 169 258 260 
 775 0.229166 0.916665 258 259 1022 1024 
 776 0.250000 0.937499 1016 1017 1022 1023 
 777 0.083333 0.354165 487 489 814 816 
 778 0.104166 0.333331 774 776 814 815 
 779 0.083333 0.312498 774 775 848 849 
 780 0.750000 0.895832 643 645 1820 1821 
 781 0.750000 0.937499 1776 1777 1783 1785 
 782 0.250000 0.062499 1630 1632 1639 1641 
 783 0.229166 0.083332 1630 1631 1896 1897 
 784 0.104166 0.833332 447 449 1840 1841 
 785 0.895833 0.166665 1380 1381 1558 1559 
 786 0.916667 0.145832 1487 1489 1558 1560 
 787 0.916667 0.895833 415 417 926 928 
 788 0.895833 0.916666 478 480 926 927 
 789 0.916667 0.937500 478 479 896 897 
 790 0.104167 0.083333 135 137 1730 1732 
 791 0.083333 0.062500 592 593 1730 1731 
 792 0.083333 0.895833 276 277 458 459 
 793 0.104167 0.916666 458 460 1238 1239 
 794 0.083333 0.937500 703 705 1238 1240 
 795 0.104166 0.499997 302 304 1702 1703 
 796 0.083333 0.479164 302 303 1140 1141 
 797 0.083333 0.520831 1343 1345 1702 1704 
 798 0.416666 0.937498 246 248 1150 1151 
 799 0.437500 0.916665 246 247 1510 1512 
 800 0.416666 0.895831 318 320 1510 1511 
 801 0.395833 0.916665 318 319 1150 1152 
 802 0.916666 0.312498 638 640 1599 1601 
 803 0.895833 0.333331 638 639 1214 1216 
 804 0.916666 0.354165 1214 1215 1608 1609 
 805 0.583333 0.062498 468 469 1295 1297 
 806 0.104166 0.249998 202 204 763 765 
 807 0.083333 0.229165 202 203 956 957 
 808 0.895833 0.749998 218 220 715 717 
 809 0.916666 0.770832 218 219 908 909 
 810 0.104166 0.749998 1796 1797 1826 1827 
 811 0.083333 0.770832 1826 1828 1927 1929 
 812 0.916667 0.062500 695 697 1318 1320 
 813 0.895833 0.083333 1318 1319 1556 1557 
 814 0.166666 0.604163 1043 1045 1436 1437 
 815 0.833333 0.770831 216 217 358 359 
 816 0.812500 0.749997 358 360 679 681 
 817 0.166666 0.229164 151 153 200 201 
 818 0.333333 0.895831 162 164 323 325 
 819 0.312500 0.916665 162 163 1002 1004 
 820 0.333333 0.937499 1002 1003 1148 1149 
 821 0.833333 0.145831 618 620 1563 1565 
 822 0.812500 0.166664 618 619 740 741 
 823 0.104166 0.166665 130 132 207 209 
 824 0.083333 0.145832 130 131 436 437 
 825 0.687500 0.083331 179 181 1174 1176 
 826 0.645833 0.083331 576 577 1290 1291 
 827 0.666666 0.062499 1174 1175 1290 1292 
 828 0.895833 0.833332 223 225 924 925 
 829 0.833333 0.937499 476 477 1762 1763 
 830 0.833333 0.895832 654 656 931 933 
 831 0.812500 0.916666 654 655 1762 1764 
 832 0.895833 0.583331 411 413 546 548 
 833 0.916666 0.604165 546 547 600 601 
 834 0.895833 0.416664 1219 1221 1444 1445 
 835 0.104166 0.416664 307 309 812 813 
 836 0.500000 0.937498 251 253 1882 1884 
 837 0.500000 0.895831 1508 1509 1918 1919 
 838 0.520833 0.916665 1882 1883 1918 1920 
 839 0.520833 0.083331 1327 1329 
 840 0.333333 0.062499 1634 1636 
 841 0.312500 0.083331 1634 1635 1680 1681 
 842 0.104166 0.666664 1036 1037 1798 1799 
 843 0.083333 0.687498 1798 1800 1859 1861 
 844 0.895833 0.249998 636 637 1382 1383 
 845 0.916666 0.229165 1382 1384 1747 1749 
 846 0.666666 0.937499 1650 1651 1778 1780 
 847 0.645833 0.916665 1650 1652 1846 1847 
 848 0.687500 0.916665 1778 1779 1822 1824 
 849 0.666666 0.895831 1822 1823 1846 1848 
 850 0.166666 0.895832 263 265 456 457 
 851 0.166667 0.937499 1020 1021 1243 1245 
 852 0.812500 0.083332 616 617 1190 1191 
 853 0.833333 0.062499 1190 1192 1323 1325 
 854 0.166667 0.062499 1619 1621 1744 1745 
 855 0.520833 0.166662 1087 1089 1338 1340 
 856 0.499999 0.145830 1338 1339 1716 1717 
 857 0.812499 0.416662 759 761 1120 1121 
 858 0.520833 0.833329 1584 1585 1907 1909 
 859 0.166666 0.687496 840 841 1803 1805 
 860 0.166666 0.145831 128 129 1903 1905 
 861 0.312500 0.833330 160 161 795 797 
 862 0.229166 0.833331 272 273 871 873 
 863 0.229166 0.166664 144 145 1898 1899 
 864 0.250000 0.145831 1671 1673 1898 1900 
 865 0.687500 0.166663 174 176 515 517 
 866 0.666666 0.145830 174 175 562 564 
 867 0.645833 0.166663 562 563 992 993 
 868 0.750000 0.145831 172 173 623 625 
 869 0.833333 0.604163 560 561 1262 1263 
 870 0.812499 0.583329 1163 1165 1262 1264 
 871 0.166666 0.479162 235 237 300 301 
 872 0.166666 0.520829 1528 1529 1707 1709 
 873 0.812499 0.666663 674 676 1267 1269 
 874 0.833333 0.687497 674 675 724 725 
 875 0.166666 0.312496 667 669 772 773 
 876 0.166666 0.354163 784 785 819 821 
 877 0.437499 0.166662 1359 1361 1718 1720 
 878 0.395833 0.166663 1576 1577 1694 1695 
 879 0.416666 0.145830 1694 1696 1718 1719 
 880 0.812500 0.833331 363 365 652 653 
 881 0.166666 0.770831 864 865 1831 1833 
 882 0.833333 0.312497 354 356 627 629 
 883 0.812499 0.333329 354 355 754 756 
 884 0.833333 0.354163 754 755 1212 1213 
 885 0.812500 0.249997 352 353 742 743 
 886 0.833333 0.229164 742 744 1387 1389 
 887 0.249999 0.604161 380 381 1438 1439 
 888 0.229166 0.583328 1438 1440 1535 1537 
 889 0.395833 0.249994 396 397 1578 1579 
 890 0.437499 0.249994 1370 1372 1419 1421 
 891 0.416666 0.229161 1370 1371 1578 1580 
 892 0.229166 0.416661 228 229 791 793 
 893 0.687499 0.249995 526 528 1459 1461 
 894 0.666666 0.229162 526 527 994 996 
 895 0.645833 0.249995 994 995 1400 1401 
 896 0.312499 0.749995 806 808 1491 1493 
 897 0.333333 0.770829 806 807 1076 1077 
 898 0.750000 0.770830 372 373 
 899 0.249999 0.354161 544 545 786 787 
 900 0.249999 0.312495 662 664 971 973 
 901 0.229166 0.333328 662 663 786 788 
 902 0.249999 0.229163 146 148 1259 1261 
 903 0.229166 0.249996 146 147 660 661 
 904 0.395833 0.833329 316 317 1067 1069 
 905 0.437499 0.833329 1228 1229 1515 1517 
 906 0.583333 0.145830 567 569 1336 1337 
 907 0.833333 0.520829 404 405 1158 1159 
 908 0.833333 0.479163 1122 1124 1451 1453 
 909 0.812499 0.499996 1122 1123 1158 1160 
 910 0.749999 0.312495 343 345 1468 1469 
 911 0.749999 0.354161 507 509 752 753 
 912 0.249999 0.687495 826 827 1500 1501 
 913 0.229166 0.666662 826 828 1427 1429 
 914 0.312500 0.166663 1252 1253 1666 1667 
 915 0.333333 0.145830 1666 1668 1683 1685 
 916 0.645833 0.833330 1844 1845 
 917 0.687500 0.833330 1811 1813 
 918 0.749999 0.229163 524 525 731 733 
 919 0.249999 0.770830 804 805 866 867 
 920 0.229166 0.749996 831 833 866 868 
 921 0.583333 0.229161 999 1001 1080 1081 
 922 0.312499 0.416660 535 537 948 949 
 923 0.520833 0.249994 187 189 1082 1084 
 924 0.499999 0.229161 1082 1083 1368 1369 
 925 0.749999 0.479161 1111 1113 
 926 0.749999 0.520828 1172 1173 
 927 0.249999 0.479161 230 232 939 941 
 928 0.229166 0.499994 230 231 1530 1532 
 929 0.249999 0.520827 1530 1531 1548 1549 
 930 0.666666 0.354160 502 504 1374 1375 
 931 0.687499 0.333328 502 503 1470 1472 
 932 0.645833 0.333327 1374 1376 1402 1403 
 933 0.666666 0.312494 1402 1404 1470 1471 
 934 0.312499 0.666661 1502 1504 
 935 0.333333 0.687494 1502 1503 
 936 0.333332 0.354160 332 333 530 531 
 937 0.333333 0.312494 387 389 982 984 
 938 0.312499 0.333327 530 532 982 983 
 939 0.312499 0.249995 980 981 1254 1255 
 940 0.333333 0.229162 1254 1256 1567 1569 
 941 0.499999 0.312493 1412 1413 
 942 0.395832 0.416659 339 341 
 943 0.583332 0.312494 1407 1409 
 944 0.416666 0.354160 290 292 334 335 
 945 0.437499 0.333327 290 291 1414 1416 
 946 0.395832 0.333327 334 336 382 383 
 947 0.416666 0.312494 382 384 1414 1415 
 948 0.333332 0.479160 950 952 1303 1305 
 949 0.312499 0.499993 950 951 1538 1540 
 950 0.333332 0.520826 1538 1539 
 951 0.166666 0.104165 124 125 1891 1893 
 952 0.145833 0.166665 126 128 195 197 
 953 0.125000 0.145832 126 127 132 133 
 954 0.083333 0.104166 134 135 432 433 
 955 0.104167 0.124999 131 133 134 136 
 956 0.145833 0.083332 123 125 1742 1744 
 957 0.125000 0.062499 1732 1733 1742 1743 
 958 0.145833 0.124999 122 124 127 129 
 959 0.125000 0.104166 122 123 136 137 
 960 0.187500 0.166664 140 141 1902 1903 
 961 0.208333 0.145831 1899 1901 1902 1904 
 962 0.250000 0.187497 142 144 1247 1249 
 963 0.229166 0.208330 142 143 148 149 
 964 0.187500 0.249997 150 151 672 673 
 965 0.208333 0.229163 147 149 150 152 
 966 0.166666 0.187498 139 141 196 197 
 967 0.208333 0.187497 138 140 143 145 
 968 0.187500 0.208330 138 139 152 153 
 969 0.270833 0.833330 156 157 799 801 
 970 0.333333 0.854163 158 160 311 313 
 971 0.312500 0.874997 158 159 164 165 
 972 0.270833 0.916665 166 167 1014 1016 
 973 0.291666 0.895831 163 165 166 168 
 974 0.291666 0.937499 1004 1005 1014 1015 
 975 0.250000 0.854164 155 157 270 272 
 976 0.229166 0.874998 260 261 270 271 
 977 0.291666 0.854164 154 156 159 161 
 978 0.270833 0.874998 154 155 168 169 
 979 0.729166 0.166663 170 172 519 521 
 980 0.708333 0.145830 170 171 176 177 
 981 0.666666 0.104164 178 179 574 576 
 982 0.687500 0.124997 175 177 178 180 
 983 0.645833 0.124997 564 565 574 575 
 984 0.729166 0.083332 183 185 1186 1188 
 985 0.708333 0.062499 1176 1177 1186 1187 
 986 0.750000 0.104165 184 185 611 613 
 987 0.708333 0.104164 180 181 182 183 
 988 0.729166 0.124998 171 173 182 184 
 989 0.562499 0.249994 191 193 1078 1080 
 990 0.541666 0.229161 1078 1079 1084 1085 
 991 0.583333 0.270827 192 193 1395 1397 
 992 0.499999 0.270827 186 187 1424 1425 
 993 0.520832 0.291660 186 188 
 994 0.541666 0.270827 188 189 190 191 
 995 0.562499 0.291660 190 192 
 996 0.145833 0.249997 198 200 767 769 
 997 0.125000 0.229164 198 199 204 205 
 998 0.083333 0.187499 206 207 968 969 
 999 0.104166 0.208332 203 205 206 208 
 1000 0.125000 0.187498 194 195 208 209 
 1001 0.145833 0.208331 194 196 199 201 
 1002 0.833333 0.812498 212 213 362 363 
 1003 0.812500 0.791664 359 361 362 364 
 1004 0.854166 0.749997 214 216 719 721 
 1005 0.875000 0.770831 214 215 220 221 
 1006 0.916667 0.812499 222 223 920 921 
 1007 0.895833 0.791665 219 221 222 224 
 1008 0.854166 0.833332 211 213 936 937 
 1009 0.854166 0.791665 210 212 215 217 
 1010 0.875000 0.812498 210 211 224 225 
 1011 0.249999 0.437494 226 228 943 945 
 1012 0.229166 0.458328 226 227 232 233 
 1013 0.187499 0.499995 234 235 1526 1528 
 1014 0.208333 0.479162 231 233 234 236 
 1015 0.208333 0.520828 1526 1527 1532 1533 
 1016 0.166666 0.437496 239 241 296 297 
 1017 0.187499 0.416662 240 241 779 781 
 1018 0.187499 0.458329 236 237 238 239 
 1019 0.208333 0.437495 227 229 238 240 
 1020 0.749999 0.437494 1115 1117 
 1021 0.729166 0.416661 512 513 
 1022 0.416667 0.979166 242 244 1154 1155 
 1023 0.437500 0.958332 242 243 248 249 
 1024 0.395833 0.958332 1151 1153 1154 1156 
 1025 0.479166 0.916665 250 251 1506 1508 
 1026 0.458333 0.937498 247 249 250 252 
 1027 0.458333 0.895831 1506 1507 1512 1513 
 1028 0.500000 0.979166 255 257 1878 1880 
 1029 0.520833 0.958332 1878 1879 1884 1885 
 1030 0.458333 0.979166 243 245 254 256 
 1031 0.479167 0.958332 252 253 254 255 
 1032 0.187500 0.916665 262 263 1018 1020 
 1033 0.208333 0.895832 259 261 262 264 
 1034 0.208333 0.937499 1018 1019 1024 1025 
 1035 0.166666 0.854165 267 269 452 453 
 1036 0.187500 0.833331 268 269 859 861 
 1037 0.187500 0.874998 264 265 266 267 
 1038 0.208333 0.854164 266 268 271 273 
 1039 0.062500 0.916666 274 276 702 703 
 1040 0.041667 0.895833 274 275 280 281 
 1041 0.041667 0.937500 699 701 702 704 
 1042 0.062500 0.833332 287 289 1932 1933 
 1043 0.083333 0.854166 288 289 446 447 
 1044 0.104167 0.874999 446 448 459 461 
 1045 0.041667 0.854166 284 285 286 287 
 1046 0.062500 0.874999 275 277 286 288 
 1047 0.416666 0.395826 338 339 
 1048 0.437499 0.374993 292 293 
 1049 0.395832 0.374993 335 337 338 340 
 1050 0.479166 0.333326 1410 1412 
 1051 0.458332 0.354160 291 293 
 1052 0.458332 0.312493 1410 1411 1416 1417 
 1053 0.145833 0.499996 298 300 1706 1707 
 1054 0.125000 0.479163 298 299 304 305 
 1055 0.125000 0.520830 1703 1705 1706 1708 
 1056 0.083333 0.437498 306 307 1136 1137 
 1057 0.104166 0.458331 303 305 306 308 
 1058 0.145833 0.416663 295 297 824 825 
 1059 0.145833 0.458330 294 296 299 301 
 1060 0.125000 0.437497 294 295 308 309 
 1061 0.354166 0.833330 312 313 1071 1073 
 1062 0.416666 0.854163 314 316 1514 1515 
 1063 0.395833 0.874997 314 315 320 321 
 1064 0.437500 0.874997 1511 1513 1514 1516 
 1065 0.354166 0.916665 322 323 1146 1148 
 1066 0.375000 0.895831 319 321 322 324 
 1067 0.375000 0.937498 1146 1147 1152 1153 
 1068 0.354166 0.874997 310 311 324 325 
 1069 0.375000 0.854163 310 312 315 317 
 1070 0.333332 0.395827 328 329 534 535 
 1071 0.312499 0.374994 531 533 534 536 
 1072 0.354166 0.333327 330 332 386 387 
 1073 0.374999 0.354160 330 331 336 337 
 1074 0.374999 0.312494 383 385 386 388 
 1075 0.354166 0.416660 327 329 1308 1309 
 1076 0.354166 0.374993 326 328 331 333 
 1077 0.374999 0.395826 326 327 340 341 
 1078 0.749999 0.270829 347 349 1464 1465 
 1079 0.770833 0.249996 348 349 730 731 
 1080 0.791666 0.229163 730 732 743 745 
 1081 0.833333 0.270830 350 352 631 633 
 1082 0.812500 0.291663 350 351 356 357 
 1083 0.770833 0.333329 342 343 750 752 
 1084 0.791666 0.312496 342 344 355 357 
 1085 0.791666 0.354162 750 751 756 757 
 1086 0.770833 0.291662 344 345 346 347 
 1087 0.791666 0.270830 346 348 351 353 
 1088 0.770833 0.833331 367 369 648 649 
 1089 0.750000 0.812497 368 369 
 1090 0.770833 0.749996 370 372 
 1091 0.791666 0.770830 360 361 370 371 
 1092 0.791666 0.812497 364 365 366 367 
 1093 0.770833 0.791664 366 368 371 373 
 1094 0.249999 0.645828 376 377 1426 1427 
 1095 0.229166 0.624995 1426 1428 1439 1441 
 1096 0.270833 0.583327 378 380 1543 1545 
 1097 0.291666 0.604161 378 379 
 1098 0.270833 0.666661 375 377 1498 1500 
 1099 0.291666 0.687495 1498 1499 1504 1505 
 1100 0.270833 0.624994 374 376 379 381 
 1101 0.291666 0.645828 374 375 
 1102 0.333333 0.270828 391 393 978 980 
 1103 0.312499 0.291661 978 979 984 985 
 1104 0.354166 0.249995 392 393 1566 1567 
 1105 0.374999 0.229162 1566 1568 1579 1581 
 1106 0.416666 0.270827 394 396 1418 1419 
 1107 0.395833 0.291661 384 385 394 395 
 1108 0.437499 0.291660 1415 1417 1418 1420 
 1109 0.354166 0.291661 388 389 390 391 
 1110 0.374999 0.270828 390 392 395 397 
 1111 0.833333 0.562496 400 401 1162 1163 
 1112 0.812499 0.541662 1159 1161 1162 1164 
 1113 0.854166 0.499996 402 404 1450 1451 
 1114 0.875000 0.520830 402 403 408 409 
 1115 0.875000 0.479164 1447 1449 1450 1452 
 1116 0.916666 0.562498 410 411 1060 1061 
 1117 0.895833 0.541664 407 409 410 412 
 1118 0.854166 0.583330 399 401 558 560 
 1119 0.875000 0.604164 548 549 558 559 
 1120 0.854166 0.541663 398 400 403 405 
 1121 0.875000 0.562497 398 399 412 413 
 1122 0.916667 0.854166 419 421 922 924 
 1123 0.895833 0.874999 922 923 928 929 
 1124 0.937500 0.833333 420 421 919 921 
 1125 0.937500 0.916666 414 415 894 896 
 1126 0.958333 0.895833 414 416 427 429 
 1127 0.958333 0.937500 894 895 900 901 
 1128 0.937500 0.874999 416 417 418 419 
 1129 0.958333 0.854166 418 420 423 425 
 1130 0.062500 0.166666 434 436 967 969 
 1131 0.041667 0.145833 434 435 440 441 
 1132 0.062500 0.083333 431 433 590 592 
 1133 0.041667 0.062500 580 581 590 591 
 1134 0.062500 0.124999 430 432 435 437 
 1135 0.041667 0.104166 430 431 444 445 
 1136 0.145833 0.833331 451 453 1836 1837 
 1137 0.145833 0.916666 454 456 1242 1243 
 1138 0.125000 0.895832 454 455 460 461 
 1139 0.125000 0.937499 1239 1241 1242 1244 
 1140 0.145833 0.874999 450 452 455 457 
 1141 0.125000 0.854165 448 449 450 451 
 1142 0.583333 0.020833 464 465 1299 1301 
 1143 0.562500 0.083331 466 468 1331 1333 
 1144 0.541666 0.062498 466 467 
 1145 0.541667 0.020833 462 463 
 1146 0.562500 0.041666 462 464 467 469 
 1147 0.833333 0.979166 472 473 1766 1767 
 1148 0.812500 0.958333 1763 1765 1766 1768 
 1149 0.854167 0.916666 474 476 930 931 
 1150 0.875000 0.937499 474 475 480 481 
 1151 0.875000 0.895832 927 929 930 932 
 1152 0.916667 0.979167 482 483 892 893 
 1153 0.895833 0.958333 479 481 482 484 
 1154 0.875000 0.979166 470 471 484 485 
 1155 0.854167 0.958333 470 472 475 477 
 1156 0.083333 0.395831 491 493 810 812 
 1157 0.104166 0.374997 810 811 816 817 
 1158 0.062500 0.416665 492 493 1135 1137 
 1159 0.062500 0.333332 486 487 846 848 
 1160 0.041667 0.354166 486 488 499 501 
 1161 0.041667 0.312499 846 847 852 853 
 1162 0.062500 0.374998 488 489 490 491 
 1163 0.041667 0.395832 490 492 495 497 
 1164 0.687499 0.374994 504 505 
 1165 0.645832 0.374993 1375 1377 
 1166 0.729166 0.333328 506 507 1466 1468 
 1167 0.708333 0.354161 503 505 506 508 
 1168 0.708333 0.312495 1466 1467 1472 1473 
 1169 0.749999 0.395828 511 513 748 749 
 1170 0.708333 0.395827 510 512 
 1171 0.729166 0.374994 508 509 510 511 
 1172 0.750000 0.187497 520 521 735 737 
 1173 0.729166 0.249996 522 524 1463 1465 
 1174 0.708333 0.229162 522 523 528 529 
 1175 0.666666 0.187496 514 515 990 992 
 1176 0.687499 0.208329 514 516 527 529 
 1177 0.645833 0.208329 990 991 996 997 
 1178 0.708333 0.187496 516 517 518 519 
 1179 0.729166 0.208330 518 520 523 525 
 1180 0.270833 0.416661 539 541 944 945 
 1181 0.249999 0.395828 540 541 790 791 
 1182 0.229166 0.374995 787 789 790 792 
 1183 0.270833 0.333328 542 544 970 971 
 1184 0.291666 0.354161 532 533 542 543 
 1185 0.291666 0.312495 970 972 983 985 
 1186 0.291666 0.395827 536 537 538 539 
 1187 0.270833 0.374994 538 540 543 545 
 1188 0.916666 0.645831 550 551 596 597 
 1189 0.895833 0.624998 547 549 550 552 
 1190 0.854166 0.666664 555 557 722 724 
 1191 0.875000 0.687497 722 723 728 729 
 1192 0.833333 0.645830 556 557 1266 1267 
 1193 0.812499 0.624996 1263 1265 1266 1268 
 1194 0.875000 0.645831 552 553 554 555 
 1195 0.854166 0.624997 554 556 559 561 
 1196 0.604166 0.166663 566 567 988 989 
 1197 0.625000 0.145830 563 565 566 568 
 1198 0.583333 0.104164 571 573 1332 1333 
 1199 0.604166 0.083331 572 573 1294 1295 
 1200 0.625000 0.062498 1291 1293 1294 1296 
 1201 0.604166 0.124997 568 569 570 571 
 1202 0.625000 0.104164 570 572 575 577 
 1203 0.083333 0.020833 588 589 1734 1735 
 1204 0.104167 0.041666 1731 1733 1734 1736 
 1205 0.041667 0.020833 584 585 586 587 
 1206 0.062500 0.041666 586 588 591 593 
 1207 0.937500 0.583332 598 600 1059 1061 
 1208 0.958333 0.604166 598 599 604 605 
 1209 0.937500 0.666665 595 597 874 876 
 1210 0.958333 0.687499 874 875 880 881 
 1211 0.937500 0.624999 594 596 599 601 
 1212 0.958333 0.645832 594 595 608 609 
 1213 0.770833 0.083332 612 613 1194 1195 
 1214 0.791667 0.062499 1191 1193 1194 1196 
 1215 0.833333 0.104165 614 616 1551 1553 
 1216 0.812500 0.124998 614 615 620 621 
 1217 0.770833 0.166664 622 623 736 737 
 1218 0.791666 0.145831 619 621 622 624 
 1219 0.770833 0.124998 610 611 624 625 
 1220 0.791666 0.104165 610 612 615 617 
 1221 0.854166 0.249997 632 633 1386 1387 
 1222 0.875000 0.229165 1383 1385 1386 1388 
 1223 0.916666 0.270832 634 636 1587 1589 
 1224 0.895833 0.291665 634 635 640 641 
 1225 0.854166 0.333330 626 627 1210 1212 
 1226 0.875000 0.312497 626 628 639 641 
 1227 0.875000 0.354164 1210 1211 1216 1217 
 1228 0.854166 0.291664 628 629 630 631 
 1229 0.875000 0.270831 630 632 635 637 
 1230 0.750000 0.854164 647 649 1816 1817 
 1231 0.833333 0.854165 650 652 935 937 
 1232 0.812500 0.874998 650 651 656 657 
 1233 0.770833 0.916665 642 643 1774 1776 
 1234 0.791666 0.895832 642 644 655 657 
 1235 0.791667 0.937499 1764 1765 1774 1775 
 1236 0.791666 0.854165 646 648 651 653 
 1237 0.770833 0.874998 644 645 646 647 
 1238 0.249999 0.270829 658 660 975 977 
 1239 0.229166 0.291662 658 659 664 665 
 1240 0.187499 0.333329 666 667 782 784 
 1241 0.208333 0.312496 663 665 666 668 
 1242 0.208333 0.354162 782 783 788 789 
 1243 0.166666 0.270830 671 673 768 769 
 1244 0.208333 0.270829 659 661 670 672 
 1245 0.187499 0.291663 668 669 670 671 
 1246 0.791666 0.687496 676 677 
 1247 0.833333 0.729164 678 679 720 721 
 1248 0.812500 0.708330 675 677 678 680 
 1249 0.791666 0.729163 680 681 
 1250 0.937500 0.083333 694 695 1476 1477 
 1251 0.958333 0.062500 691 693 694 696 
 1252 0.916667 0.020833 683 685 1314 1316 
 1253 0.895833 0.041666 1314 1315 1320 1321 
 1254 0.958333 0.020833 682 684 687 689 
 1255 0.937500 0.041666 682 683 696 697 
 1256 0.083333 0.979167 707 709 1234 1236 
 1257 0.104167 0.958333 1234 1235 1240 1241 
 1258 0.041667 0.979167 706 708 711 713 
 1259 0.062500 0.958333 704 705 706 707 
 1260 0.916666 0.729165 714 715 888 889 
 1261 0.895833 0.708331 714 716 727 729 
 1262 0.875000 0.729164 716 717 718 719 
 1263 0.854166 0.708331 718 720 723 725 
 1264 0.833333 0.187498 738 740 1391 1393 
 1265 0.812500 0.208331 738 739 744 745 
 1266 0.770833 0.208330 732 733 734 735 
 1267 0.791666 0.187497 734 736 739 741 
 1268 0.833333 0.395829 758 759 1208 1209 
 1269 0.812499 0.374996 755 757 758 760 
 1270 0.770833 0.416661 747 749 1116 1117 
 1271 0.770833 0.374995 746 748 751 753 
 1272 0.791666 0.395829 746 747 760 761 
 1273 0.145833 0.333330 770 772 818 819 
 1274 0.125000 0.312497 770 771 776 777 
 1275 0.125000 0.354164 815 817 818 820 
 1276 0.083333 0.270832 762 763 844 845 
 1277 0.104166 0.291664 762 764 775 777 
 1278 0.125000 0.270831 764 765 766 767 
 1279 0.145833 0.291664 766 768 771 773 
 1280 0.166666 0.395829 780 781 823 825 
 1281 0.208333 0.395828 778 779 792 793 
 1282 0.187499 0.374996 778 780 783 785 
 1283 0.250000 0.812497 800 801 870 871 
 1284 0.229166 0.791663 867 869 870 872 
 1285 0.270833 0.749996 802 804 1495 1497 
 1286 0.291666 0.770829 802 803 808 809 
 1287 0.333333 0.812496 794 795 1072 1073 
 1288 0.312499 0.791663 794 796 807 809 
 1289 0.291666 0.812496 796 797 798 799 
 1290 0.270833 0.791663 798 800 803 805 
 1291 0.125000 0.395830 811 813 822 824 
 1292 0.145833 0.374996 820 821 822 823 
 1293 0.249999 0.729162 830 831 1496 1497 
 1294 0.229166 0.708329 827 829 830 832 
 1295 0.187500 0.749997 835 837 862 864 
 1296 0.208333 0.770830 862 863 868 869 
 1297 0.166666 0.729164 836 837 1807 1809 
 1298 0.187499 0.666663 838 840 1431 1433 
 1299 0.208333 0.687496 828 829 838 839 
 1300 0.208333 0.729163 832 833 834 835 
 1301 0.187500 0.708330 834 836 839 841 
 1302 0.062500 0.249999 843 845 954 956 
 1303 0.041667 0.229166 954 955 960 961 
 1304 0.062500 0.291665 842 844 847 849 
 1305 0.041667 0.270832 842 843 856 857 
 1306 0.166666 0.812498 860 861 1835 1837 
 1307 0.208333 0.812497 858 859 872 873 
 1308 0.187500 0.791664 858 860 863 865 
 1309 0.937500 0.749999 887 889 906 908 
 1310 0.958333 0.770833 906 907 912 913 
 1311 0.937500 0.708332 875 877 886 888 
 1312 0.958333 0.729166 884 885 886 887 
 1313 0.958333 0.979167 890 891 904 905 
 1314 0.937500 0.958333 890 892 895 897 
 1315 0.937500 0.791666 907 909 918 920 
 1316 0.958333 0.812499 916 917 918 919 
 1317 0.875000 0.854165 923 925 934 936 
 1318 0.854166 0.874999 932 933 934 935 
 1319 0.333332 0.437493 946 948 1307 1309 
 1320 0.312499 0.458327 946 947 952 953 
 1321 0.270833 0.499994 938 939 1546 1548 
 1322 0.291666 0.479160 938 940 951 953 
 1323 0.291666 0.520827 1540 1541 1546 1547 
 1324 0.270833 0.458327 940 941 942 943 
 1325 0.291666 0.437494 942 944 947 949 
 1326 0.062500 0.208332 955 957 966 968 
 1327 0.041667 0.187499 964 965 966 967 
 1328 0.270833 0.249996 976 977 1258 1259 
 1329 0.291666 0.229162 1255 1257 1258 1260 
 1330 0.270833 0.291662 972 973 974 975 
 1331 0.291666 0.270828 974 976 979 981 
 1332 0.604166 0.249994 998 999 1396 1397 
 1333 0.624999 0.229162 995 997 998 1000 
 1334 0.583333 0.187496 987 989 1092 1093 
 1335 0.624999 0.187496 986 988 991 993 
 1336 0.604166 0.208329 986 987 1000 1001 
 1337 0.333333 0.979166 1006 1007 1144 1145 
 1338 0.312500 0.958332 1003 1005 1006 1008 
 1339 0.250000 0.979166 1012 1013 1026 1027 
 1340 0.229167 0.958333 1023 1025 1026 1028 
 1341 0.291667 0.979166 1008 1009 1010 1011 
 1342 0.270833 0.958333 1010 1012 1015 1017 
 1343 0.166667 0.979166 1032 1033 1231 1233 
 1344 0.208333 0.979166 1028 1029 1030 1031 
 1345 0.187500 0.958333 1019 1021 1030 1032 
 1346 0.083333 0.645831 1034 1036 1107 1109 
 1347 0.104166 0.624997 1034 1035 1040 1041 
 1348 0.145833 0.583330 1042 1043 1712 1713 
 1349 0.125000 0.604164 1039 1041 1042 1044 
 1350 0.166666 0.645830 1047 1049 1432 1433 
 1351 0.145833 0.666663 1048 1049 1802 1803 
 1352 0.125000 0.687497 1799 1801 1802 1804 
 1353 0.145833 0.624997 1044 1045 1046 1047 
 1354 0.125000 0.645830 1035 1037 1046 1048 
 1355 0.937500 0.499998 1062 1064 1270 1271 
 1356 0.958333 0.520832 1052 1053 1062 1063 
 1357 0.958333 0.479166 1270 1272 1283 1285 
 1358 0.937500 0.541665 1058 1060 1063 1065 
 1359 0.958333 0.562499 1056 1057 1058 1059 
 1360 0.354166 0.749995 1074 1076 
 1361 0.374999 0.770828 1074 1075 
 1362 0.416666 0.812496 1066 1067 1226 1228 
 1363 0.395833 0.791662 1066 1068 
 1364 0.437499 0.791662 1226 1227 
 1365 0.374999 0.812496 1068 1069 1070 1071 
 1366 0.354166 0.791662 1070 1072 1075 1077 
 1367 0.499999 0.187495 1086 1087 1364 1365 
 1368 0.520833 0.208328 1083 1085 1086 1088 
 1369 0.562499 0.166663 1091 1093 1334 1336 
 1370 0.541666 0.145830 1334 1335 1340 1341 
 1371 0.562499 0.208328 1079 1081 1090 1092 
 1372 0.541666 0.187495 1088 1089 1090 1091 
 1373 0.062500 0.583332 1102 1103 1348 1349 
 1374 0.041667 0.604166 1099 1101 1102 1104 
 1375 0.062500 0.666665 1108 1109 1858 1859 
 1376 0.041667 0.687499 1858 1860 1871 1873 
 1377 0.062500 0.624998 1104 1105 1106 1107 
 1378 0.041667 0.645832 1095 1097 1106 1108 
 1379 0.833333 0.437496 1118 1120 1455 1457 
 1380 0.812499 0.458329 1118 1119 1124 1125 
 1381 0.770833 0.499995 1110 1111 1170 1172 
 1382 0.791666 0.479162 1110 1112 1123 1125 
 1383 0.791666 0.520828 1160 1161 1170 1171 
 1384 0.770833 0.458328 1112 1113 1114 1115 
 1385 0.791666 0.437495 1114 1116 1119 1121 
 1386 0.062500 0.499998 1138 1140 1342 1343 
 1387 0.041667 0.479166 1128 1129 1138 1139 
 1388 0.041667 0.520832 1342 1344 1355 1357 
 1389 0.062500 0.458332 1134 1136 1139 1141 
 1390 0.041667 0.437499 1132 1133 1134 1135 
 1391 0.375000 0.979166 1142 1143 1156 1157 
 1392 0.354167 0.958332 1142 1144 1147 1149 
 1393 0.770833 0.583328 1167 1169 
 1394 0.791666 0.604162 1264 1265 
 1395 0.749999 0.562494 1168 1169 
 1396 0.791666 0.562495 1164 1165 1166 1167 
 1397 0.770833 0.541661 1166 1168 1171 1173 
 1398 0.666667 0.020833 1178 1179 1286 1288 
 1399 0.687500 0.041666 1175 1177 1178 1180 
 1400 0.645833 0.041666 1286 1287 1292 1293 
 1401 0.750000 0.020833 1184 1185 1199 1201 
 1402 0.708333 0.020833 1180 1181 1182 1183 
 1403 0.729167 0.041666 1182 1184 1187 1189 
 1404 0.833333 0.020833 1202 1204 1311 1313 
 1405 0.812500 0.041666 1192 1193 1202 1203 
 1406 0.791667 0.020833 1198 1200 1203 1205 
 1407 0.770833 0.041666 1196 1197 1198 1199 
 1408 0.354166 0.083331 1688 1689 
 1409 0.333333 0.020833 1646 1648 
 1410 0.312500 0.041666 1636 1637 1646 1647 
 1411 0.916666 0.395831 1218 1219 1604 1605 
 1412 0.895833 0.374998 1215 1217 1218 1220 
 1413 0.854166 0.416663 1207 1209 1456 1457 
 1414 0.854166 0.374997 1206 1208 1211 1213 
 1415 0.875000 0.395830 1206 1207 1220 1221 
 1416 0.499999 0.812495 1223 1225 1582 1584 
 1417 0.520833 0.791662 1582 1583 
 1418 0.479166 0.833329 1224 1225 1519 1521 
 1419 0.479166 0.791662 1222 1223 
 1420 0.458333 0.812496 1222 1224 1227 1229 
 1421 0.125000 0.979166 1230 1232 1235 1237 
 1422 0.145833 0.958333 1230 1231 1244 1245 
 1423 0.270833 0.166663 1248 1249 1670 1671 
 1424 0.291666 0.145830 1667 1669 1670 1672 
 1425 0.333333 0.187496 1250 1252 1571 1573 
 1426 0.312499 0.208329 1250 1251 1256 1257 
 1427 0.270833 0.208329 1246 1247 1260 1261 
 1428 0.291666 0.187496 1246 1248 1251 1253 
 1429 0.791666 0.645829 1268 1269 
 1430 0.916666 0.437498 1275 1277 1442 1444 
 1431 0.895833 0.458331 1442 1443 1448 1449 
 1432 0.937500 0.416665 1276 1277 1603 1605 
 1433 0.937500 0.458332 1272 1273 1274 1275 
 1434 0.958333 0.437499 1274 1276 1279 1281 
 1435 0.625000 0.020833 1287 1289 1298 1300 
 1436 0.604167 0.041666 1296 1297 1298 1299 
 1437 0.354166 0.499993 1302 1303 
 1438 0.374999 0.479159 1302 1304 
 1439 0.374999 0.437493 1306 1308 
 1440 0.354166 0.458326 1304 1305 1306 1307 
 1441 0.854167 0.083332 1322 1323 1552 1553 
 1442 0.875000 0.062499 1319 1321 1322 1324 
 1443 0.875000 0.020833 1310 1312 1315 1317 
 1444 0.854167 0.041666 1310 1311 1324 1325 
 1445 0.500000 0.104164 1326 1327 1728 1729 
 1446 0.520833 0.124997 1326 1328 1339 1341 
 1447 0.541666 0.104164 1328 1329 1330 1331 
 1448 0.562500 0.124997 1330 1332 1335 1337 
 1449 0.083333 0.562498 1347 1349 1698 1700 
 1450 0.104166 0.541664 1698 1699 1704 1705 
 1451 0.041667 0.562499 1346 1348 1351 1353 
 1452 0.062500 0.541665 1344 1345 1346 1347 
 1453 0.479166 0.166662 1363 1365 1714 1716 
 1454 0.458333 0.145830 1714 1715 1720 1721 
 1455 0.479166 0.249994 1366 1368 1423 1425 
 1456 0.458333 0.229161 1366 1367 1372 1373 
 1457 0.416666 0.187495 1358 1359 1574 1576 
 1458 0.437499 0.208328 1358 1360 1371 1373 
 1459 0.395833 0.208329 1574 1575 1580 1581 
 1460 0.479166 0.208328 1362 1364 1367 1369 
 1461 0.458333 0.187495 1360 1361 1362 1363 
 1462 0.604166 0.333327 1406 1407 
 1463 0.624999 0.354160 1376 1377 
 1464 0.624999 0.312494 1403 1405 1406 1408 
 1465 0.312499 0.541660 1539 1541 
 1466 0.916667 0.187499 1378 1380 1751 1753 
 1467 0.895833 0.208332 1378 1379 1384 1385 
 1468 0.854166 0.166665 1392 1393 1562 1563 
 1469 0.875000 0.145832 1559 1561 1562 1564 
 1470 0.854166 0.208331 1388 1389 1390 1391 
 1471 0.875000 0.187498 1379 1381 1390 1392 
 1472 0.666666 0.270828 1398 1400 1458 1459 
 1473 0.645833 0.291661 1398 1399 1404 1405 
 1474 0.687499 0.291661 1458 1460 1471 1473 
 1475 0.604166 0.291661 1394 1395 1408 1409 
 1476 0.624999 0.270828 1394 1396 1399 1401 
 1477 0.479166 0.291660 1411 1413 1422 1424 
 1478 0.458333 0.270827 1420 1421 1422 1423 
 1479 0.187499 0.583329 1434 1436 1523 1525 
 1480 0.208333 0.604162 1434 1435 1440 1441 
 1481 0.208333 0.645829 1428 1429 1430 1431 
 1482 0.187499 0.624996 1430 1432 1435 1437 
 1483 0.333333 0.729161 1490 1491 
 1484 0.312499 0.708328 1490 1492 1503 1505 
 1485 0.854166 0.458330 1452 1453 1454 1455 
 1486 0.875000 0.437497 1443 1445 1454 1456 
 1487 0.729166 0.291662 1462 1464 1467 1469 
 1488 0.708333 0.270828 1460 1461 1462 1463 
 1489 0.937500 0.166666 1486 1487 1752 1753 
 1490 0.958333 0.145833 1483 1485 1486 1488 
 1491 0.916667 0.104166 1475 1477 1554 1556 
 1492 0.895833 0.124999 1554 1555 1560 1561 
 1493 0.958333 0.104166 1474 1476 1479 1481 
 1494 0.937500 0.124999 1474 1475 1488 1489 
 1495 0.291666 0.729162 1492 1493 1494 1495 
 1496 0.270833 0.708329 1494 1496 1499 1501 
 1497 0.500000 0.854163 1520 1521 1906 1907 
 1498 0.520833 0.874997 1906 1908 1919 1921 
 1499 0.458333 0.854163 1516 1517 1518 1519 
 1500 0.479166 0.874997 1507 1509 1518 1520 
 1501 0.166666 0.562496 1524 1525 1711 1713 
 1502 0.249999 0.562494 1534 1535 1544 1545 
 1503 0.229166 0.541661 1531 1533 1534 1536 
 1504 0.208333 0.562495 1522 1523 1536 1537 
 1505 0.187499 0.541662 1522 1524 1527 1529 
 1506 0.291666 0.562494 1542 1543 
 1507 0.270833 0.541661 1542 1544 1547 1549 
 1508 0.854166 0.124999 1550 1551 1564 1565 
 1509 0.875000 0.104166 1550 1552 1555 1557 
 1510 0.354166 0.166663 1572 1573 1682 1683 
 1511 0.375000 0.145830 1682 1684 1695 1697 
 1512 0.354166 0.208329 1568 1569 1570 1571 
 1513 0.374999 0.187496 1570 1572 1575 1577 
 1514 0.479166 0.083331 1727 1729 
 1515 0.562499 0.833329 1911 1913 
 1516 0.541666 0.812496 1583 1585 
 1517 0.937500 0.249999 1588 1589 1746 1747 
 1518 0.958333 0.229166 1746 1748 1759 1761 
 1519 0.937500 0.333332 1598 1599 1606 1608 
 1520 0.958333 0.312499 1595 1597 1598 1600 
 1521 0.958333 0.354166 1606 1607 1612 1613 
 1522 0.937500 0.291665 1586 1587 1600 1601 
 1523 0.958333 0.270833 1586 1588 1591 1593 
 1524 0.937500 0.374998 1602 1604 1607 1609 
 1525 0.958333 0.395832 1602 1603 1616 1617 
 1526 0.166667 0.020833 1623 1625 1740 1741 
 1527 0.250000 0.020833 1626 1628 1643 1645 
 1528 0.229167 0.041666 1626 1627 1632 1633 
 1529 0.187500 0.083332 1618 1619 1892 1893 
 1530 0.208333 0.062499 1618 1620 1631 1633 
 1531 0.208333 0.020833 1622 1624 1627 1629 
 1532 0.187500 0.041666 1620 1621 1622 1623 
 1533 0.270833 0.083332 1638 1639 1676 1677 
 1534 0.291666 0.062499 1635 1637 1638 1640 
 1535 0.291667 0.020833 1642 1644 1647 1649 
 1536 0.270833 0.041666 1640 1641 1642 1643 
 1537 0.604166 0.833330 1856 1857 
 1538 0.666667 0.979166 1654 1655 1790 1792 
 1539 0.645833 0.958332 1651 1653 1654 1656 
 1540 0.687500 0.958332 1780 1781 1790 1791 
 1541 0.583333 0.979166 1660 1661 1875 1877 
 1542 0.604166 0.916665 1662 1664 1850 1851 
 1543 0.625000 0.937499 1652 1653 1662 1663 
 1544 0.625000 0.895831 1847 1849 1850 1852 
 1545 0.625000 0.979166 1656 1657 1658 1659 
 1546 0.604167 0.958332 1658 1660 1663 1665 
 1547 0.250000 0.104165 1675 1677 1894 1896 
 1548 0.229166 0.124998 1894 1895 1900 1901 
 1549 0.333333 0.104164 1678 1680 1687 1689 
 1550 0.312500 0.124997 1668 1669 1678 1679 
 1551 0.291666 0.104164 1674 1676 1679 1681 
 1552 0.270833 0.124998 1672 1673 1674 1675 
 1553 0.416666 0.104164 1690 1692 1722 1723 
 1554 0.395833 0.124997 1690 1691 1696 1697 
 1555 0.437500 0.124997 1719 1721 1722 1724 
 1556 0.375000 0.104164 1686 1688 1691 1693 
 1557 0.354166 0.124997 1684 1685 1686 1687 
 1558 0.125000 0.562497 1699 1701 1710 1712 
 1559 0.145833 0.541663 1708 1709 1710 1711 
 1560 0.479166 0.124997 1715 1717 1726 1728 
 1561 0.458333 0.104164 1724 1725 1726 1727 
 1562 0.125000 0.020833 1736 1737 1738 1739 
 1563 0.145833 0.041666 1738 1740 1743 1745 
 1564 0.937500 0.208332 1748 1749 1750 1751 
 1565 0.958333 0.187499 1750 1752 1755 1757 
 1566 0.750000 0.979166 1772 1773 1787 1789 
 1567 0.791667 0.979166 1768 1769 1770 1771 
 1568 0.770833 0.958333 1770 1772 1775 1777 
 1569 0.729166 0.916665 1782 1783 1818 1820 
 1570 0.708333 0.937499 1779 1781 1782 1784 
 1571 0.708333 0.895831 1818 1819 1824 1825 
 1572 0.708333 0.979166 1786 1788 1791 1793 
 1573 0.729167 0.958333 1784 1785 1786 1787 
 1574 0.083333 0.729165 1794 1796 1863 1865 
 1575 0.104166 0.708331 1794 1795 1800 1801 
 1576 0.145833 0.749997 1808 1809 1830 1831 
 1577 0.125000 0.770831 1827 1829 1830 1832 
 1578 0.145833 0.708330 1804 1805 1806 1807 
 1579 0.125000 0.729164 1795 1797 1806 1808 
 1580 0.729166 0.833330 1815 1817 
 1581 0.666666 0.854164 1810 1811 1842 1844 
 1582 0.687500 0.874997 1810 1812 1823 1825 
 1583 0.645833 0.874997 1842 1843 1848 1849 
 1584 0.729166 0.874998 1814 1816 1819 1821 
 1585 0.708333 0.854164 1812 1813 1814 1815 
 1586 0.083333 0.812499 1838 1840 1931 1933 
 1587 0.104166 0.791665 1828 1829 1838 1839 
 1588 0.125000 0.812498 1834 1836 1839 1841 
 1589 0.145833 0.791664 1832 1833 1834 1835 
 1590 0.583333 0.854163 1855 1857 1912 1913 
 1591 0.625000 0.854163 1843 1845 1854 1856 
 1592 0.604166 0.874997 1852 1853 1854 1855 
 1593 0.062500 0.749999 1864 1865 1926 1927 
 1594 0.041667 0.770833 1923 1925 1926 1928 
 1595 0.062500 0.708332 1860 1861 1862 1863 
 1596 0.041667 0.729166 1862 1864 1867 1869 
 1597 0.562500 0.916665 1886 1887 1914 1916 
 1598 0.541666 0.937498 1883 1885 1886 1888 
 1599 0.541666 0.895831 1914 1915 1920 1921 
 1600 0.541667 0.979166 1874 1876 1879 1881 
 1601 0.562500 0.958332 1874 1875 1888 1889 
 1602 0.187500 0.124998 1890 1891 1904 1905 
 1603 0.208333 0.104165 1890 1892 1895 1897 
 1604 0.541666 0.854163 1908 1909 1910 1911 
 1605 0.562500 0.874997 1910 1912 1915 1917 
 1606 0.041667 0.812499 1930 1932 1935 1937 
 1607 0.062500 0.791666 1928 1929 1930 1931 
 1608 0.145833 0.104165 122 123 124 125 
 1609 0.145833 0.145832 126 127 128 129 
 1610 0.104166 0.145832 130 131 132 133 
 1611 0.104167 0.104166 134 135 136 137 
 1612 0.187500 0.187497 138 139 140 141 
 1613 0.229166 0.187497 142 143 144 145 
 1614 0.229166 0.229163 146 147 148 149 
 1615 0.187500 0.229163 150 151 152 153 
 1616 0.270833 0.854164 154 155 156 157 
 1617 0.312500 0.854164 158 159 160 161 
 1618 0.312500 0.895831 162 163 164 165 
 1619 0.270833 0.895831 166 167 168 169 
 1620 0.729166 0.145831 170 171 172 173 
 1621 0.687500 0.145830 174 175 176 177 
 1622 0.687500 0.104164 178 179 180 181 
 1623 0.729166 0.104165 182 183 184 185 
 1624 0.520833 0.270827 186 187 188 189 
 1625 0.562499 0.270827 190 191 192 193 
 1626 0.145833 0.187498 194 195 196 197 
 1627 0.145833 0.229164 198 199 200 201 
 1628 0.104166 0.229165 202 203 204 205 
 1629 0.104166 0.187498 206 207 208 209 
 1630 0.854166 0.812498 210 211 212 213 
 1631 0.854166 0.770831 214 215 216 217 
 1632 0.895833 0.770832 218 219 220 221 
 1633 0.895833 0.812499 222 223 224 225 
 1634 0.229166 0.437495 226 227 228 229 
 1635 0.229166 0.479161 230 231 232 233 
 1636 0.187499 0.479162 234 235 236 237 
 1637 0.187499 0.437495 238 239 240 241 
 1638 0.437500 0.979166 242 243 244 245 
 1639 0.437500 0.937498 246 247 248 249 
 1640 0.479166 0.937498 250 251 252 253 
 1641 0.479167 0.979166 254 255 256 257 
 1642 0.229166 0.895832 258 259 260 261 
 1643 0.187500 0.895832 262 263 264 265 
 1644 0.187500 0.854165 266 267 268 269 
 1645 0.229166 0.854164 270 271 272 273 
 1646 0.062500 0.895833 274 275 276 277 
 1647 0.020833 0.895833 278 279 280 281 
 1648 0.020833 0.854166 282 283 284 285 
 1649 0.062500 0.854166 286 287 288 289 
 1650 0.437499 0.354160 290 291 292 293 
 1651 0.145833 0.437496 294 295 296 297 
 1652 0.145833 0.479163 298 299 300 301 
 1653 0.104166 0.479164 302 303 304 305 
 1654 0.104166 0.437497 306 307 308 309 
 1655 0.354166 0.854163 310 311 312 313 
 1656 0.395833 0.854163 314 315 316 317 
 1657 0.395833 0.895831 318 319 320 321 
 1658 0.354166 0.895831 322 323 324 325 
 1659 0.354166 0.395826 326 327 328 329 
 1660 0.354166 0.354160 330 331 332 333 
 1661 0.395832 0.354160 334 335 336 337 
 1662 0.395832 0.395826 338 339 340 341 
 1663 0.770833 0.312496 342 343 344 345 
 1664 0.770833 0.270829 346 347 348 349 
 1665 0.812500 0.270830 350 351 352 353 
 1666 0.812499 0.312496 354 355 356 357 
 1667 0.812500 0.770830 358 359 360 361 
 1668 0.812500 0.812498 362 363 364 365 
 1669 0.770833 0.812497 366 367 368 369 
 1670 0.770833 0.770830 370 371 372 373 
 1671 0.270833 0.645828 374 375 376 377 
 1672 0.270833 0.604161 378 379 380 381 
 1673 0.395832 0.312494 382 383 384 385 
 1674 0.354166 0.312494 386 387 388 389 
 1675 0.354166 0.270828 390 391 392 393 
 1676 0.395833 0.270827 394 395 396 397 
 1677 0.854166 0.562496 398 399 400 401 
 1678 0.854166 0.520830 402 403 404 405 
 1679 0.895833 0.520831 406 407 408 409 
 1680 0.895833 0.562497 410 411 412 413 
 1681 0.937500 0.895833 414 415 416 417 
 1682 0.937500 0.854166 418 419 420 421 
 1683 0.979167 0.854166 422 423 424 425 
 1684 0.979167 0.895833 426 427 428 429 
 1685 0.062500 0.104166 430 431 432 433 
 1686 0.062500 0.145833 434 435 436 437 
 1687 0.020833 0.145833 438 439 440 441 
 1688 0.020833 0.104166 442 443 444 445 
 1689 0.104167 0.854165 446 447 448 449 
 1690 0.145833 0.854165 450 451 452 453 
 1691 0.145833 0.895832 454 455 456 457 
 1692 0.104167 0.895832 458 459 460 461 
 1693 0.562500 0.020833 462 463 464 465 
 1694 0.562500 0.062498 466 467 468 469 
 1695 0.854167 0.979166 470 471 472 473 
 1696 0.854167 0.937499 474 475 476 477 
 1697 0.895833 0.937499 478 479 480 481 
 1698 0.895833 0.979166 482 483 484 485 
 1699 0.062500 0.354165 486 487 488 489 
 1700 0.062500 0.395832 490 491 492 493 
 1701 0.020833 0.395833 494 495 496 497 
 1702 0.020833 0.354166 498 499 500 501 
 1703 0.687499 0.354161 502 503 504 505 
 1704 0.729166 0.354161 506 507 508 509 
 1705 0.729166 0.395828 510 511 512 513 
 1706 0.687499 0.187496 514 515 516 517 
 1707 0.729166 0.187497 518 519 520 521 
 1708 0.729166 0.229163 522 523 524 525 
 1709 0.687499 0.229162 526 527 528 529 
 1710 0.312499 0.354161 530 531 532 533 
 1711 0.312499 0.395827 534 535 536 537 
 1712 0.270833 0.395827 538 539 540 541 
 1713 0.270833 0.354161 542 543 544 545 
 1714 0.895833 0.604164 546 547 548 549 
 1715 0.895833 0.645831 550 551 552 553 
 1716 0.854166 0.645830 554 555 556 557 
 1717 0.854166 0.604163 558 559 560 561 
 1718 0.645833 0.145830 562 563 564 565 
 1719 0.604166 0.145830 566 567 568 569 
 1720 0.604166 0.104164 570 571 572 573 
 1721 0.645833 0.104164 574 575 576 577 
 1722 0.020833 0.062500 578 579 580 581 
 1723 0.020833 0.020833 582 583 584 585 
 1724 0.062500 0.020833 586 587 588 589 
 1725 0.062500 0.062500 590 591 592 593 
 1726 0.937500 0.645832 594 595 596 597 
 1727 0.937500 0.604165 598 599 600 601 
 1728 0.979167 0.604166 602 603 604 605 
 1729 0.979167 0.645833 606 607 608 609 
 1730 0.770833 0.104165 610 611 612 613 
 1731 0.812500 0.104165 614 615 616 617 
 1732 0.812500 0.145831 618 619 620 621 
 1733 0.770833 0.145831 622 623 624 625 
 1734 0.854166 0.312497 626 627 628 629 
 1735 0.854166 0.270831 630 631 632 633 
 1736 0.895833 0.270831 634 635 636 637 
 1737 0.895833 0.312498 638 639 640 641 
 1738 0.770833 0.895832 642 643 644 645 
 1739 0.770833 0.854164 646 647 648 649 
 1740 0.812500 0.854165 650 651 652 653 
 1741 0.812500 0.895832 654 655 656 657 
 1742 0.229166 0.270829 658 659 660 661 
 1743 0.229166 0.312495 662 663 664 665 
 1744 0.187499 0.312496 666 667 668 669 
 1745 0.187500 0.270830 670 671 672 673 
 1746 0.812500 0.687496 674 675 676 677 
 1747 0.812500 0.729163 678 679 680 681 
 1748 0.937500 0.020833 682 683 684 685 
 1749 0.979167 0.020833 686 687 688 689 
 1750 0.979167 0.062500 690 691 692 693 
 1751 0.937500 0.062500 694 695 696 697 
 1752 0.020833 0.937500 698 699 700 701 
 1753 0.062500 0.937500 702 703 704 705 
 1754 0.062500 0.979167 706 707 708 709 
 1755 0.020833 0.979167 710 711 712 713 
 1756 0.895833 0.729165 714 715 716 717 
 1757 0.854166 0.729164 718 719 720 721 
 1758 0.854166 0.687497 722 723 724 725 
 1759 0.895833 0.687498 726 727 728 729 
 1760 0.770833 0.229163 730 731 732 733 
 1761 0.770833 0.187497 734 735 736 737 
 1762 0.812500 0.187497 738 739 740 741 
 1763 0.812500 0.229164 742 743 744 745 
 1764 0.770833 0.395828 746 747 748 749 
 1765 0.770833 0.354162 750 751 752 753 
 1766 0.812499 0.354163 754 755 756 757 
 1767 0.812499 0.395829 758 759 760 761 
 1768 0.104166 0.270831 762 763 764 765 
 1769 0.145833 0.270830 766 767 768 769 
 1770 0.145833 0.312497 770 771 772 773 
 1771 0.104166 0.312498 774 775 776 777 
 1772 0.187499 0.395829 778 779 780 781 
 1773 0.187499 0.354162 782 783 784 785 
 1774 0.229166 0.354162 786 787 788 789 
 1775 0.229166 0.395828 790 791 792 793 
 1776 0.312499 0.812496 794 795 796 797 
 1777 0.270833 0.812497 798 799 800 801 
 1778 0.270833 0.770829 802 803 804 805 
 1779 0.312499 0.770829 806 807 808 809 
 1780 0.104166 0.395831 810 811 812 813 
 1781 0.104166 0.354164 814 815 816 817 
 1782 0.145833 0.354163 818 819 820 821 
 1783 0.145833 0.395830 822 823 824 825 
 1784 0.229166 0.687496 826 827 828 829 
 1785 0.229166 0.729163 830 831 832 833 
 1786 0.187500 0.729163 834 835 836 837 
 1787 0.187499 0.687496 838 839 840 841 
 1788 0.062500 0.270832 842 843 844 845 
 1789 0.062500 0.312499 846 847 848 849 
 1790 0.020833 0.312500 850 851 852 853 
 1791 0.020833 0.270833 854 855 856 857 
 1792 0.187500 0.812497 858 859 860 861 
 1793 0.187500 0.770830 862 863 864 865 
 1794 0.229166 0.770830 866 867 868 869 
 1795 0.229166 0.812497 870 871 872 873 
 1796 0.937500 0.687499 874 875 876 877 
 1797 0.979167 0.687500 878 879 880 881 
 1798 0.979167 0.729166 882 883 884 885 
 1799 0.937500 0.729165 886 887 888 889 
 1800 0.937500 0.979167 890 891 892 893 
 1801 0.937500 0.937500 894 895 896 897 
 1802 0.979167 0.937500 898 899 900 901 
 1803 0.979167 0.979167 902 903 904 905 
 1804 0.937500 0.770832 906 907 908 909 
 1805 0.979167 0.770833 910 911 912 913 
 1806 0.979167 0.812500 914 915 916 917 
 1807 0.937500 0.812499 918 919 920 921 
 1808 0.895833 0.854166 922 923 924 925 
 1809 0.895833 0.895833 926 927 928 929 
 1810 0.854167 0.895832 930 931 932 933 
 1811 0.854166 0.854165 934 935 936 937 
 1812 0.270833 0.479161 938 939 940 941 
 1813 0.270833 0.437494 942 943 944 945 
 1814 0.312499 0.437493 946 947 948 949 
 1815 0.312499 0.479160 950 951 952 953 
 1816 0.062500 0.229166 954 955 956 957 
 1817 0.020833 0.229166 958 959 960 961 
 1818 0.020833 0.187500 962 963 964 965 
 1819 0.062500 0.187499 966 967 968 969 
 1820 0.270833 0.312495 970 971 972 973 
 1821 0.270833 0.270829 974 975 976 977 
 1822 0.312499 0.270828 978 979 980 981 
 1823 0.312499 0.312494 982 983 984 985 
 1824 0.604166 0.187496 986 987 988 989 
 1825 0.645833 0.187496 990 991 992 993 
 1826 0.645833 0.229162 994 995 996 997 
 1827 0.604166 0.229162 998 999 1000 1001 
 1828 0.312500 0.937499 1002 1003 1004 1005 
 1829 0.312500 0.979166 1006 1007 1008 1009 
 1830 0.270833 0.979166 1010 1011 1012 1013 
 1831 0.270833 0.937499 1014 1015 1016 1017 
 1832 0.187500 0.937499 1018 1019 1020 1021 
 1833 0.229167 0.937499 1022 1023 1024 1025 
 1834 0.229167 0.979166 1026 1027 1028 1029 
 1835 0.187500 0.979166 1030 1031 1032 1033 
 1836 0.104166 0.645831 1034 1035 1036 1037 
 1837 0.104166 0.604164 1038 1039 1040 1041 
 1838 0.145833 0.604163 1042 1043 1044 1045 
 1839 0.145833 0.645830 1046 1047 1048 1049 
 1840 0.979167 0.520833 1050 1051 1052 1053 
 1841 0.979167 0.562499 1054 1055 1056 1057 
 1842 0.937500 0.562498 1058 1059 1060 1061 
 1843 0.937500 0.520832 1062 1063 1064 1065 
 1844 0.395833 0.812496 1066 1067 1068 1069 
 1845 0.354166 0.812496 1070 1071 1072 1073 
 1846 0.354166 0.770829 1074 1075 1076 1077 
 1847 0.562499 0.229161 1078 1079 1080 1081 
 1848 0.520833 0.229161 1082 1083 1084 1085 
 1849 0.520833 0.187495 1086 1087 1088 1089 
 1850 0.562499 0.187495 1090 1091 1092 1093 
 1851 0.020833 0.645833 1094 1095 1096 1097 
 1852 0.020833 0.604166 1098 1099 1100 1101 
 1853 0.062500 0.604165 1102 1103 1104 1105 
 1854 0.062500 0.645832 1106 1107 1108 1109 
 1855 0.770833 0.479161 1110 1111 1112 1113 
 1856 0.770833 0.437495 1114 1115 1116 1117 
 1857 0.812499 0.437496 1118 1119 1120 1121 
 1858 0.812499 0.479162 1122 1123 1124 1125 
 1859 0.020833 0.479166 1126 1127 1128 1129 
 1860 0.020833 0.437499 1130 1131 1132 1133 
 1861 0.062500 0.437498 1134 1135 1136 1137 
 1862 0.062500 0.479165 1138 1139 1140 1141 
 1863 0.354167 0.979166 1142 1143 1144 1145 
 1864 0.354166 0.937499 1146 1147 1148 1149 
 1865 0.395833 0.937498 1150 1151 1152 1153 
 1866 0.395833 0.979166 1154 1155 1156 1157 
 1867 0.812499 0.520829 1158 1159 1160 1161 
 1868 0.812499 0.562496 1162 1163 1164 1165 
 1869 0.770833 0.562495 1166 1167 1168 1169 
 1870 0.770833 0.520828 1170 1171 1172 1173 
 1871 0.687500 0.062499 1174 1175 1176 1177 
 1872 0.687500 0.020833 1178 1179 1180 1181 
 1873 0.729167 0.020833 1182 1183 1184 1185 
 1874 0.729166 0.062499 1186 1187 1188 1189 
 1875 0.812500 0.062499 1190 1191 1192 1193 
 1876 0.770833 0.062499 1194 1195 1196 1197 
 1877 0.770833 0.020833 1198 1199 1200 1201 
 1878 0.812500 0.020833 1202 1203 1204 1205 
 1879 0.854166 0.395830 1206 1207 1208 1209 
 1880 0.854166 0.354163 1210 1211 1212 1213 
 1881 0.895833 0.354164 1214 1215 1216 1217 
 1882 0.895833 0.395831 1218 1219 1220 1221 
 1883 0.479166 0.812496 1222 1223 1224 1225 
 1884 0.437499 0.812496 1226 1227 1228 1229 
 1885 0.145833 0.979166 1230 1231 1232 1233 
 1886 0.104167 0.979166 1234 1235 1236 1237 
 1887 0.104167 0.937499 1238 1239 1240 1241 
 1888 0.145833 0.937499 1242 1243 1244 1245 
 1889 0.270833 0.187496 1246 1247 1248 1249 
 1890 0.312499 0.187496 1250 1251 1252 1253 
 1891 0.312499 0.229162 1254 1255 1256 1257 
 1892 0.270833 0.229163 1258 1259 1260 1261 
 1893 0.812499 0.604162 1262 1263 1264 1265 
 1894 0.812499 0.645829 1266 1267 1268 1269 
 1895 0.937500 0.479165 1270 1271 1272 1273 
 1896 0.937500 0.437498 1274 1275 1276 1277 
 1897 0.979167 0.437499 1278 1279 1280 1281 
 1898 0.979167 0.479166 1282 1283 1284 1285 
 1899 0.645833 0.020833 1286 1287 1288 1289 
 1900 0.645833 0.062498 1290 1291 1292 1293 
 1901 0.604166 0.062498 1294 1295 1296 1297 
 1902 0.604167 0.020833 1298 1299 1300 1301 
 1903 0.354166 0.479160 1302 1303 1304 1305 
 1904 0.354166 0.437493 1306 1307 1308 1309 
 1905 0.854167 0.020833 1310 1311 1312 1313 
 1906 0.895833 0.020833 1314 1315 1316 1317 
 1907 0.895833 0.062499 1318 1319 1320 1321 
 1908 0.854167 0.062499 1322 1323 1324 1325 
 1909 0.520833 0.104164 1326 1327 1328 1329 
 1910 0.562500 0.104164 1330 1331 1332 1333 
 1911 0.562500 0.145830 1334 1335 1336 1337 
 1912 0.520833 0.145830 1338 1339 1340 1341 
 1913 0.062500 0.520832 1342 1343 1344 1345 
 1914 0.062500 0.562498 1346 1347 1348 1349 
 1915 0.020833 0.562499 1350 1351 1352 1353 
 1916 0.020833 0.520833 1354 1355 1356 1357 
 1917 0.437499 0.187495 1358 1359 1360 1361 
 1918 0.479166 0.187495 1362 1363 1364 1365 
 1919 0.479166 0.229161 1366 1367 1368 1369 
 1920 0.437499 0.229161 1370 1371 1372 1373 
 1921 0.645832 0.354160 1374 1375 1376 1377 
 1922 0.895833 0.187498 1378 1379 1380 1381 
 1923 0.895833 0.229165 1382 1383 1384 1385 
 1924 0.854166 0.229164 1386 1387 1388 1389 
 1925 0.854166 0.187498 1390 1391 1392 1393 
 1926 0.604166 0.270828 1394 1395 1396 1397 
 1927 0.645833 0.270828 1398 1399 1400 1401 
 1928 0.645833 0.312494 1402 1403 1404 1405 
 1929 0.604166 0.312494 1406 1407 1408 1409 
 1930 0.479166 0.312493 1410 1411 1412 1413 
 1931 0.437499 0.312493 1414 1415 1416 1417 
 1932 0.437499 0.270827 1418 1419 1420 1421 
 1933 0.479166 0.270827 1422 1423 1424 1425 
 1934 0.229166 0.645828 1426 1427 1428 1429 
 1935 0.187499 0.645829 1430 1431 1432 1433 
 1936 0.187499 0.604162 1434 1435 1436 1437 
 1937 0.229166 0.604161 1438 1439 1440 1441 
 1938 0.895833 0.437497 1442 1443 1444 1445 
 1939 0.895833 0.479164 1446 1447 1448 1449 
 1940 0.854166 0.479163 1450 1451 1452 1453 
 1941 0.854166 0.437496 1454 1455 1456 1457 
 1942 0.687499 0.270828 1458 1459 1460 1461 
 1943 0.729166 0.270829 1462 1463 1464 1465 
 1944 0.729166 0.312495 1466 1467 1468 1469 
 1945 0.687499 0.312494 1470 1471 1472 1473 
 1946 0.937500 0.104166 1474 1475 1476 1477 
 1947 0.979167 0.104166 1478 1479 1480 1481 
 1948 0.979167 0.145833 1482 1483 1484 1485 
 1949 0.937500 0.145833 1486 1487 1488 1489 
 1950 0.312499 0.729162 1490 1491 1492 1493 
 1951 0.270833 0.729162 1494 1495 1496 1497 
 1952 0.270833 0.687495 1498 1499 1500 1501 
 1953 0.312499 0.687494 1502 1503 1504 1505 
 1954 0.479166 0.895831 1506 1507 1508 1509 
 1955 0.437500 0.895831 1510 1511 1512 1513 
 1956 0.437500 0.854163 1514 1515 1516 1517 
 1957 0.479166 0.854163 1518 1519 1520 1521 
 1958 0.187499 0.562495 1522 1523 1524 1525 
 1959 0.187499 0.520829 1526 1527 1528 1529 
 1960 0.229166 0.520828 1530 1531 1532 1533 
 1961 0.229166 0.562495 1534 1535 1536 1537 
 1962 0.312499 0.520827 1538 1539 1540 1541 
 1963 0.270833 0.562494 1542 1543 1544 1545 
 1964 0.270833 0.520827 1546 1547 1548 1549 
 1965 0.854167 0.104165 1550 1551 1552 1553 
 1966 0.895833 0.104166 1554 1555 1556 1557 
 1967 0.895833 0.145832 1558 1559 1560 1561 
 1968 0.854166 0.145832 1562 1563 1564 1565 
 1969 0.354166 0.229162 1566 1567 1568 1569 
 1970 0.354166 0.187496 1570 1571 1572 1573 
 1971 0.395833 0.187496 1574 1575 1576 1577 
 1972 0.395833 0.229161 1578 1579 1580 1581 
 1973 0.520833 0.812496 1582 1583 1584 1585 
 1974 0.937500 0.270832 1586 1587 1588 1589 
 1975 0.979167 0.270833 1590 1591 1592 1593 
 1976 0.979167 0.312500 1594 1595 1596 1597 
 1977 0.937500 0.312499 1598 1599 1600 1601 
 1978 0.937500 0.395832 1602 1603 1604 1605 
 1979 0.937500 0.354165 1606 1607 1608 1609 
 1980 0.979167 0.354166 1610 1611 1612 1613 
 1981 0.979167 0.395833 1614 1615 1616 1617 
 1982 0.187500 0.062499 1618 1619 1620 1621 
 1983 0.187500 0.020833 1622 1623 1624 1625 
 1984 0.229167 0.020833 1626 1627 1628 1629 
 1985 0.229167 0.062499 1630 1631 1632 1633 
 1986 0.312500 0.062499 1634 1635 1636 1637 
 1987 0.270833 0.062499 1638 1639 1640 1641 
 1988 0.270833 0.020833 1642 1643 1644 1645 
 1989 0.312500 0.020833 1646 1647 1648 1649 
 1990 0.645833 0.937499 1650 1651 1652 1653 
 1991 0.645833 0.979166 1654 1655 1656 1657 
 1992 0.604167 0.979166 1658 1659 1660 1661 
 1993 0.604166 0.937498 1662 1663 1664 1665 
 1994 0.312500 0.145830 1666 1667 1668 1669 
 1995 0.270833 0.145830 1670 1671 1672 1673 
 1996 0.270833 0.104165 1674 1675 1676 1677 
 1997 0.312500 0.104164 1678 1679 1680 1681 
 1998 0.354166 0.145830 1682 1683 1684 1685 
 1999 0.354166 0.104164 1686 1687 1688 1689 
 2000 0.395833 0.104164 1690 1691 1692 1693 
 2001 0.395833 0.145830 1694 1695 1696 1697 
 2002 0.104166 0.562497 1698 1699 1700 1701 
 2003 0.104166 0.520831 1702 1703 1704 1705 
 2004 0.145833 0.520830 1706 1707 1708 1709 
 2005 0.145833 0.562496 1710 1711 1712 1713 
 2006 0.479166 0.145830 1714 1715 1716 1717 
 2007 0.437500 0.145830 1718 1719 1720 1721 
 2008 0.437500 0.104164 1722 1723 1724 1725 
 2009 0.479166 0.104164 1726 1727 1728 1729 
 2010 0.104167 0.062499 1730 1731 1732 1733 
 2011 0.104167 0.020833 1734 1735 1736 1737 
 2012 0.145833 0.020833 1738 1739 1740 1741 
 2013 0.145833 0.062499 1742 1743 1744 1745 
 2014 0.937500 0.229166 1746 1747 1748 1749 
 2015 0.937500 0.187499 1750 1751 1752 1753 
 2016 0.979167 0.187500 1754 1755 1756 1757 
 2017 0.979167 0.229166 1758 1759 1760 1761 
 2018 0.812500 0.937499 1762 1763 1764 1765 
 2019 0.812500 0.979166 1766 1767 1768 1769 
 2020 0.770833 0.979166 1770 1771 1772 1773 
 2021 0.770833 0.937499 1774 1775 1776 1777 
 2022 0.687500 0.937499 1778 1779 1780 1781 
 2023 0.729167 0.937499 1782 1783 1784 1785 
 2024 0.729167 0.979166 1786 1787 1788 1789 
 2025 0.687500 0.979166 1790 1791 1792 1793 
 2026 0.104166 0.729165 1794 1795 1796 1797 
 2027 0.104166 0.687498 1798 1799 1800 1801 
 2028 0.145833 0.687497 1802 1803 1804 1805 
 2029 0.145833 0.729164 1806 1807 1808 1809 
 2030 0.687500 0.854164 1810 1811 1812 1813 
 2031 0.729166 0.854164 1814 1815 1816 1817 
 2032 0.729166 0.895831 1818 1819 1820 1821 
 2033 0.687500 0.895831 1822 1823 1824 1825 
 2034 0.104166 0.770832 1826 1827 1828 1829 
 2035 0.145833 0.770831 1830 1831 1832 1833 
 2036 0.145833 0.812498 1834 1835 1836 1837 
 2037 0.104166 0.812498 1838 1839 1840 1841 
 2038 0.645833 0.854164 1842 1843 1844 1845 
 2039 0.645833 0.895831 1846 1847 1848 1849 
 2040 0.604166 0.895831 1850 1851 1852 1853 
 2041 0.604166 0.854163 1854 1855 1856 1857 
 2042 0.062500 0.687499 1858 1859 1860 1861 
 2043 0.062500 0.729165 1862 1863 1864 1865 
 2044 0.020833 0.729166 1866 1867 1868 1869 
 2045 0.020833 0.687500 1870 1871 1872 1873 
 2046 0.562500 0.979166 1874 1875 1876 1877 
 2047 0.520833 0.979166 1878 1879 1880 1881 
 2048 0.520833 0.937498 1882 1883 1884 1885 
 2049 0.562500 0.937498 1886 1887 1888 1889 
 2050 0.187500 0.104165 1890 1891 1892 1893 
 2051 0.229166 0.104165 1894 1895 1896 1897 
 2052 0.229166 0.145831 1898 1899 1900 1901 
 2053 0.187500 0.145831 1902 1903 1904 1905 
 2054 0.520833 0.854163 1906 1907 1908 1909 
 2055 0.562500 0.854163 1910 1911 1912 1913 
 2056 0.562500 0.895831 1914 1915 1916 1917 
 2057 0.520833 0.895831 1918 1919 1920 1921 
 2058 0.020833 0.770833 1922 1923 1924 1925 
 2059 0.062500 0.770832 1926 1927 1928 1929 
 2060 0.062500 0.812499 1930 1931 1932 1933 
 2061 0.020833 0.812500 1934 1935 1936 1937 
 