Grid_size  1938
vertices_size  2062
Edge_size  4982
total_DOF  6186
Face_Vertex_Edge 
0 
 226 225 222 211
 403 401 404 393 
1 
 223 226 203 222
 395 403 396 346 
2 
 215 224 223 226
 377 399 378 396 
3 
 224 216 226 225
 399 381 398 404 
4 
 231 230 227 198
 412 411 413 405 
5 
 228 231 199 227
 407 412 408 339 
6 
 211 229 228 231
 371 410 372 408 
7 
 229 213 231 230
 410 375 409 413 
8 
 225 234 211 229
 401 418 402 372 
9 
 216 232 225 234
 381 415 382 402 
10 
 232 212 234 233
 415 373 414 419 
11 
 234 233 229 213
 418 417 419 409 
12 
 237 214 238 235
 423 376 422 424 
13 
 238 235 236 202
 425 420 424 421 
14 
 232 238 212 236
 414 425 416 374 
15 
 216 237 232 238
 382 423 383 416 
16 
 249 252 214 235
 445 451 446 376 
17 
 200 250 249 252
 341 448 342 446 
18 
 250 204 252 251
 448 349 447 452 
19 
 252 251 235 202
 451 450 452 420 
20 
 224 255 216 237
 398 457 400 383 
21 
 215 253 224 255
 378 454 379 400 
22 
 253 201 255 254
 454 344 453 458 
23 
 255 254 237 214
 457 456 458 422 
24 
 250 264 204 262
 447 475 449 350 
25 
 200 263 250 264
 342 473 343 449 
26 
 282 281 278 166
 508 507 509 500 
27 
 279 282 189 278
 501 508 502 315 
28 
 208 280 279 282
 361 505 362 502 
29 
 280 191 282 281
 505 320 504 509 
30 
 203 222 284 285
 347 394 346 513 
31 
 222 211 285 228
 394 371 393 515 
32 
 285 228 283 199
 516 407 515 510 
33 
 284 285 205 283
 512 516 513 351 
34 
 289 288 286 185
 524 522 525 517 
35 
 287 289 183 286
 519 524 520 305 
36 
 205 283 287 289
 352 511 351 520 
37 
 283 199 289 288
 511 340 510 525 
38 
 303 200 304 249
 555 341 554 557 
39 
 304 249 254 214
 558 445 557 456 
40 
 302 304 201 254
 551 558 552 344 
41 
 193 328 327 330
 326 605 327 603 
42 
 328 194 330 329
 605 328 604 609 
43 
 335 339 198 338
 619 628 620 338 
44 
 210 336 335 339
 368 622 369 620 
45 
 336 195 339 337
 622 330 621 627 
46 
 339 337 338 165
 628 624 627 626 
47 
 133 357 356 358
 220 664 221 662 
48 
 357 15 358 16
 664 15 663 665 
49 
 367 370 191 281
 684 691 685 320 
50 
 411 324 408 171
 773 596 772 767 
51 
 409 411 186 408
 768 773 769 311 
52 
 280 441 191 440
 504 831 506 321 
53 
 208 439 280 441
 362 827 363 506 
54 
 439 212 441 236
 827 374 826 830 
55 
 441 236 440 202
 831 421 830 829 
56 
 461 186 462 408
 870 311 869 871 
57 
 462 408 460 171
 872 767 871 867 
58 
 336 462 195 460
 621 872 623 331 
59 
 210 461 336 462
 369 870 370 623 
60 
 183 476 475 477
 306 899 307 897 
61 
 98 498 500 501
 148 945 147 949 
62 
 498 134 501 499
 945 222 944 952 
63 
 501 499 12 11
 951 946 952 11 
64 
 500 501 13 12
 948 951 949 12 
65 
 183 286 476 507
 307 518 305 900 
66 
 286 185 507 505
 518 309 517 961 
67 
 508 511 210 461
 963 969 964 370 
68 
 209 509 508 511
 365 967 366 964 
69 
 509 169 511 510
 967 279 966 970 
70 
 511 510 461 186
 969 968 970 869 
71 
 516 409 510 186
 980 768 979 968 
72 
 490 516 169 510
 929 980 930 279 
73 
 253 522 201 315
 453 991 455 345 
74 
 215 521 253 522
 379 989 380 455 
75 
 525 524 233 213
 998 996 999 417 
76 
 439 525 212 233
 826 998 828 373 
77 
 208 523 439 525
 363 994 364 828 
78 
 523 209 525 524
 994 367 993 999 
79 
 536 537 204 251
 1021 1024 1022 349 
80 
 367 191 537 440
 686 321 684 1025 
81 
 537 440 251 202
 1024 829 1025 450 
82 
 215 223 521 540
 380 397 377 990 
83 
 223 203 540 538
 397 348 395 1030 
84 
 540 538 539 193
 1031 1026 1030 1028 
85 
 521 540 207 539
 988 1031 990 360 
86 
 284 205 547 546
 514 353 512 1046 
87 
 547 546 328 194
 1045 1043 1046 604 
88 
 538 547 193 328
 1026 1045 1027 327 
89 
 203 284 538 547
 348 514 347 1027 
90 
 523 548 209 509
 993 1048 995 366 
91 
 208 279 523 548
 364 503 361 995 
92 
 279 189 548 491
 503 316 501 1047 
93 
 548 491 509 169
 1048 931 1047 966 
94 
 287 183 553 475
 521 306 519 1057 
95 
 553 475 552 170
 1058 896 1057 1055 
96 
 546 553 194 552
 1043 1058 1044 329 
97 
 205 287 546 553
 353 521 352 1044 
98 
 209 508 524 555
 367 965 365 997 
99 
 508 210 555 335
 965 368 963 1062 
100 
 555 335 230 198
 1061 619 1062 411 
101 
 524 555 213 230
 996 1061 997 375 
102 
 199 227 288 561
 340 406 339 523 
103 
 227 198 561 338
 406 338 405 1073 
104 
 561 338 560 165
 1074 626 1073 1071 
105 
 288 561 185 560
 522 1074 523 310 
106 
 539 193 568 327
 1029 326 1028 1086 
107 
 98 500 572 573
 149 950 148 1095 
108 
 500 13 573 14
 950 13 948 1096 
109 
 573 14 357 15
 1097 14 1096 663 
110 
 572 573 133 357
 1094 1097 1095 221 
111 
 576 575 574 159
 1100 1099 1101 1098 
112 
 185 560 505 576
 309 1072 310 959 
113 
 560 165 576 575
 1072 274 1071 1101 
114 
 589 588 575 159
 1126 1125 1127 1099 
115 
 337 589 165 575
 624 1126 625 274 
116 
 195 587 337 589
 330 1123 332 625 
117 
 587 180 589 588
 1123 300 1122 1127 
118 
 611 323 610 147
 1172 595 1171 1170 
119 
 587 611 180 610
 1122 1172 1124 301 
120 
 195 460 587 611
 332 868 331 1124 
121 
 460 171 611 323
 868 282 867 1171 
122 
 221 959 958 1608
 1866 3166 1868 3168 
123 
 959 220 1608 956
 3166 1862 1869 3169 
124 
 958 1608 217 951
 1867 3167 3168 1852 
125 
 1608 956 951 140
 3167 1863 3169 1853 
126 
 218 953 952 1609
 1854 3170 1856 3172 
127 
 953 221 1609 958
 3170 1866 1857 3173 
128 
 952 1609 145 860
 1855 3171 3172 1670 
129 
 1609 958 860 217
 3171 1867 3173 1671 
130 
 125 824 823 1610
 1596 3174 1598 3176 
131 
 824 219 1610 955
 3174 1860 1599 3177 
132 
 823 1610 218 953
 1597 3175 3176 1856 
133 
 1610 955 953 221
 3175 1861 3177 1857 
134 
 219 954 955 1611
 1860 3178 1858 3180 
135 
 954 109 1611 790
 3178 1530 1859 3181 
136 
 955 1611 221 959
 1861 3179 3180 1868 
137 
 1611 790 959 220
 3179 1531 3181 1869 
138 
 243 968 967 1612
 1884 3182 1886 3184 
139 
 968 242 1612 966
 3182 1882 1887 3185 
140 
 967 1612 239 960
 1885 3183 3184 1870 
141 
 1612 966 960 145
 3183 1883 3185 1871 
142 
 240 963 962 1613
 1874 3186 1876 3188 
143 
 963 243 1613 967
 3186 1884 1877 3189 
144 
 962 1613 149 863
 1875 3187 3188 1676 
145 
 1613 967 863 239
 3187 1885 3189 1677 
146 
 173 903 902 1614
 1754 3190 1756 3192 
147 
 903 241 1614 965
 3190 1880 1757 3193 
148 
 902 1614 240 963
 1755 3191 3192 1876 
149 
 1614 965 963 243
 3191 1881 3193 1877 
150 
 241 964 965 1615
 1880 3194 1878 3196 
151 
 964 121 1615 817
 3194 1584 1879 3197 
152 
 965 1615 243 968
 1881 3195 3196 1886 
153 
 1615 817 968 242
 3195 1585 3197 1887 
154 
 248 978 977 1616
 1904 3198 1906 3200 
155 
 978 247 1616 975
 3198 1900 1907 3201 
156 
 977 1616 244 969
 1905 3199 3200 1888 
157 
 1616 975 969 148
 3199 1901 3201 1889 
158 
 245 971 970 1617
 1890 3202 1892 3204 
159 
 971 248 1617 977
 3202 1904 1893 3205 
160 
 970 1617 146 861
 1891 3203 3204 1672 
161 
 1617 977 861 244
 3203 1905 3205 1673 
162 
 123 819 818 1618
 1586 3206 1588 3208 
163 
 819 246 1618 973
 3206 1896 1589 3209 
164 
 818 1618 245 971
 1587 3207 3208 1892 
165 
 1618 973 971 248
 3207 1897 3209 1893 
166 
 246 972 973 1619
 1896 3210 1894 3212 
167 
 972 102 1619 774
 3210 1498 1895 3213 
168 
 973 1619 248 978
 1897 3211 3212 1906 
169 
 1619 774 978 247
 3211 1499 3213 1907 
170 
 256 980 979 1620
 1908 3214 1910 3216 
171 
 980 260 1620 988
 3214 1926 1911 3217 
172 
 979 1620 151 868
 1909 3215 3216 1686 
173 
 1620 988 868 259
 3215 1927 3217 1687 
174 
 150 866 865 1621
 1680 3218 1682 3220 
175 
 866 257 1621 982
 3218 1914 1683 3221 
176 
 865 1621 256 980
 1681 3219 3220 1910 
177 
 1621 982 980 260
 3219 1915 3221 1911 
178 
 257 981 982 1622
 1914 3222 1912 3224 
179 
 981 126 1622 825
 3222 1600 1913 3225 
180 
 982 1622 260 987
 1915 3223 3224 1924 
181 
 1622 825 987 258
 3223 1601 3225 1925 
182 
 260 987 988 1623
 1926 3226 1924 3228 
183 
 987 258 1623 984
 3226 1918 1925 3229 
184 
 988 1623 259 986
 1927 3227 3228 1922 
185 
 1623 984 986 100
 3227 1919 3229 1923 
186 
 263 992 993 1624
 1936 3230 1934 3232 
187 
 992 188 1624 923
 3230 1796 1935 3233 
188 
 993 1624 264 994
 1937 3231 3232 1938 
189 
 1624 923 994 261
 3231 1797 3233 1939 
190 
 264 994 995 1625
 1940 3234 1938 3236 
191 
 994 261 1625 989
 3234 1928 1939 3237 
192 
 995 1625 262 991
 1941 3235 3236 1932 
193 
 1625 989 991 184
 3235 1929 3237 1933 
194 
 267 1000 1001 1626
 1952 3238 1950 3240 
195 
 1000 218 1626 952
 3238 1854 1951 3241 
196 
 1001 1626 242 966
 1953 3239 3240 1882 
197 
 1626 952 966 145
 3239 1855 3241 1883 
198 
 265 997 996 1627
 1942 3242 1944 3244 
199 
 997 267 1627 1001
 3242 1952 1945 3245 
200 
 996 1627 121 817
 1943 3243 3244 1584 
201 
 1627 1001 817 242
 3243 1953 3245 1585 
202 
 115 807 806 1628
 1562 3246 1564 3248 
203 
 807 266 1628 999
 3246 1948 1565 3249 
204 
 806 1628 265 997
 1563 3247 3248 1944 
205 
 1628 999 997 267
 3247 1949 3249 1945 
206 
 266 998 999 1629
 1948 3250 1946 3252 
207 
 998 125 1629 823
 3250 1596 1947 3253 
208 
 999 1629 267 1000
 1949 3251 3252 1950 
209 
 1629 823 1000 218
 3251 1597 3253 1951 
210 
 272 1010 1009 1630
 1968 3254 1970 3256 
211 
 1010 271 1630 1008
 3254 1966 1971 3257 
212 
 1009 1630 268 1002
 1969 3255 3256 1954 
213 
 1630 1008 1002 158
 3255 1967 3257 1955 
214 
 269 1005 1004 1631
 1958 3258 1960 3260 
215 
 1005 272 1631 1009
 3258 1968 1961 3261 
216 
 1004 1631 120 815
 1959 3259 3260 1580 
217 
 1631 1009 815 268
 3259 1969 3261 1581 
218 
 116 809 808 1632
 1566 3262 1568 3264 
219 
 809 270 1632 1007
 3262 1964 1569 3265 
220 
 808 1632 269 1005
 1567 3263 3264 1960 
221 
 1632 1007 1005 272
 3263 1965 3265 1961 
222 
 270 1006 1007 1633
 1964 3266 1962 3268 
223 
 1006 127 1633 828
 3266 1606 1963 3269 
224 
 1007 1633 272 1010
 1965 3267 3268 1970 
225 
 1633 828 1010 271
 3267 1607 3269 1971 
226 
 273 1012 1011 1634
 1972 3270 1974 3272 
227 
 1012 277 1634 1019
 3270 1988 1975 3273 
228 
 1011 1634 167 892
 1973 3271 3272 1734 
229 
 1634 1019 892 276
 3271 1989 3273 1735 
230 
 190 928 927 1635
 1804 3274 1806 3276 
231 
 928 274 1635 1014
 3274 1978 1807 3277 
232 
 927 1635 273 1012
 1805 3275 3276 1974 
233 
 1635 1014 1012 277
 3275 1979 3277 1975 
234 
 274 1013 1014 1636
 1978 3278 1976 3280 
235 
 1013 154 1636 871
 3278 1692 1977 3281 
236 
 1014 1636 277 1018
 1979 3279 3280 1986 
237 
 1636 871 1018 275
 3279 1693 3281 1987 
238 
 277 1018 1019 1637
 1988 3282 1986 3284 
239 
 1018 275 1637 1016
 3282 1982 1987 3285 
240 
 1019 1637 276 1017
 1989 3283 3284 1984 
241 
 1637 1016 1017 153
 3283 1983 3285 1985 
242 
 290 1023 1022 1638
 1994 3286 1996 3288 
243 
 1023 293 1638 1030
 3286 2010 1997 3289 
244 
 1022 1638 63 705
 1995 3287 3288 1360 
245 
 1638 1030 705 62
 3287 2011 3289 1361 
246 
 112 799 798 1639
 1546 3290 1548 3292 
247 
 799 291 1639 1026
 3290 2002 1549 3293 
248 
 798 1639 290 1023
 1547 3291 3292 1996 
249 
 1639 1026 1023 293
 3291 2003 3293 1997 
250 
 291 1025 1026 1640
 2002 3294 2000 3296 
251 
 1025 132 1640 836
 3294 1622 2001 3297 
252 
 1026 1640 293 1031
 2003 3295 3296 2012 
253 
 1640 836 1031 292
 3295 1623 3297 2013 
254 
 293 1031 1030 1641
 2010 3298 2012 3300 
255 
 1031 292 1641 1028
 3298 2006 2013 3301 
256 
 1030 1641 62 704
 2011 3299 3300 1358 
257 
 1641 1028 704 61
 3299 2007 3301 1359 
258 
 102 775 774 1642
 1498 3302 1500 3304 
259 
 775 294 1642 1033
 3302 2016 1501 3305 
260 
 774 1642 247 976
 1499 3303 3304 1902 
261 
 1642 1033 976 297
 3303 2017 3305 1903 
262 
 294 1032 1033 1643
 2016 3306 2014 3308 
263 
 1032 138 1643 850
 3306 1650 2015 3309 
264 
 1033 1643 297 1037
 2017 3307 3308 2024 
265 
 1643 850 1037 295
 3307 1651 3309 2025 
266 
 297 1037 1038 1644
 2026 3310 2024 3312 
267 
 1037 295 1644 1035
 3310 2020 2025 3313 
268 
 1038 1644 296 1036
 2027 3311 3312 2022 
269 
 1644 1035 1036 122
 3311 2021 3313 2023 
270 
 247 976 975 1645
 1900 3314 1902 3316 
271 
 976 297 1645 1038
 3314 2026 1903 3317 
272 
 975 1645 148 862
 1901 3315 3316 1674 
273 
 1645 1038 862 296
 3315 2027 3317 1675 
274 
 298 1040 1039 1646
 2028 3318 2030 3320 
275 
 1040 301 1646 1046
 3318 2042 2031 3321 
276 
 1039 1646 110 792
 2029 3319 3320 1534 
277 
 1646 1046 792 300
 3319 2043 3321 1535 
278 
 74 718 719 1647
 1388 3322 1386 3324 
279 
 718 75 1647 721
 3322 1392 1387 3325 
280 
 719 1647 298 1040
 1389 3323 3324 2030 
281 
 1647 721 1040 301
 3323 1393 3325 2031 
282 
 75 720 721 1648
 1392 3326 1390 3328 
283 
 720 76 1648 722
 3326 1394 1391 3329 
284 
 721 1648 301 1045
 1393 3327 3328 2040 
285 
 1648 722 1045 299
 3327 1395 3329 2041 
286 
 301 1045 1046 1649
 2042 3330 2040 3332 
287 
 1045 299 1649 1042
 3330 2034 2041 3333 
288 
 1046 1649 300 1043
 2043 3331 3332 2036 
289 
 1649 1042 1043 106
 3331 2035 3333 2037 
290 
 206 945 944 1650
 1838 3334 1840 3336 
291 
 945 303 1650 1051
 3334 2052 1841 3337 
292 
 944 1650 302 1048
 1839 3335 3336 2046 
293 
 1650 1051 1048 304
 3335 2053 3337 2047 
294 
 308 1060 1059 1651
 2068 3338 2070 3340 
295 
 1060 307 1651 1058
 3338 2066 2071 3341 
296 
 1059 1651 275 1016
 2069 3339 3340 1982 
297 
 1651 1058 1016 153
 3339 2067 3341 1983 
298 
 305 1054 1053 1652
 2056 3342 2058 3344 
299 
 1054 308 1652 1059
 3342 2068 2059 3345 
300 
 1053 1652 154 871
 2057 3343 3344 1692 
301 
 1652 1059 871 275
 3343 2069 3345 1693 
302 
 111 796 795 1653
 1540 3346 1542 3348 
303 
 796 306 1653 1057
 3346 2064 1543 3349 
304 
 795 1653 305 1054
 1541 3347 3348 2058 
305 
 1653 1057 1054 308
 3347 2065 3349 2059 
306 
 306 1056 1057 1654
 2064 3350 2062 3352 
307 
 1056 131 1654 835
 3350 1620 2063 3353 
308 
 1057 1654 308 1060
 2065 3351 3352 2070 
309 
 1654 835 1060 307
 3351 1621 3353 2071 
310 
 312 1068 1069 1655
 2088 3354 2086 3356 
311 
 1068 245 1655 970
 3354 1890 2087 3357 
312 
 1069 1655 309 1061
 2089 3355 3356 2072 
313 
 1655 970 1061 146
 3355 1891 3357 2073 
314 
 310 1063 1062 1656
 2074 3358 2076 3360 
315 
 1063 312 1656 1069
 3358 2088 2077 3361 
316 
 1062 1656 174 904
 2075 3359 3360 1758 
317 
 1656 1069 904 309
 3359 2089 3361 1759 
318 
 112 801 800 1657
 1550 3362 1552 3364 
319 
 801 311 1657 1066
 3362 2082 1553 3365 
320 
 800 1657 310 1063
 1551 3363 3364 2076 
321 
 1657 1066 1063 312
 3363 2083 3365 2077 
322 
 311 1065 1066 1658
 2082 3366 2080 3368 
323 
 1065 123 1658 818
 3366 1586 2081 3369 
324 
 1066 1658 312 1068
 2083 3367 3368 2086 
325 
 1658 818 1068 245
 3367 1587 3369 2087 
326 
 316 1077 1076 1659
 2102 3370 2104 3372 
327 
 1077 315 1659 1075
 3370 2100 2105 3373 
328 
 1076 1659 313 1070
 2103 3371 3372 2090 
329 
 1659 1075 1070 187
 3371 2101 3373 2091 
330 
 314 1073 1072 1660
 2094 3374 2096 3376 
331 
 1073 316 1660 1076
 3374 2102 2097 3377 
332 
 1072 1660 196 936
 2095 3375 3376 1822 
333 
 1660 1076 936 313
 3375 2103 3377 1823 
334 
 206 944 946 1661
 1842 3378 1838 3380 
335 
 944 302 1661 1049
 3378 2048 1839 3381 
336 
 946 1661 314 1073
 1843 3379 3380 2096 
337 
 1661 1049 1073 316
 3379 2049 3381 2097 
338 
 302 1047 1049 1662
 2048 3382 2044 3384 
339 
 1047 201 1662 942
 3382 1834 2045 3385 
340 
 1049 1662 316 1077
 2049 3383 3384 2104 
341 
 1662 942 1077 315
 3383 1835 3385 2105 
342 
 320 1083 1084 1663
 2118 3386 2116 3388 
343 
 1083 177 1663 910
 3386 1770 2117 3389 
344 
 1084 1663 321 1086
 2119 3387 3388 2122 
345 
 1663 910 1086 317
 3387 1771 3389 2123 
346 
 321 1086 1087 1664
 2124 3390 2122 3392 
347 
 1086 317 1664 1078
 3390 2106 2123 3393 
348 
 1087 1664 318 1079
 2125 3391 3392 2108 
349 
 1664 1078 1079 181
 3391 2107 3393 2109 
350 
 319 1082 1081 1665
 2112 3394 2114 3396 
351 
 1082 321 1665 1087
 3394 2124 2115 3397 
352 
 1081 1665 162 885
 2113 3395 3396 1720 
353 
 1665 1087 885 318
 3395 2125 3397 1721 
354 
 161 883 882 1666
 1714 3398 1716 3400 
355 
 883 320 1666 1084
 3398 2118 1717 3401 
356 
 882 1666 319 1082
 1715 3399 3400 2114 
357 
 1666 1084 1082 321
 3399 2119 3401 2115 
358 
 120 815 816 1667
 1582 3402 1580 3404 
359 
 815 268 1667 1003
 3402 1956 1581 3405 
360 
 816 1667 324 1091
 1583 3403 3404 2132 
361 
 1667 1003 1091 325
 3403 1957 3405 2133 
362 
 268 1002 1003 1668
 1956 3406 1954 3408 
363 
 1002 158 1668 880
 3406 1710 1955 3409 
364 
 1003 1668 325 1092
 1957 3407 3408 2134 
365 
 1668 880 1092 322
 3407 1711 3409 2135 
366 
 325 1092 1093 1669
 2136 3410 2134 3412 
367 
 1092 322 1669 1088
 3410 2126 2135 3413 
368 
 1093 1669 323 1089
 2137 3411 3412 2128 
369 
 1669 1088 1089 147
 3411 2127 3413 2129 
370 
 324 1091 1090 1670
 2130 3414 2132 3416 
371 
 1091 325 1670 1093
 3414 2136 2133 3417 
372 
 1090 1670 171 898
 2131 3415 3416 1746 
373 
 1670 1093 898 323
 3415 2137 3417 1747 
374 
 330 1101 1100 1671
 2150 3418 2152 3420 
375 
 1101 329 1671 1098
 3418 2146 2153 3421 
376 
 1100 1671 326 1094
 2151 3419 3420 2138 
377 
 1671 1098 1094 178
 3419 2147 3421 2139 
378 
 327 1097 1096 1672
 2142 3422 2144 3424 
379 
 1097 330 1672 1100
 3422 2150 2145 3425 
380 
 1096 1672 163 887
 2143 3423 3424 1724 
381 
 1672 1100 887 326
 3423 2151 3425 1725 
382 
 206 946 947 1673
 1844 3426 1842 3428 
383 
 946 314 1673 1074
 3426 2098 1843 3429 
384 
 947 1673 333 1107
 1845 3427 3428 2164 
385 
 1673 1074 1107 334
 3427 2099 3429 2165 
386 
 314 1072 1074 1674
 2098 3430 2094 3432 
387 
 1072 196 1674 937
 3430 1824 2095 3433 
388 
 1074 1674 334 1109
 2099 3431 3432 2168 
389 
 1674 937 1109 331
 3431 1825 3433 2169 
390 
 334 1109 1110 1675
 2170 3434 2168 3436 
391 
 1109 331 1675 1102
 3434 2154 2169 3437 
392 
 1110 1675 332 1104
 2171 3435 3436 2158 
393 
 1675 1102 1104 197
 3435 2155 3437 2159 
394 
 333 1107 1106 1676
 2162 3438 2164 3440 
395 
 1107 334 1676 1110
 3438 2170 2165 3441 
396 
 1106 1676 164 889
 2163 3439 3440 1728 
397 
 1676 1110 889 332
 3439 2171 3441 1729 
398 
 344 1121 1120 1677
 2190 3442 2192 3444 
399 
 1121 343 1677 1118
 3442 2186 2193 3445 
400 
 1120 1677 340 1111
 2191 3443 3444 2172 
401 
 1677 1118 1111 152
 3443 2187 3445 2173 
402 
 341 1114 1113 1678
 2176 3446 2178 3448 
403 
 1114 344 1678 1120
 3446 2190 2179 3449 
404 
 1113 1678 176 907
 2177 3447 3448 1764 
405 
 1678 1120 907 340
 3447 2191 3449 1765 
406 
 97 765 764 1679
 1478 3450 1480 3452 
407 
 765 342 1679 1117
 3450 2184 1481 3453 
408 
 764 1679 341 1114
 1479 3451 3452 2178 
409 
 1679 1117 1114 344
 3451 2185 3453 2179 
410 
 342 1116 1117 1680
 2184 3454 2182 3456 
411 
 1116 129 1680 832
 3454 1614 2183 3457 
412 
 1117 1680 344 1121
 2185 3455 3456 2192 
413 
 1680 832 1121 343
 3455 1615 3457 2193 
414 
 347 1125 1126 1681
 2202 3458 2200 3460 
415 
 1125 108 1681 787
 3458 1524 2201 3461 
416 
 1126 1681 348 1128
 2203 3459 3460 2206 
417 
 1681 787 1128 345
 3459 1525 3461 2207 
418 
 348 1128 1129 1682
 2208 3462 2206 3464 
419 
 1128 345 1682 1122
 3462 2194 2207 3465 
420 
 1129 1682 346 1124
 2209 3463 3464 2198 
421 
 1682 1122 1124 127
 3463 2195 3465 2199 
422 
 47 687 686 1683
 1322 3466 1324 3468 
423 
 687 348 1683 1129
 3466 2208 1325 3469 
424 
 686 1683 46 685
 1323 3467 3468 1320 
425 
 1683 1129 685 346
 3467 2209 3469 1321 
426 
 48 690 688 1684
 1326 3470 1330 3472 
427 
 690 347 1684 1126
 3470 2202 1331 3473 
428 
 688 1684 47 687
 1327 3471 3472 1324 
429 
 1684 1126 687 348
 3471 2203 3473 1325 
430 
 351 1135 1134 1685
 2218 3474 2220 3476 
431 
 1135 350 1685 1132
 3474 2214 2221 3477 
432 
 1134 1685 219 954
 2219 3475 3476 1858 
433 
 1685 1132 954 109
 3475 2215 3477 1859 
434 
 349 1131 1130 1686
 2210 3478 2212 3480 
435 
 1131 351 1686 1134
 3478 2218 2213 3481 
436 
 1130 1686 125 824
 2211 3479 3480 1598 
437 
 1686 1134 824 219
 3479 2219 3481 1599 
438 
 92 754 755 1687
 1460 3482 1458 3484 
439 
 754 93 1687 757
 3482 1464 1459 3485 
440 
 755 1687 349 1131
 1461 3483 3484 2212 
441 
 1687 757 1131 351
 3483 1465 3485 2213 
442 
 93 756 757 1688
 1464 3486 1462 3488 
443 
 756 94 1688 759
 3486 1468 1463 3489 
444 
 757 1688 351 1135
 1465 3487 3488 2220 
445 
 1688 759 1135 350
 3487 1469 3489 2221 
446 
 300 1043 1044 1689
 2038 3490 2036 3492 
447 
 1043 106 1689 784
 3490 1518 2037 3493 
448 
 1044 1689 354 1141
 2039 3491 3492 2232 
449 
 1689 784 1141 352
 3491 1519 3493 2233 
450 
 354 1141 1140 1690
 2230 3494 2232 3496 
451 
 1141 352 1690 1136
 3494 2222 2233 3497 
452 
 1140 1690 295 1035
 2231 3495 3496 2020 
453 
 1690 1136 1035 122
 3495 2223 3497 2021 
454 
 353 1138 1137 1691
 2224 3498 2226 3500 
455 
 1138 354 1691 1140
 3498 2230 2227 3501 
456 
 1137 1691 138 850
 2225 3499 3500 1650 
457 
 1691 1140 850 295
 3499 2231 3501 1651 
458 
 110 792 793 1692
 1536 3502 1534 3504 
459 
 792 300 1692 1044
 3502 2038 1535 3505 
460 
 793 1692 353 1138
 1537 3503 3504 2226 
461 
 1692 1044 1138 354
 3503 2039 3505 2227 
462 
 358 1145 1146 1693
 2242 3506 2240 3508 
463 
 1145 16 1693 636
 3506 1222 2241 3509 
464 
 1146 1693 355 1142
 2243 3507 3508 2234 
465 
 1693 636 1142 17
 3507 1223 3509 2235 
466 
 356 1144 1143 1694
 2236 3510 2238 3512 
467 
 1144 358 1694 1146
 3510 2242 2239 3513 
468 
 1143 1694 114 805
 2237 3511 3512 1560 
469 
 1694 1146 805 355
 3511 2243 3513 1561 
470 
 362 1154 1155 1695
 2260 3514 2258 3516 
471 
 1154 52 1695 695
 3514 1340 2259 3517 
472 
 1155 1695 359 1147
 2261 3515 3516 2244 
473 
 1695 695 1147 53
 3515 1341 3517 2245 
474 
 360 1150 1149 1696
 2248 3518 2250 3520 
475 
 1150 362 1696 1155
 3518 2260 2251 3521 
476 
 1149 1696 128 829
 2249 3519 3520 1608 
477 
 1696 1155 829 359
 3519 2261 3521 1609 
478 
 108 789 788 1697
 1526 3522 1528 3524 
479 
 789 361 1697 1153
 3522 2256 1529 3525 
480 
 788 1697 360 1150
 1527 3523 3524 2250 
481 
 1697 1153 1150 362
 3523 2257 3525 2251 
482 
 361 1152 1153 1698
 2256 3526 2254 3528 
483 
 1152 51 1698 694
 3526 1338 2255 3529 
484 
 1153 1698 362 1154
 2257 3527 3528 2258 
485 
 1698 694 1154 52
 3527 1339 3529 2259 
486 
 365 1159 1160 1699
 2270 3530 2268 3532 
487 
 1159 103 1699 777
 3530 1504 2269 3533 
488 
 1160 1699 366 1162
 2271 3531 3532 2274 
489 
 1699 777 1162 363
 3531 1505 3533 2275 
490 
 366 1162 1163 1700
 2276 3534 2274 3536 
491 
 1162 363 1700 1156
 3534 2262 2275 3537 
492 
 1163 1700 364 1158
 2277 3535 3536 2266 
493 
 1700 1156 1158 131
 3535 2263 3537 2267 
494 
 87 744 743 1701
 1436 3538 1438 3540 
495 
 744 366 1701 1163
 3538 2276 1439 3541 
496 
 743 1701 86 742
 1437 3539 3540 1434 
497 
 1701 1163 742 364
 3539 2277 3541 1435 
498 
 88 747 745 1702
 1440 3542 1444 3544 
499 
 747 365 1702 1160
 3542 2270 1445 3545 
500 
 745 1702 87 744
 1441 3543 3544 1438 
501 
 1702 1160 744 366
 3543 2271 3545 1439 
502 
 192 931 930 1703
 1810 3546 1812 3548 
503 
 931 368 1703 1167
 3546 2284 1813 3549 
504 
 930 1703 367 1164
 1811 3547 3548 2278 
505 
 1703 1167 1164 370
 3547 2285 3549 2279 
506 
 368 1166 1167 1704
 2284 3550 2282 3552 
507 
 1166 177 1704 911
 3550 1772 2283 3553 
508 
 1167 1704 370 1171
 2285 3551 3552 2292 
509 
 1704 911 1171 369
 3551 1773 3553 2293 
510 
 370 1171 1170 1705
 2290 3554 2292 3556 
511 
 1171 369 1705 1169
 3554 2288 2293 3557 
512 
 1170 1705 281 1021
 2291 3555 3556 1992 
513 
 1705 1169 1021 166
 3555 2289 3557 1993 
514 
 373 1175 1176 1706
 2302 3558 2300 3560 
515 
 1175 150 1706 865
 3558 1680 2301 3561 
516 
 1176 1706 374 1178
 2303 3559 3560 2306 
517 
 1706 865 1178 256
 3559 1681 3561 2307 
518 
 374 1178 1179 1707
 2308 3562 2306 3564 
519 
 1178 256 1707 979
 3562 1908 2307 3565 
520 
 1179 1707 371 1172
 2309 3563 3564 2294 
521 
 1707 979 1172 151
 3563 1909 3565 2295 
522 
 372 1174 1173 1708
 2296 3566 2298 3568 
523 
 1174 374 1708 1179
 3566 2308 2299 3569 
524 
 1173 1708 181 918
 2297 3567 3568 1786 
525 
 1708 1179 918 371
 3567 2309 3569 1787 
526 
 168 894 893 1709
 1736 3570 1738 3572 
527 
 894 373 1709 1176
 3570 2302 1739 3573 
528 
 893 1709 372 1174
 1737 3571 3572 2298 
529 
 1709 1176 1174 374
 3571 2303 3573 2299 
530 
 196 936 938 1710
 1826 3574 1822 3576 
531 
 936 313 1710 1071
 3574 2092 1823 3577 
532 
 938 1710 377 1184
 1827 3575 3576 2318 
533 
 1710 1071 1184 378
 3575 2093 3577 2319 
534 
 313 1070 1071 1711
 2092 3578 2090 3580 
535 
 1070 187 1711 922
 3578 1794 2091 3581 
536 
 1071 1711 378 1186
 2093 3579 3580 2322 
537 
 1711 922 1186 375
 3579 1795 3581 2323 
538 
 378 1186 1187 1712
 2324 3582 2322 3584 
539 
 1186 375 1712 1180
 3582 2310 2323 3585 
540 
 1187 1712 376 1181
 2325 3583 3584 2312 
541 
 1712 1180 1181 167
 3583 2311 3585 2313 
542 
 377 1184 1183 1713
 2316 3586 2318 3588 
543 
 1184 378 1713 1187
 3586 2324 2319 3589 
544 
 1183 1713 172 899
 2317 3587 3588 1748 
545 
 1713 1187 899 376
 3587 2325 3589 1749 
546 
 129 833 832 1714
 1614 3590 1616 3592 
547 
 833 379 1714 1189
 3590 2328 1617 3593 
548 
 832 1714 343 1119
 1615 3591 3592 2188 
549 
 1714 1189 1119 382
 3591 2329 3593 2189 
550 
 379 1188 1189 1715
 2328 3594 2326 3596 
551 
 1188 101 1715 772
 3594 1494 2327 3597 
552 
 1189 1715 382 1194
 2329 3595 3596 2338 
553 
 1715 772 1194 380
 3595 1495 3597 2339 
554 
 382 1194 1195 1716
 2340 3598 2338 3600 
555 
 1194 380 1716 1190
 3598 2330 2339 3601 
556 
 1195 1716 381 1192
 2341 3599 3600 2334 
557 
 1716 1190 1192 155
 3599 2331 3601 2335 
558 
 343 1119 1118 1717
 2186 3602 2188 3604 
559 
 1119 382 1717 1195
 3602 2340 2189 3605 
560 
 1118 1717 152 869
 2187 3603 3604 1688 
561 
 1717 1195 869 381
 3603 2341 3605 1689 
562 
 150 867 866 1718
 1682 3606 1684 3608 
563 
 867 383 1718 1197
 3606 2344 1685 3609 
564 
 866 1718 257 983
 1683 3607 3608 1916 
565 
 1718 1197 983 386
 3607 2345 3609 1917 
566 
 383 1196 1197 1719
 2344 3610 2342 3612 
567 
 1196 175 1719 906
 3610 1762 2343 3613 
568 
 1197 1719 386 1201
 2345 3611 3612 2352 
569 
 1719 906 1201 384
 3611 1763 3613 2353 
570 
 386 1201 1202 1720
 2354 3614 2352 3616 
571 
 1201 384 1720 1198
 3614 2346 2353 3617 
572 
 1202 1720 385 1199
 2355 3615 3616 2348 
573 
 1720 1198 1199 114
 3615 2347 3617 2349 
574 
 257 983 981 1721
 1912 3618 1916 3620 
575 
 983 386 1721 1202
 3618 2354 1917 3621 
576 
 981 1721 126 826
 1913 3619 3620 1602 
577 
 1721 1202 826 385
 3619 2355 3621 1603 
578 
 94 758 759 1722
 1468 3622 1466 3624 
579 
 758 95 1722 761
 3622 1472 1467 3625 
580 
 759 1722 350 1133
 1469 3623 3624 2216 
581 
 1722 761 1133 388
 3623 1473 3625 2217 
582 
 95 760 761 1723
 1472 3626 1470 3628 
583 
 760 0 1723 625
 3626 1200 1471 3629 
584 
 761 1723 388 1205
 1473 3627 3628 2360 
585 
 1723 625 1205 4
 3627 1201 3629 2361 
586 
 388 1205 1206 1724
 2362 3630 2360 3632 
587 
 1205 4 1724 629
 3630 1208 2361 3633 
588 
 1206 1724 387 1203
 2363 3631 3632 2356 
589 
 1724 629 1203 5
 3631 1209 3633 2357 
590 
 350 1133 1132 1725
 2214 3634 2216 3636 
591 
 1133 388 1725 1206
 3634 2362 2217 3637 
592 
 1132 1725 109 791
 2215 3635 3636 1532 
593 
 1725 1206 791 387
 3635 2363 3637 1533 
594 
 391 1212 1211 1726
 2372 3638 2374 3640 
595 
 1212 390 1726 1209
 3638 2368 2375 3641 
596 
 1211 1726 379 1188
 2373 3639 3640 2326 
597 
 1726 1209 1188 101
 3639 2369 3641 2327 
598 
 389 1208 1207 1727
 2364 3642 2366 3644 
599 
 1208 391 1727 1211
 3642 2372 2367 3645 
600 
 1207 1727 129 833
 2365 3643 3644 1616 
601 
 1727 1211 833 379
 3643 2373 3645 1617 
602 
 40 673 674 1728
 1298 3646 1296 3648 
603 
 673 41 1728 676
 3646 1302 1297 3649 
604 
 674 1728 389 1208
 1299 3647 3648 2366 
605 
 1728 676 1208 391
 3647 1303 3649 2367 
606 
 41 675 676 1729
 1302 3650 1300 3652 
607 
 675 42 1729 678
 3650 1306 1301 3653 
608 
 676 1729 391 1212
 1303 3651 3652 2374 
609 
 1729 678 1212 390
 3651 1307 3653 2375 
610 
 395 1219 1220 1730
 2390 3654 2388 3656 
611 
 1219 259 1730 986
 3654 1922 2389 3657 
612 
 1220 1730 392 1213
 2391 3655 3656 2376 
613 
 1730 986 1213 100
 3655 1923 3657 2377 
614 
 393 1216 1215 1731
 2380 3658 2382 3660 
615 
 1216 395 1731 1220
 3658 2390 2383 3661 
616 
 1215 1731 139 852
 2381 3659 3660 1654 
617 
 1731 1220 852 392
 3659 2391 3661 1655 
618 
 124 822 821 1732
 1592 3662 1594 3664 
619 
 822 394 1732 1218
 3662 2386 1595 3665 
620 
 821 1732 393 1216
 1593 3663 3664 2382 
621 
 1732 1218 1216 395
 3663 2387 3665 2383 
622 
 394 1217 1218 1733
 2386 3666 2384 3668 
623 
 1217 151 1733 868
 3666 1686 2385 3669 
624 
 1218 1733 395 1219
 2387 3667 3668 2388 
625 
 1733 868 1219 259
 3667 1687 3669 2389 
626 
 398 1225 1226 1734
 2402 3670 2400 3672 
627 
 1225 161 1734 882
 3670 1714 2401 3673 
628 
 1226 1734 399 1228
 2403 3671 3672 2406 
629 
 1734 882 1228 319
 3671 1715 3673 2407 
630 
 399 1228 1229 1735
 2408 3674 2406 3676 
631 
 1228 319 1735 1081
 3674 2112 2407 3677 
632 
 1229 1735 396 1221
 2409 3675 3676 2392 
633 
 1735 1081 1221 162
 3675 2113 3677 2393 
634 
 397 1224 1223 1736
 2396 3678 2398 3680 
635 
 1224 399 1736 1229
 3678 2408 2399 3681 
636 
 1223 1736 136 844
 2397 3679 3680 1638 
637 
 1736 1229 844 396
 3679 2409 3681 1639 
638 
 113 803 802 1737
 1554 3682 1556 3684 
639 
 803 398 1737 1226
 3682 2402 1557 3685 
640 
 802 1737 397 1224
 1555 3683 3684 2398 
641 
 1737 1226 1224 399
 3683 2403 3685 2399 
642 
 402 1233 1234 1738
 2418 3686 2416 3688 
643 
 1233 104 1738 780
 3686 1510 2417 3689 
644 
 1234 1738 403 1237
 2419 3687 3688 2424 
645 
 1738 780 1237 400
 3687 1511 3689 2425 
646 
 403 1237 1236 1739
 2422 3690 2424 3692 
647 
 1237 400 1739 1230
 3690 2410 2425 3693 
648 
 1236 1739 322 1088
 2423 3691 3692 2126 
649 
 1739 1230 1088 147
 3691 2411 3693 2127 
650 
 401 1232 1231 1740
 2412 3694 2414 3696 
651 
 1232 403 1740 1236
 3694 2422 2415 3697 
652 
 1231 1740 158 880
 2413 3695 3696 1710 
653 
 1740 1236 880 322
 3695 2423 3697 1711 
654 
 128 831 830 1741
 1610 3698 1612 3700 
655 
 831 402 1741 1234
 3698 2418 1613 3701 
656 
 830 1741 401 1232
 1611 3699 3700 2414 
657 
 1741 1234 1232 403
 3699 2419 3701 2415 
658 
 404 1239 1238 1742
 2426 3702 2428 3704 
659 
 1239 407 1742 1244
 3702 2438 2429 3705 
660 
 1238 1742 173 903
 2427 3703 3704 1756 
661 
 1742 1244 903 241
 3703 2439 3705 1757 
662 
 172 901 900 1743
 1750 3706 1752 3708 
663 
 901 405 1743 1241
 3706 2432 1753 3709 
664 
 900 1743 404 1239
 1751 3707 3708 2428 
665 
 1743 1241 1239 407
 3707 2433 3709 2429 
666 
 405 1240 1241 1744
 2432 3710 2430 3712 
667 
 1240 156 1744 875
 3710 1700 2431 3713 
668 
 1241 1744 407 1245
 2433 3711 3712 2440 
669 
 1744 875 1245 406
 3711 1701 3713 2441 
670 
 407 1245 1244 1745
 2438 3714 2440 3716 
671 
 1245 406 1745 1243
 3714 2436 2441 3717 
672 
 1244 1745 241 964
 2439 3715 3716 1878 
673 
 1745 1243 964 121
 3715 2437 3717 1879 
674 
 155 874 873 1746
 1696 3718 1698 3720 
675 
 874 410 1746 1248
 3718 2446 1699 3721 
676 
 873 1746 409 1246
 1697 3719 3720 2442 
677 
 1746 1248 1246 411
 3719 2447 3721 2443 
678 
 410 1247 1248 1747
 2446 3722 2444 3724 
679 
 1247 120 1747 816
 3722 1582 2445 3725 
680 
 1248 1747 411 1249
 2447 3723 3724 2448 
681 
 1747 816 1249 324
 3723 1583 3725 2449 
682 
 414 1255 1254 1748
 2458 3726 2460 3728 
683 
 1255 413 1748 1252
 3726 2454 2461 3729 
684 
 1254 1748 26 645
 2459 3727 3728 1240 
685 
 1748 1252 645 25
 3727 2455 3729 1241 
686 
 27 647 646 1749
 1242 3730 1244 3732 
687 
 647 414 1749 1254
 3730 2458 1245 3733 
688 
 646 1749 1 626
 1243 3731 3732 1202 
689 
 1749 1254 626 26
 3731 2459 3733 1203 
690 
 28 649 648 1750
 1246 3734 1248 3736 
691 
 649 412 1750 1251
 3734 2452 1249 3737 
692 
 648 1750 27 647
 1247 3735 3736 1244 
693 
 1750 1251 647 414
 3735 2453 3737 1245 
694 
 412 1250 1251 1751
 2452 3738 2450 3740 
695 
 1250 118 1751 812
 3738 1574 2451 3741 
696 
 1251 1751 414 1255
 2453 3739 3740 2460 
697 
 1751 812 1255 413
 3739 1575 3741 2461 
698 
 74 719 717 1752
 1384 3742 1388 3744 
699 
 719 298 1752 1041
 3742 2032 1389 3745 
700 
 717 1752 73 716
 1385 3743 3744 1382 
701 
 1752 1041 716 416
 3743 2033 3745 1383 
702 
 298 1039 1041 1753
 2032 3746 2028 3748 
703 
 1039 110 1753 794
 3746 1538 2029 3749 
704 
 1041 1753 416 1259
 2033 3747 3748 2468 
705 
 1753 794 1259 415
 3747 1539 3749 2469 
706 
 416 1259 1258 1754
 2466 3750 2468 3752 
707 
 1259 415 1754 1256
 3750 2462 2469 3753 
708 
 1258 1754 72 714
 2467 3751 3752 1378 
709 
 1754 1256 714 71
 3751 2463 3753 1379 
710 
 73 716 715 1755
 1380 3754 1382 3756 
711 
 716 416 1755 1258
 3754 2466 1383 3757 
712 
 715 1755 2 627
 1381 3755 3756 1204 
713 
 1755 1258 627 72
 3755 2467 3757 1205 
714 
 417 1260 1261 1756
 2472 3758 2470 3760 
715 
 1260 116 1756 808
 3758 1566 2471 3761 
716 
 1261 1756 418 1262
 2473 3759 3760 2474 
717 
 1756 808 1262 269
 3759 1567 3761 2475 
718 
 418 1262 1263 1757
 2476 3762 2474 3764 
719 
 1262 269 1757 1004
 3762 1958 2475 3765 
720 
 1263 1757 410 1247
 2477 3763 3764 2444 
721 
 1757 1004 1247 120
 3763 1959 3765 2445 
722 
 380 1191 1190 1758
 2330 3766 2332 3768 
723 
 1191 418 1758 1263
 3766 2476 2333 3769 
724 
 1190 1758 155 874
 2331 3767 3768 1698 
725 
 1758 1263 874 410
 3767 2477 3769 1699 
726 
 101 773 772 1759
 1494 3770 1496 3772 
727 
 773 417 1759 1261
 3770 2472 1497 3773 
728 
 772 1759 380 1191
 1495 3771 3772 2332 
729 
 1759 1261 1191 418
 3771 2473 3773 2333 
730 
 318 1079 1080 1760
 2110 3774 2108 3776 
731 
 1079 181 1760 918
 3774 1786 2109 3777 
732 
 1080 1760 420 1266
 2111 3775 3776 2482 
733 
 1760 918 1266 371
 3775 1787 3777 2483 
734 
 420 1266 1267 1761
 2484 3778 2482 3780 
735 
 1266 371 1761 1172
 3778 2294 2483 3781 
736 
 1267 1761 394 1217
 2485 3779 3780 2384 
737 
 1761 1172 1217 151
 3779 2295 3781 2385 
738 
 419 1265 1264 1762
 2478 3782 2480 3784 
739 
 1265 420 1762 1267
 3782 2484 2481 3785 
740 
 1264 1762 124 822
 2479 3783 3784 1594 
741 
 1762 1267 822 394
 3783 2485 3785 1595 
742 
 162 885 886 1763
 1722 3786 1720 3788 
743 
 885 318 1763 1080
 3786 2110 1721 3789 
744 
 886 1763 419 1265
 1723 3787 3788 2480 
745 
 1763 1080 1265 420
 3787 2111 3789 2481 
746 
 423 1272 1271 1764
 2492 3790 2494 3792 
747 
 1272 422 1764 1270
 3790 2490 2495 3793 
748 
 1271 1764 369 1169
 2493 3791 3792 2288 
749 
 1764 1270 1169 166
 3791 2491 3793 2289 
750 
 320 1085 1083 1765
 2116 3794 2120 3796 
751 
 1085 423 1765 1271
 3794 2492 2121 3797 
752 
 1083 1765 177 911
 2117 3795 3796 1772 
753 
 1765 1271 911 369
 3795 2493 3797 1773 
754 
 161 884 883 1766
 1716 3798 1718 3800 
755 
 884 421 1766 1269
 3798 2488 1719 3801 
756 
 883 1766 320 1085
 1717 3799 3800 2120 
757 
 1766 1269 1085 423
 3799 2489 3801 2121 
758 
 421 1268 1269 1767
 2488 3802 2486 3804 
759 
 1268 142 1767 857
 3802 1664 2487 3805 
760 
 1269 1767 423 1272
 2489 3803 3804 2494 
761 
 1767 857 1272 422
 3803 1665 3805 2495 
762 
 425 1276 1277 1768
 2504 3806 2502 3808 
763 
 1276 115 1768 806
 3806 1562 2503 3809 
764 
 1277 1768 426 1278
 2505 3807 3808 2506 
765 
 1768 806 1278 265
 3807 1563 3809 2507 
766 
 426 1278 1279 1769
 2508 3810 2506 3812 
767 
 1278 265 1769 996
 3810 1942 2507 3813 
768 
 1279 1769 406 1243
 2509 3811 3812 2436 
769 
 1769 996 1243 121
 3811 1943 3813 2437 
770 
 424 1274 1273 1770
 2496 3814 2498 3816 
771 
 1274 426 1770 1279
 3814 2508 2499 3817 
772 
 1273 1770 156 875
 2497 3815 3816 1700 
773 
 1770 1279 875 406
 3815 2509 3817 1701 
774 
 103 779 778 1771
 1506 3818 1508 3820 
775 
 779 425 1771 1277
 3818 2504 1509 3821 
776 
 778 1771 424 1274
 1507 3819 3820 2498 
777 
 1771 1277 1274 426
 3819 2505 3821 2499 
778 
 428 1281 1282 1772
 2514 3822 2512 3824 
779 
 1281 276 1772 1017
 3822 1984 2513 3825 
780 
 1282 1772 427 1280
 2515 3823 3824 2510 
781 
 1772 1017 1280 153
 3823 1985 3825 2511 
782 
 405 1242 1240 1773
 2430 3826 2434 3828 
783 
 1242 428 1773 1282
 3826 2514 2435 3829 
784 
 1240 1773 156 876
 2431 3827 3828 1702 
785 
 1773 1282 876 427
 3827 2515 3829 1703 
786 
 172 899 901 1774
 1752 3830 1748 3832 
787 
 899 376 1774 1182
 3830 2314 1749 3833 
788 
 901 1774 405 1242
 1753 3831 3832 2434 
789 
 1774 1182 1242 428
 3831 2315 3833 2435 
790 
 376 1181 1182 1775
 2314 3834 2312 3836 
791 
 1181 167 1775 892
 3834 1734 2313 3837 
792 
 1182 1775 428 1281
 2315 3835 3836 2512 
793 
 1775 892 1281 276
 3835 1735 3837 2513 
794 
 431 1287 1288 1776
 2526 3838 2524 3840 
795 
 1287 146 1776 861
 3838 1672 2525 3841 
796 
 1288 1776 432 1289
 2527 3839 3840 2528 
797 
 1776 861 1289 244
 3839 1673 3841 2529 
798 
 432 1289 1290 1777
 2530 3842 2528 3844 
799 
 1289 244 1777 969
 3842 1888 2529 3845 
800 
 1290 1777 429 1283
 2531 3843 3844 2516 
801 
 1777 969 1283 148
 3843 1889 3845 2517 
802 
 430 1286 1285 1778
 2520 3846 2522 3848 
803 
 1286 432 1778 1290
 3846 2530 2523 3849 
804 
 1285 1778 182 919
 2521 3847 3848 1788 
805 
 1778 1290 919 429
 3847 2531 3849 1789 
806 
 170 897 896 1779
 1742 3850 1744 3852 
807 
 897 431 1779 1288
 3850 2526 1745 3853 
808 
 896 1779 430 1286
 1743 3851 3852 2522 
809 
 1779 1288 1286 432
 3851 2527 3853 2523 
810 
 363 1157 1156 1780
 2262 3854 2264 3856 
811 
 1157 433 1780 1291
 3854 2532 2265 3857 
812 
 1156 1780 131 835
 2263 3855 3856 1620 
813 
 1780 1291 835 307
 3855 2533 3857 1621 
814 
 103 778 777 1781
 1504 3858 1506 3860 
815 
 778 424 1781 1275
 3858 2500 1507 3861 
816 
 777 1781 363 1157
 1505 3859 3860 2264 
817 
 1781 1275 1157 433
 3859 2501 3861 2265 
818 
 424 1273 1275 1782
 2500 3862 2496 3864 
819 
 1273 156 1782 876
 3862 1702 2497 3865 
820 
 1275 1782 433 1292
 2501 3863 3864 2534 
821 
 1782 876 1292 427
 3863 1703 3865 2535 
822 
 433 1292 1291 1783
 2532 3866 2534 3868 
823 
 1292 427 1783 1280
 3866 2510 2535 3869 
824 
 1291 1783 307 1058
 2533 3867 3868 2066 
825 
 1783 1280 1058 153
 3867 2511 3869 2067 
826 
 178 912 913 1784
 1776 3870 1774 3872 
827 
 912 434 1784 1294
 3870 2538 1775 3873 
828 
 913 1784 437 1299
 1777 3871 3872 2548 
829 
 1784 1294 1299 438
 3871 2539 3873 2549 
830 
 434 1293 1294 1785
 2538 3874 2536 3876 
831 
 1293 182 1785 920
 3874 1790 2537 3877 
832 
 1294 1785 438 1300
 2539 3875 3876 2550 
833 
 1785 920 1300 435
 3875 1791 3877 2551 
834 
 438 1300 1301 1786
 2552 3878 2550 3880 
835 
 1300 435 1786 1295
 3878 2540 2551 3881 
836 
 1301 1786 436 1297
 2553 3879 3880 2544 
837 
 1786 1295 1297 160
 3879 2541 3881 2545 
838 
 437 1299 1298 1787
 2546 3882 2548 3884 
839 
 1299 438 1787 1301
 3882 2552 2549 3885 
840 
 1298 1787 144 859
 2547 3883 3884 1668 
841 
 1787 1301 859 436
 3883 2553 3885 1669 
842 
 443 1305 1304 1788
 2558 3886 2560 3888 
843 
 1305 442 1788 1302
 3886 2554 2561 3889 
844 
 1304 1788 425 1276
 2559 3887 3888 2502 
845 
 1788 1302 1276 115
 3887 2555 3889 2503 
846 
 365 1161 1159 1789
 2268 3890 2272 3892 
847 
 1161 443 1789 1304
 3890 2558 2273 3893 
848 
 1159 1789 103 779
 2269 3891 3892 1508 
849 
 1789 1304 779 425
 3891 2559 3893 1509 
850 
 88 746 747 1790
 1444 3894 1442 3896 
851 
 746 89 1790 749
 3894 1448 1443 3897 
852 
 747 1790 365 1161
 1445 3895 3896 2272 
853 
 1790 749 1161 443
 3895 1449 3897 2273 
854 
 89 748 749 1791
 1448 3898 1446 3900 
855 
 748 90 1791 751
 3898 1452 1447 3901 
856 
 749 1791 443 1305
 1449 3899 3900 2560 
857 
 1791 751 1305 442
 3899 1453 3901 2561 
858 
 445 1307 1308 1792
 2566 3902 2564 3904 
859 
 1307 296 1792 1036
 3902 2022 2565 3905 
860 
 1308 1792 444 1306
 2567 3903 3904 2562 
861 
 1792 1036 1306 122
 3903 2023 3905 2563 
862 
 435 1296 1295 1793
 2540 3906 2542 3908 
863 
 1296 445 1793 1308
 3906 2566 2543 3909 
864 
 1295 1793 160 881
 2541 3907 3908 1712 
865 
 1793 1308 881 444
 3907 2567 3909 1713 
866 
 182 919 920 1794
 1790 3910 1788 3912 
867 
 919 429 1794 1284
 3910 2518 1789 3913 
868 
 920 1794 435 1296
 1791 3911 3912 2542 
869 
 1794 1284 1296 445
 3911 2519 3913 2543 
870 
 429 1283 1284 1795
 2518 3914 2516 3916 
871 
 1283 148 1795 862
 3914 1674 2517 3917 
872 
 1284 1795 445 1307
 2519 3915 3916 2564 
873 
 1795 862 1307 296
 3915 1675 3917 2565 
874 
 390 1210 1209 1796
 2368 3918 2370 3920 
875 
 1210 447 1796 1311
 3918 2572 2371 3921 
876 
 1209 1796 101 773
 2369 3919 3920 1496 
877 
 1796 1311 773 417
 3919 2573 3921 1497 
878 
 42 677 678 1797
 1306 3922 1304 3924 
879 
 677 43 1797 680
 3922 1310 1305 3925 
880 
 678 1797 390 1210
 1307 3923 3924 2370 
881 
 1797 680 1210 447
 3923 1311 3925 2371 
882 
 43 679 680 1798
 1310 3926 1308 3928 
883 
 679 44 1798 682
 3926 1314 1309 3929 
884 
 680 1798 447 1312
 1311 3927 3928 2574 
885 
 1798 682 1312 446
 3927 1315 3929 2575 
886 
 447 1312 1311 1799
 2572 3930 2574 3932 
887 
 1312 446 1799 1309
 3930 2568 2575 3933 
888 
 1311 1799 417 1260
 2573 3931 3932 2470 
889 
 1799 1309 1260 116
 3931 2569 3933 2471 
890 
 448 1313 1314 1800
 2578 3934 2576 3936 
891 
 1313 50 1800 693
 3934 1336 2577 3937 
892 
 1314 1800 361 1152
 2579 3935 3936 2254 
893 
 1800 693 1152 51
 3935 1337 3937 2255 
894 
 347 1127 1125 1801
 2200 3938 2204 3940 
895 
 1127 448 1801 1314
 3938 2578 2205 3941 
896 
 1125 1801 108 789
 2201 3939 3940 1528 
897 
 1801 1314 789 361
 3939 2579 3941 1529 
898 
 48 689 690 1802
 1330 3942 1328 3944 
899 
 689 49 1802 692
 3942 1334 1329 3945 
900 
 690 1802 347 1127
 1331 3943 3944 2204 
901 
 1802 692 1127 448
 3943 1335 3945 2205 
902 
 49 691 692 1803
 1334 3946 1332 3948 
903 
 691 3 1803 628
 3946 1206 1333 3949 
904 
 692 1803 448 1313
 1335 3947 3948 2576 
905 
 1803 628 1313 50
 3947 1207 3949 2577 
906 
 446 1310 1309 1804
 2568 3950 2570 3952 
907 
 1310 449 1804 1315
 3950 2580 2571 3953 
908 
 1309 1804 116 809
 2569 3951 3952 1568 
909 
 1804 1315 809 270
 3951 2581 3953 1569 
910 
 44 681 682 1805
 1314 3954 1312 3956 
911 
 681 45 1805 684
 3954 1318 1313 3957 
912 
 682 1805 446 1310
 1315 3955 3956 2570 
913 
 1805 684 1310 449
 3955 1319 3957 2571 
914 
 45 683 684 1806
 1318 3958 1316 3960 
915 
 683 46 1806 685
 3958 1320 1317 3961 
916 
 684 1806 449 1316
 1319 3959 3960 2582 
917 
 1806 685 1316 346
 3959 1321 3961 2583 
918 
 449 1316 1315 1807
 2580 3962 2582 3964 
919 
 1316 346 1807 1124
 3962 2198 2583 3965 
920 
 1315 1807 270 1006
 2581 3963 3964 1962 
921 
 1807 1124 1006 127
 3963 2199 3965 1963 
922 
 345 1123 1122 1808
 2194 3966 2196 3968 
923 
 1123 450 1808 1317
 3966 2584 2197 3969 
924 
 1122 1808 127 828
 2195 3967 3968 1606 
925 
 1808 1317 828 271
 3967 2585 3969 1607 
926 
 108 788 787 1809
 1524 3970 1526 3972 
927 
 788 360 1809 1151
 3970 2252 1527 3973 
928 
 787 1809 345 1123
 1525 3971 3972 2196 
929 
 1809 1151 1123 450
 3971 2253 3973 2197 
930 
 360 1149 1151 1810
 2252 3974 2248 3976 
931 
 1149 128 1810 830
 3974 1610 2249 3977 
932 
 1151 1810 450 1318
 2253 3975 3976 2586 
933 
 1810 830 1318 401
 3975 1611 3977 2587 
934 
 450 1318 1317 1811
 2584 3978 2586 3980 
935 
 1318 401 1811 1231
 3978 2412 2587 3981 
936 
 1317 1811 271 1008
 2585 3979 3980 1966 
937 
 1811 1231 1008 158
 3979 2413 3981 1967 
938 
 452 1321 1322 1812
 2594 3982 2592 3984 
939 
 1321 190 1812 927
 3982 1804 2593 3985 
940 
 1322 1812 453 1324
 2595 3983 3984 2598 
941 
 1812 927 1324 273
 3983 1805 3985 2599 
942 
 453 1324 1325 1813
 2600 3986 2598 3988 
943 
 1324 273 1813 1011
 3986 1972 2599 3989 
944 
 1325 1813 375 1180
 2601 3987 3988 2310 
945 
 1813 1011 1180 167
 3987 1973 3989 2311 
946 
 451 1320 1319 1814
 2588 3990 2590 3992 
947 
 1320 453 1814 1325
 3990 2600 2591 3993 
948 
 1319 1814 187 922
 2589 3991 3992 1794 
949 
 1814 1325 922 375
 3991 2601 3993 1795 
950 
 207 949 948 1815
 1846 3994 1848 3996 
951 
 949 452 1815 1322
 3994 2594 1849 3997 
952 
 948 1815 451 1320
 1847 3995 3996 2590 
953 
 1815 1322 1320 453
 3995 2595 3997 2591 
954 
 442 1303 1302 1816
 2554 3998 2556 4000 
955 
 1303 454 1816 1326
 3998 2602 2557 4001 
956 
 1302 1816 115 807
 2555 3999 4000 1564 
957 
 1816 1326 807 266
 3999 2603 4001 1565 
958 
 90 750 751 1817
 1452 4002 1450 4004 
959 
 750 91 1817 753
 4002 1456 1451 4005 
960 
 751 1817 442 1303
 1453 4003 4004 2556 
961 
 1817 753 1303 454
 4003 1457 4005 2557 
962 
 91 752 753 1818
 1456 4006 1454 4008 
963 
 752 92 1818 755
 4006 1460 1455 4009 
964 
 753 1818 454 1327
 1457 4007 4008 2604 
965 
 1818 755 1327 349
 4007 1461 4009 2605 
966 
 454 1327 1326 1819
 2602 4010 2604 4012 
967 
 1327 349 1819 1130
 4010 2210 2605 4013 
968 
 1326 1819 266 998
 2603 4011 4012 1946 
969 
 1819 1130 998 125
 4011 2211 4013 1947 
970 
 377 1183 1185 1820
 2320 4014 2316 4016 
971 
 1183 172 1820 900
 4014 1750 2317 4017 
972 
 1185 1820 456 1330
 2321 4015 4016 2610 
973 
 1820 900 1330 404
 4015 1751 4017 2611 
974 
 456 1330 1331 1821
 2612 4018 2610 4020 
975 
 1330 404 1821 1238
 4018 2426 2611 4021 
976 
 1331 1821 455 1328
 2613 4019 4020 2606 
977 
 1821 1238 1328 173
 4019 2427 4021 2607 
978 
 331 1103 1102 1822
 2154 4022 2156 4024 
979 
 1103 456 1822 1331
 4022 2612 2157 4025 
980 
 1102 1822 197 939
 2155 4023 4024 1828 
981 
 1822 1331 939 455
 4023 2613 4025 1829 
982 
 196 938 937 1823
 1824 4026 1826 4028 
983 
 938 377 1823 1185
 4026 2320 1827 4029 
984 
 937 1823 331 1103
 1825 4027 4028 2156 
985 
 1823 1185 1103 456
 4027 2321 4029 2157 
986 
 459 1336 1335 1824
 2620 4030 2622 4032 
987 
 1336 458 1824 1334
 4030 2618 2623 4033 
988 
 1335 1824 383 1196
 2621 4031 4032 2342 
989 
 1824 1334 1196 175
 4031 2619 4033 2343 
990 
 373 1177 1175 1825
 2300 4034 2304 4036 
991 
 1177 459 1825 1335
 4034 2620 2305 4037 
992 
 1175 1825 150 867
 2301 4035 4036 1684 
993 
 1825 1335 867 383
 4035 2621 4037 1685 
994 
 168 895 894 1826
 1738 4038 1740 4040 
995 
 895 457 1826 1333
 4038 2616 1741 4041 
996 
 894 1826 373 1177
 1739 4039 4040 2304 
997 
 1826 1333 1177 459
 4039 2617 4041 2305 
998 
 457 1332 1333 1827
 2616 4042 2614 4044 
999 
 1332 184 1827 921
 4042 1792 2615 4045 
1000 
 1333 1827 459 1336
 2617 4043 4044 2622 
1001 
 1827 921 1336 458
 4043 1793 4045 2623 
1002 
 123 820 819 1828
 1588 4046 1590 4048 
1003 
 820 463 1828 1338
 4046 2626 1591 4049 
1004 
 819 1828 246 974
 1589 4047 4048 1898 
1005 
 1828 1338 974 465
 4047 2627 4049 1899 
1006 
 463 1337 1338 1829
 2626 4050 2624 4052 
1007 
 1337 65 1829 708
 4050 1366 2625 4053 
1008 
 1338 1829 465 1341
 2627 4051 4052 2632 
1009 
 1829 708 1341 66
 4051 1367 4053 2633 
1010 
 465 1341 1342 1830
 2634 4054 2632 4056 
1011 
 1341 66 1830 709
 4054 1368 2633 4057 
1012 
 1342 1830 464 1339
 2635 4055 4056 2628 
1013 
 1830 709 1339 67
 4055 1369 4057 2629 
1014 
 246 974 972 1831
 1894 4058 1898 4060 
1015 
 974 465 1831 1342
 4058 2634 1899 4061 
1016 
 972 1831 102 776
 1895 4059 4060 1502 
1017 
 1831 1342 776 464
 4059 2635 4061 1503 
1018 
 294 1034 1032 1832
 2014 4062 2018 4064 
1019 
 1034 467 1832 1345
 4062 2640 2019 4065 
1020 
 1032 1832 138 851
 2015 4063 4064 1652 
1021 
 1832 1345 851 466
 4063 2641 4065 1653 
1022 
 102 776 775 1833
 1500 4066 1502 4068 
1023 
 776 464 1833 1340
 4066 2630 1503 4069 
1024 
 775 1833 294 1034
 1501 4067 4068 2018 
1025 
 1833 1340 1034 467
 4067 2631 4069 2019 
1026 
 464 1339 1340 1834
 2630 4070 2628 4072 
1027 
 1339 67 1834 710
 4070 1370 2629 4073 
1028 
 1340 1834 467 1344
 2631 4071 4072 2638 
1029 
 1834 710 1344 68
 4071 1371 4073 2639 
1030 
 467 1344 1345 1835
 2640 4074 2638 4076 
1031 
 1344 68 1835 711
 4074 1372 2639 4077 
1032 
 1345 1835 466 1343
 2641 4075 4076 2636 
1033 
 1835 711 1343 69
 4075 1373 4077 2637 
1034 
 468 1347 1346 1836
 2642 4078 2644 4080 
1035 
 1347 472 1836 1354
 4078 2658 2645 4081 
1036 
 1346 1836 135 842
 2643 4079 4080 1634 
1037 
 1836 1354 842 471
 4079 2659 4081 1635 
1038 
 96 763 762 1837
 1474 4082 1476 4084 
1039 
 763 469 1837 1349
 4082 2648 1477 4085 
1040 
 762 1837 468 1347
 1475 4083 4084 2644 
1041 
 1837 1349 1347 472
 4083 2649 4085 2645 
1042 
 469 1348 1349 1838
 2648 4086 2646 4088 
1043 
 1348 119 1838 814
 4086 1578 2647 4089 
1044 
 1349 1838 472 1353
 2649 4087 4088 2656 
1045 
 1838 814 1353 470
 4087 1579 4089 2657 
1046 
 472 1353 1354 1839
 2658 4090 2656 4092 
1047 
 1353 470 1839 1350
 4090 2650 2657 4093 
1048 
 1354 1839 471 1351
 2659 4091 4092 2652 
1049 
 1839 1350 1351 144
 4091 2651 4093 2653 
1050 
 38 669 670 1840
 1290 4094 1288 4096 
1051 
 669 39 1840 672
 4094 1294 1289 4097 
1052 
 670 1840 473 1356
 1291 4095 4096 2662 
1053 
 1840 672 1356 474
 4095 1295 4097 2663 
1054 
 39 671 672 1841
 1294 4098 1292 4100 
1055 
 671 40 1841 674
 4098 1298 1293 4101 
1056 
 672 1841 474 1359
 1295 4099 4100 2668 
1057 
 1841 674 1359 389
 4099 1299 4101 2669 
1058 
 474 1359 1358 1842
 2666 4102 2668 4104 
1059 
 1359 389 1842 1207
 4102 2364 2669 4105 
1060 
 1358 1842 342 1116
 2667 4103 4104 2182 
1061 
 1842 1207 1116 129
 4103 2365 4105 2183 
1062 
 473 1356 1355 1843
 2660 4106 2662 4108 
1063 
 1356 474 1843 1358
 4106 2666 2663 4109 
1064 
 1355 1843 97 765
 2661 4107 4108 1480 
1065 
 1843 1358 765 342
 4107 2667 4109 1481 
1066 
 476 1362 1363 1844
 2676 4110 2674 4112 
1067 
 1362 174 1844 904
 4110 1758 2675 4113 
1068 
 1363 1844 477 1365
 2677 4111 4112 2680 
1069 
 1844 904 1365 309
 4111 1759 4113 2681 
1070 
 477 1365 1366 1845
 2682 4114 2680 4116 
1071 
 1365 309 1845 1061
 4114 2072 2681 4117 
1072 
 1366 1845 431 1287
 2683 4115 4116 2524 
1073 
 1845 1061 1287 146
 4115 2073 4117 2525 
1074 
 475 1361 1360 1846
 2670 4118 2672 4120 
1075 
 1361 477 1846 1366
 4118 2682 2673 4121 
1076 
 1360 1846 170 897
 2671 4119 4120 1744 
1077 
 1846 1366 897 431
 4119 2683 4121 1745 
1078 
 261 990 989 1847
 1928 4122 1930 4124 
1079 
 990 480 1847 1371
 4122 2692 1931 4125 
1080 
 989 1847 184 921
 1929 4123 4124 1792 
1081 
 1847 1371 921 458
 4123 2693 4125 1793 
1082 
 188 924 923 1848
 1796 4126 1798 4128 
1083 
 924 478 1848 1368
 4126 2686 1799 4129 
1084 
 923 1848 261 990
 1797 4127 4128 1930 
1085 
 1848 1368 990 480
 4127 2687 4129 1931 
1086 
 478 1367 1368 1849
 2686 4130 2684 4132 
1087 
 1367 141 1849 855
 4130 1660 2685 4133 
1088 
 1368 1849 480 1372
 2687 4131 4132 2694 
1089 
 1849 855 1372 479
 4131 1661 4133 2695 
1090 
 480 1372 1371 1850
 2692 4134 2694 4136 
1091 
 1372 479 1850 1369
 4134 2688 2695 4137 
1092 
 1371 1850 458 1334
 2693 4135 4136 2618 
1093 
 1850 1369 1334 175
 4135 2689 4137 2619 
1094 
 81 732 731 1851
 1412 4138 1414 4140 
1095 
 732 483 1851 1378
 4138 2706 1415 4141 
1096 
 731 1851 80 730
 1413 4139 4140 1410 
1097 
 1851 1378 730 482
 4139 2707 4141 1411 
1098 
 82 734 733 1852
 1416 4142 1418 4144 
1099 
 734 481 1852 1374
 4142 2698 1419 4145 
1100 
 733 1852 81 732
 1417 4143 4144 1414 
1101 
 1852 1374 732 483
 4143 2699 4145 1415 
1102 
 481 1373 1374 1853
 2698 4146 2696 4148 
1103 
 1373 96 1853 762
 4146 1474 2697 4149 
1104 
 1374 1853 483 1377
 2699 4147 4148 2704 
1105 
 1853 762 1377 468
 4147 1475 4149 2705 
1106 
 483 1377 1378 1854
 2706 4150 2704 4152 
1107 
 1377 468 1854 1346
 4150 2642 2705 4153 
1108 
 1378 1854 482 1375
 2707 4151 4152 2700 
1109 
 1854 1346 1375 135
 4151 2643 4153 2701 
1110 
 485 1381 1382 1855
 2714 4154 2712 4156 
1111 
 1381 189 1855 925
 4154 1800 2713 4157 
1112 
 1382 1855 486 1384
 2715 4155 4156 2718 
1113 
 1855 925 1384 278
 4155 1801 4157 2719 
1114 
 486 1384 1385 1856
 2720 4158 2718 4160 
1115 
 1384 278 1856 1020
 4158 1990 2719 4161 
1116 
 1385 1856 422 1270
 2721 4159 4160 2490 
1117 
 1856 1020 1270 166
 4159 1991 4161 2491 
1118 
 484 1380 1379 1857
 2708 4162 2710 4164 
1119 
 1380 486 1857 1385
 4162 2720 2711 4165 
1120 
 1379 1857 142 857
 2709 4163 4164 1664 
1121 
 1857 1385 857 422
 4163 2721 4165 1665 
1122 
 176 909 908 1858
 1766 4166 1768 4168 
1123 
 909 485 1858 1382
 4166 2714 1769 4169 
1124 
 908 1858 484 1380
 1767 4167 4168 2710 
1125 
 1858 1382 1380 486
 4167 2715 4169 2711 
1126 
 84 738 739 1859
 1428 4170 1426 4172 
1127 
 738 85 1859 741
 4170 1432 1427 4173 
1128 
 739 1859 487 1387
 1429 4171 4172 2724 
1129 
 1859 741 1387 488
 4171 1433 4173 2725 
1130 
 85 740 741 1860
 1432 4174 1430 4176 
1131 
 740 86 1860 742
 4174 1434 1431 4177 
1132 
 741 1860 488 1390
 1433 4175 4176 2730 
1133 
 1860 742 1390 364
 4175 1435 4177 2731 
1134 
 488 1390 1389 1861
 2728 4178 2730 4180 
1135 
 1390 364 1861 1158
 4178 2266 2731 4181 
1136 
 1389 1861 306 1056
 2729 4179 4180 2062 
1137 
 1861 1158 1056 131
 4179 2267 4181 2063 
1138 
 487 1387 1386 1862
 2722 4182 2724 4184 
1139 
 1387 488 1862 1389
 4182 2728 2725 4185 
1140 
 1386 1862 111 796
 2723 4183 4184 1542 
1141 
 1862 1389 796 306
 4183 2729 4185 1543 
1142 
 489 1391 1392 1863
 2734 4186 2732 4188 
1143 
 1391 64 1863 707
 4186 1364 2733 4189 
1144 
 1392 1863 463 1337
 2735 4187 4188 2624 
1145 
 1863 707 1337 65
 4187 1365 4189 2625 
1146 
 311 1067 1065 1864
 2080 4190 2084 4192 
1147 
 1067 489 1864 1392
 4190 2734 2085 4193 
1148 
 1065 1864 123 820
 2081 4191 4192 1590 
1149 
 1864 1392 820 463
 4191 2735 4193 1591 
1150 
 112 798 801 1865
 1552 4194 1546 4196 
1151 
 798 290 1865 1024
 4194 1998 1547 4197 
1152 
 801 1865 311 1067
 1553 4195 4196 2084 
1153 
 1865 1024 1067 489
 4195 1999 4197 2085 
1154 
 290 1022 1024 1866
 1998 4198 1994 4200 
1155 
 1022 63 1866 706
 4198 1362 1995 4201 
1156 
 1024 1866 489 1391
 1999 4199 4200 2732 
1157 
 1866 706 1391 64
 4199 1363 4201 2733 
1158 
 176 907 909 1867
 1768 4202 1764 4204 
1159 
 907 340 1867 1112
 4202 2174 1765 4205 
1160 
 909 1867 485 1383
 1769 4203 4204 2716 
1161 
 1867 1112 1383 492
 4203 2175 4205 2717 
1162 
 340 1111 1112 1868
 2174 4206 2172 4208 
1163 
 1111 152 1868 870
 4206 1690 2173 4209 
1164 
 1112 1868 492 1396
 2175 4207 4208 2742 
1165 
 1868 870 1396 490
 4207 1691 4209 2743 
1166 
 492 1396 1397 1869
 2744 4210 2742 4212 
1167 
 1396 490 1869 1393
 4210 2736 2743 4213 
1168 
 1397 1869 491 1395
 2745 4211 4212 2740 
1169 
 1869 1393 1395 169
 4211 2737 4213 2741 
1170 
 485 1383 1381 1870
 2712 4214 2716 4216 
1171 
 1383 492 1870 1397
 4214 2744 2717 4217 
1172 
 1381 1870 189 926
 2713 4215 4216 1802 
1173 
 1870 1397 926 491
 4215 2745 4217 1803 
1174 
 126 827 825 1871
 1600 4218 1604 4220 
1175 
 827 493 1871 1399
 4218 2748 1605 4221 
1176 
 825 1871 258 985
 1601 4219 4220 1920 
1177 
 1871 1399 985 495
 4219 2749 4221 1921 
1178 
 493 1398 1399 1872
 2748 4222 2746 4224 
1179 
 1398 19 1872 639
 4222 1228 2747 4225 
1180 
 1399 1872 495 1402
 2749 4223 4224 2754 
1181 
 1872 639 1402 20
 4223 1229 4225 2755 
1182 
 495 1402 1403 1873
 2756 4226 2754 4228 
1183 
 1402 20 1873 640
 4226 1230 2755 4229 
1184 
 1403 1873 494 1401
 2757 4227 4228 2752 
1185 
 1873 640 1401 21
 4227 1231 4229 2753 
1186 
 258 985 984 1874
 1918 4230 1920 4232 
1187 
 985 495 1874 1403
 4230 2756 1921 4233 
1188 
 984 1874 100 771
 1919 4231 4232 1492 
1189 
 1874 1403 771 494
 4231 2757 4233 1493 
1190 
 139 852 853 1875
 1656 4234 1654 4236 
1191 
 852 392 1875 1214
 4234 2378 1655 4237 
1192 
 853 1875 496 1405
 1657 4235 4236 2760 
1193 
 1875 1214 1405 497
 4235 2379 4237 2761 
1194 
 392 1213 1214 1876
 2378 4238 2376 4240 
1195 
 1213 100 1876 771
 4238 1492 2377 4241 
1196 
 1214 1876 497 1407
 2379 4239 4240 2764 
1197 
 1876 771 1407 494
 4239 1493 4241 2765 
1198 
 497 1407 1406 1877
 2762 4242 2764 4244 
1199 
 1407 494 1877 1401
 4242 2752 2765 4245 
1200 
 1406 1877 22 641
 2763 4243 4244 1232 
1201 
 1877 1401 641 21
 4243 2753 4245 1233 
1202 
 496 1405 1404 1878
 2758 4246 2760 4248 
1203 
 1405 497 1878 1406
 4246 2762 2761 4249 
1204 
 1404 1878 23 642
 2759 4247 4248 1234 
1205 
 1878 1406 642 22
 4247 2763 4249 1235 
1206 
 504 1415 1414 1879
 2778 4250 2780 4252 
1207 
 1415 503 1879 1413
 4250 2776 2781 4253 
1208 
 1414 1879 421 1268
 2779 4251 4252 2486 
1209 
 1879 1413 1268 142
 4251 2777 4253 2487 
1210 
 398 1227 1225 1880
 2400 4254 2404 4256 
1211 
 1227 504 1880 1414
 4254 2778 2405 4257 
1212 
 1225 1880 161 884
 2401 4255 4256 1718 
1213 
 1880 1414 884 421
 4255 2779 4257 1719 
1214 
 113 804 803 1881
 1556 4258 1558 4260 
1215 
 804 502 1881 1412
 4258 2774 1559 4261 
1216 
 803 1881 398 1227
 1557 4259 4260 2404 
1217 
 1881 1412 1227 504
 4259 2775 4261 2405 
1218 
 502 1411 1412 1882
 2774 4262 2772 4264 
1219 
 1411 130 1882 834
 4262 1618 2773 4265 
1220 
 1412 1882 504 1415
 2775 4263 4264 2780 
1221 
 1882 834 1415 503
 4263 1619 4265 2781 
1222 
 507 1419 1420 1883
 2790 4266 2788 4268 
1223 
 1419 505 1883 1416
 4266 2782 2789 4269 
1224 
 1420 1883 506 1418
 2791 4267 4268 2786 
1225 
 1883 1416 1418 143
 4267 2783 4269 2787 
1226 
 476 1364 1362 1884
 2674 4270 2678 4272 
1227 
 1364 507 1884 1420
 4270 2790 2679 4273 
1228 
 1362 1884 174 905
 2675 4271 4272 1760 
1229 
 1884 1420 905 506
 4271 2791 4273 1761 
1230 
 512 1422 1421 1885
 2792 4274 2794 4276 
1231 
 1422 466 1885 1343
 4274 2636 2795 4277 
1232 
 1421 1885 70 712
 2793 4275 4276 1374 
1233 
 1885 1343 712 69
 4275 2637 4277 1375 
1234 
 415 1257 1256 1886
 2462 4278 2464 4280 
1235 
 1257 512 1886 1421
 4278 2792 2465 4281 
1236 
 1256 1886 71 713
 2463 4279 4280 1376 
1237 
 1886 1421 713 70
 4279 2793 4281 1377 
1238 
 110 793 794 1887
 1538 4282 1536 4284 
1239 
 793 353 1887 1139
 4282 2228 1537 4285 
1240 
 794 1887 415 1257
 1539 4283 4284 2464 
1241 
 1887 1139 1257 512
 4283 2229 4285 2465 
1242 
 353 1137 1139 1888
 2228 4286 2224 4288 
1243 
 1137 138 1888 851
 4286 1652 2225 4289 
1244 
 1139 1888 512 1422
 2229 4287 4288 2794 
1245 
 1888 851 1422 466
 4287 1653 4289 2795 
1246 
 515 1427 1428 1889
 2806 4290 2804 4292 
1247 
 1427 240 1889 962
 4290 1874 2805 4293 
1248 
 1428 1889 513 1423
 2807 4291 4292 2796 
1249 
 1889 962 1423 149
 4291 1875 4293 2797 
1250 
 514 1426 1425 1890
 2800 4294 2802 4296 
1251 
 1426 515 1890 1428
 4294 2806 2803 4297 
1252 
 1425 1890 179 914
 2801 4295 4296 1778 
1253 
 1890 1428 914 513
 4295 2807 4297 1779 
1254 
 197 939 940 1891
 1830 4298 1828 4300 
1255 
 939 455 1891 1329
 4298 2608 1829 4301 
1256 
 940 1891 514 1426
 1831 4299 4300 2802 
1257 
 1891 1329 1426 515
 4299 2609 4301 2803 
1258 
 455 1328 1329 1892
 2608 4302 2606 4304 
1259 
 1328 173 1892 902
 4302 1754 2607 4305 
1260 
 1329 1892 515 1427
 2609 4303 4304 2804 
1261 
 1892 902 1427 240
 4303 1755 4305 2805 
1262 
 152 869 870 1893
 1690 4306 1688 4308 
1263 
 869 381 1893 1193
 4306 2336 1689 4309 
1264 
 870 1893 490 1394
 1691 4307 4308 2738 
1265 
 1893 1193 1394 516
 4307 2337 4309 2739 
1266 
 381 1192 1193 1894
 2336 4310 2334 4312 
1267 
 1192 155 1894 873
 4310 1696 2335 4313 
1268 
 1193 1894 516 1429
 2337 4311 4312 2808 
1269 
 1894 873 1429 409
 4311 1697 4313 2809 
1270 
 473 1355 1357 1895
 2664 4314 2660 4316 
1271 
 1355 97 1895 766
 4314 1482 2661 4317 
1272 
 1357 1895 519 1433
 2665 4315 4316 2816 
1273 
 1895 766 1433 517
 4315 1483 4317 2817 
1274 
 519 1433 1434 1896
 2818 4318 2816 4320 
1275 
 1433 517 1896 1430
 4318 2810 2817 4321 
1276 
 1434 1896 518 1432
 2819 4319 4320 2814 
1277 
 1896 1430 1432 130
 4319 2811 4321 2815 
1278 
 37 667 666 1897
 1282 4322 1284 4324 
1279 
 667 519 1897 1434
 4322 2818 1285 4325 
1280 
 666 1897 36 665
 1283 4323 4324 1280 
1281 
 1897 1434 665 518
 4323 2819 4325 1281 
1282 
 38 670 668 1898
 1286 4326 1290 4328 
1283 
 670 473 1898 1357
 4326 2664 1291 4329 
1284 
 668 1898 37 667
 1287 4327 4328 1284 
1285 
 1898 1357 667 519
 4327 2665 4329 1285 
1286 
 493 1400 1398 1899
 2746 4330 2750 4332 
1287 
 1400 520 1899 1435
 4330 2820 2751 4333 
1288 
 1398 1899 19 638
 2747 4331 4332 1226 
1289 
 1899 1435 638 18
 4331 2821 4333 1227 
1290 
 126 826 827 1900
 1604 4334 1602 4336 
1291 
 826 385 1900 1200
 4334 2350 1603 4337 
1292 
 827 1900 493 1400
 1605 4335 4336 2750 
1293 
 1900 1200 1400 520
 4335 2351 4337 2751 
1294 
 385 1199 1200 1901
 2350 4338 2348 4340 
1295 
 1199 114 1901 805
 4338 1560 2349 4341 
1296 
 1200 1901 520 1436
 2351 4339 4340 2822 
1297 
 1901 805 1436 355
 4339 1561 4341 2823 
1298 
 520 1436 1435 1902
 2820 4342 2822 4344 
1299 
 1436 355 1902 1142
 4342 2234 2823 4345 
1300 
 1435 1902 18 637
 2821 4343 4344 1224 
1301 
 1902 1142 637 17
 4343 2235 4345 1225 
1302 
 521 1437 1438 1903
 2826 4346 2824 4348 
1303 
 1437 207 1903 948
 4346 1846 2825 4349 
1304 
 1438 1903 522 1440
 2827 4347 4348 2830 
1305 
 1903 948 1440 451
 4347 1847 4349 2831 
1306 
 522 1440 1439 1904
 2828 4350 2830 4352 
1307 
 1440 451 1904 1319
 4350 2588 2831 4353 
1308 
 1439 1904 315 1075
 2829 4351 4352 2100 
1309 
 1904 1319 1075 187
 4351 2589 4353 2101 
1310 
 527 1444 1443 1905
 2836 4354 2838 4356 
1311 
 1444 496 1905 1404
 4354 2758 2839 4357 
1312 
 1443 1905 24 643
 2837 4355 4356 1236 
1313 
 1905 1404 643 23
 4355 2759 4357 1237 
1314 
 413 1253 1252 1906
 2454 4358 2456 4360 
1315 
 1253 527 1906 1443
 4358 2836 2457 4361 
1316 
 1252 1906 25 644
 2455 4359 4360 1238 
1317 
 1906 1443 644 24
 4359 2837 4361 1239 
1318 
 118 813 812 1907
 1574 4362 1576 4364 
1319 
 813 526 1907 1442
 4362 2834 1577 4365 
1320 
 812 1907 413 1253
 1575 4363 4364 2456 
1321 
 1907 1442 1253 527
 4363 2835 4365 2457 
1322 
 526 1441 1442 1908
 2834 4366 2832 4368 
1323 
 1441 139 1908 853
 4366 1656 2833 4369 
1324 
 1442 1908 527 1444
 2835 4367 4368 2838 
1325 
 1908 853 1444 496
 4367 1657 4369 2839 
1326 
 528 1445 1446 1909
 2842 4370 2840 4372 
1327 
 1445 133 1909 839
 4370 1628 2841 4373 
1328 
 1446 1909 529 1447
 2843 4371 4372 2844 
1329 
 1909 839 1447 356
 4371 1629 4373 2845 
1330 
 529 1447 1448 1910
 2846 4374 2844 4376 
1331 
 1447 356 1910 1143
 4374 2236 2845 4377 
1332 
 1448 1910 384 1198
 2847 4375 4376 2346 
1333 
 1910 1143 1198 114
 4375 2237 4377 2347 
1334 
 479 1370 1369 1911
 2688 4378 2690 4380 
1335 
 1370 529 1911 1448
 4378 2846 2691 4381 
1336 
 1369 1911 175 906
 2689 4379 4380 1762 
1337 
 1911 1448 906 384
 4379 2847 4381 1763 
1338 
 141 856 855 1912
 1660 4382 1662 4384 
1339 
 856 528 1912 1446
 4382 2842 1663 4385 
1340 
 855 1912 479 1370
 1661 4383 4384 2690 
1341 
 1912 1446 1370 529
 4383 2843 4385 2691 
1342 
 487 1386 1388 1913
 2726 4386 2722 4388 
1343 
 1386 111 1913 797
 4386 1544 2723 4389 
1344 
 1388 1913 531 1452
 2727 4387 4388 2854 
1345 
 1913 797 1452 530
 4387 1545 4389 2855 
1346 
 531 1452 1451 1914
 2852 4390 2854 4392 
1347 
 1452 530 1914 1449
 4390 2848 2855 4393 
1348 
 1451 1914 481 1373
 2853 4391 4392 2696 
1349 
 1914 1449 1373 96
 4391 2849 4393 2697 
1350 
 83 736 735 1915
 1420 4394 1422 4396 
1351 
 736 531 1915 1451
 4394 2852 1423 4397 
1352 
 735 1915 82 734
 1421 4395 4396 1418 
1353 
 1915 1451 734 481
 4395 2853 4397 1419 
1354 
 84 739 737 1916
 1424 4398 1428 4400 
1355 
 739 487 1916 1388
 4398 2726 1429 4401 
1356 
 737 1916 83 736
 1425 4399 4400 1422 
1357 
 1916 1388 736 531
 4399 2727 4401 1423 
1358 
 534 1457 1458 1917
 2866 4402 2864 4404 
1359 
 1457 157 1917 877
 4402 1704 2865 4405 
1360 
 1458 1917 535 1461
 2867 4403 4404 2872 
1361 
 1917 877 1461 532
 4403 1705 4405 2873 
1362 
 535 1461 1460 1918
 2870 4406 2872 4408 
1363 
 1461 532 1918 1453
 4406 2856 2873 4409 
1364 
 1460 1918 478 1367
 2871 4407 4408 2684 
1365 
 1918 1453 1367 141
 4407 2857 4409 2685 
1366 
 533 1456 1455 1919
 2860 4410 2862 4412 
1367 
 1456 535 1919 1460
 4410 2870 2863 4413 
1368 
 1455 1919 188 924
 2861 4411 4412 1798 
1369 
 1919 1460 924 478
 4411 2871 4413 1799 
1370 
 164 891 890 1920
 1730 4414 1732 4416 
1371 
 891 534 1920 1458
 4414 2866 1733 4417 
1372 
 890 1920 533 1456
 1731 4415 4416 2862 
1373 
 1920 1458 1456 535
 4415 2867 4417 2863 
1374 
 192 930 932 1921
 1814 4418 1810 4420 
1375 
 930 367 1921 1165
 4418 2280 1811 4421 
1376 
 932 1921 536 1463
 1815 4419 4420 2876 
1377 
 1921 1165 1463 537
 4419 2281 4421 2877 
1378 
 541 1467 1466 1922
 2882 4422 2884 4424 
1379 
 1467 543 1922 1471
 4422 2892 2885 4425 
1380 
 1466 1922 107 785
 2883 4423 4424 1520 
1381 
 1922 1471 785 542
 4423 2893 4425 1521 
1382 
 136 844 845 1923
 1640 4426 1638 4428 
1383 
 844 396 1923 1222
 4426 2394 1639 4429 
1384 
 845 1923 541 1467
 1641 4427 4428 2884 
1385 
 1923 1222 1467 543
 4427 2395 4429 2885 
1386 
 396 1221 1222 1924
 2394 4430 2392 4432 
1387 
 1221 162 1924 886
 4430 1722 2393 4433 
1388 
 1222 1924 543 1470
 2395 4431 4432 2890 
1389 
 1924 886 1470 419
 4431 1723 4433 2891 
1390 
 543 1470 1471 1925
 2892 4434 2890 4436 
1391 
 1470 419 1925 1264
 4434 2478 2891 4437 
1392 
 1471 1925 542 1468
 2893 4435 4436 2886 
1393 
 1925 1264 1468 124
 4435 2479 4437 2887 
1394 
 545 1475 1476 1926
 2902 4438 2900 4440 
1395 
 1475 262 1926 991
 4438 1932 2901 4441 
1396 
 1476 1926 457 1332
 2903 4439 4440 2614 
1397 
 1926 991 1332 184
 4439 1933 4441 2615 
1398 
 544 1473 1472 1927
 2894 4442 2896 4444 
1399 
 1473 545 1927 1476
 4442 2902 2897 4445 
1400 
 1472 1927 168 895
 2895 4443 4444 1740 
1401 
 1927 1476 895 457
 4443 2903 4445 1741 
1402 
 192 932 933 1928
 1816 4446 1814 4448 
1403 
 932 536 1928 1464
 4446 2878 1815 4449 
1404 
 933 1928 544 1473
 1817 4447 4448 2896 
1405 
 1928 1464 1473 545
 4447 2879 4449 2897 
1406 
 536 1462 1464 1929
 2878 4450 2874 4452 
1407 
 1462 204 1929 943
 4450 1836 2875 4453 
1408 
 1464 1929 545 1475
 2879 4451 4452 2900 
1409 
 1929 943 1475 262
 4451 1837 4453 2901 
1410 
 303 1052 1050 1930
 2050 4454 2054 4456 
1411 
 1052 549 1930 1477
 4454 2904 2055 4457 
1412 
 1050 1930 200 941
 2051 4455 4456 1832 
1413 
 1930 1477 941 263
 4455 2905 4457 1833 
1414 
 206 947 945 1931
 1840 4458 1844 4460 
1415 
 947 333 1931 1108
 4458 2166 1845 4461 
1416 
 945 1931 303 1052
 1841 4459 4460 2054 
1417 
 1931 1108 1052 549
 4459 2167 4461 2055 
1418 
 333 1106 1108 1932
 2166 4462 2162 4464 
1419 
 1106 164 1932 890
 4462 1730 2163 4465 
1420 
 1108 1932 549 1478
 2167 4463 4464 2906 
1421 
 1932 890 1478 533
 4463 1731 4465 2907 
1422 
 549 1478 1477 1933
 2904 4466 2906 4468 
1423 
 1478 533 1933 1455
 4466 2860 2907 4469 
1424 
 1477 1933 263 992
 2905 4467 4468 1934 
1425 
 1933 1455 992 188
 4467 2861 4469 1935 
1426 
 326 1094 1095 1934
 2140 4470 2138 4472 
1427 
 1094 178 1934 913
 4470 1776 2139 4473 
1428 
 1095 1934 551 1481
 2141 4471 4472 2912 
1429 
 1934 913 1481 437
 4471 1777 4473 2913 
1430 
 551 1481 1482 1935
 2914 4474 2912 4476 
1431 
 1481 437 1935 1298
 4474 2546 2913 4477 
1432 
 1482 1935 470 1350
 2915 4475 4476 2650 
1433 
 1935 1298 1350 144
 4475 2547 4477 2651 
1434 
 550 1480 1479 1936
 2908 4478 2910 4480 
1435 
 1480 551 1936 1482
 4478 2914 2911 4481 
1436 
 1479 1936 119 814
 2909 4479 4480 1578 
1437 
 1936 1482 814 470
 4479 2915 4481 1579 
1438 
 163 887 888 1937
 1726 4482 1724 4484 
1439 
 887 326 1937 1095
 4482 2140 1725 4485 
1440 
 888 1937 550 1480
 1727 4483 4484 2910 
1441 
 1937 1095 1480 551
 4483 2141 4485 2911 
1442 
 517 1431 1430 1938
 2810 4486 2812 4488 
1443 
 1431 554 1938 1486
 4486 2922 2813 4489 
1444 
 1430 1938 130 834
 2811 4487 4488 1618 
1445 
 1938 1486 834 503
 4487 2923 4489 1619 
1446 
 97 764 766 1939
 1482 4490 1478 4492 
1447 
 764 341 1939 1115
 4490 2180 1479 4493 
1448 
 766 1939 517 1431
 1483 4491 4492 2812 
1449 
 1939 1115 1431 554
 4491 2181 4493 2813 
1450 
 341 1113 1115 1940
 2180 4494 2176 4496 
1451 
 1113 176 1940 908
 4494 1766 2177 4497 
1452 
 1115 1940 554 1485
 2181 4495 4496 2920 
1453 
 1940 908 1485 484
 4495 1767 4497 2921 
1454 
 554 1485 1486 1941
 2922 4498 2920 4500 
1455 
 1485 484 1941 1379
 4498 2708 2921 4501 
1456 
 1486 1941 503 1413
 2923 4499 4500 2776 
1457 
 1941 1379 1413 142
 4499 2709 4501 2777 
1458 
 544 1472 1474 1942
 2898 4502 2894 4504 
1459 
 1472 168 1942 893
 4502 1736 2895 4505 
1460 
 1474 1942 556 1488
 2899 4503 4504 2926 
1461 
 1942 893 1488 372
 4503 1737 4505 2927 
1462 
 556 1488 1487 1943
 2924 4506 2926 4508 
1463 
 1488 372 1943 1173
 4506 2296 2927 4509 
1464 
 1487 1943 317 1078
 2925 4507 4508 2106 
1465 
 1943 1173 1078 181
 4507 2297 4509 2107 
1466 
 368 1168 1166 1944
 2282 4510 2286 4512 
1467 
 1168 556 1944 1487
 4510 2924 2287 4513 
1468 
 1166 1944 177 910
 2283 4511 4512 1770 
1469 
 1944 1487 910 317
 4511 2925 4513 1771 
1470 
 192 933 931 1945
 1812 4514 1816 4516 
1471 
 933 544 1945 1474
 4514 2898 1817 4517 
1472 
 931 1945 368 1168
 1813 4515 4516 2286 
1473 
 1945 1474 1168 556
 4515 2899 4517 2287 
1474 
 559 1494 1493 1946
 2936 4518 2938 4520 
1475 
 1494 558 1946 1491
 4518 2932 2939 4521 
1476 
 1493 1946 412 1250
 2937 4519 4520 2450 
1477 
 1946 1491 1250 118
 4519 2933 4521 2451 
1478 
 29 651 650 1947
 1250 4522 1252 4524 
1479 
 651 559 1947 1493
 4522 2936 1253 4525 
1480 
 650 1947 28 649
 1251 4523 4524 1248 
1481 
 1947 1493 649 412
 4523 2937 4525 1249 
1482 
 30 653 652 1948
 1254 4526 1256 4528 
1483 
 653 557 1948 1490
 4526 2930 1257 4529 
1484 
 652 1948 29 651
 1255 4527 4528 1252 
1485 
 1948 1490 651 559
 4527 2931 4529 1253 
1486 
 557 1489 1490 1949
 2930 4530 2928 4532 
1487 
 1489 107 1949 786
 4530 1522 2929 4533 
1488 
 1490 1949 559 1494
 2931 4531 4532 2938 
1489 
 1949 786 1494 558
 4531 1523 4533 2939 
1490 
 552 1483 1484 1950
 2918 4534 2916 4536 
1491 
 1483 170 1950 896
 4534 1742 2917 4537 
1492 
 1484 1950 562 1495
 2919 4535 4536 2940 
1493 
 1950 896 1495 430
 4535 1743 4537 2941 
1494 
 562 1495 1496 1951
 2942 4538 2940 4540 
1495 
 1495 430 1951 1285
 4538 2520 2941 4541 
1496 
 1496 1951 434 1293
 2943 4539 4540 2536 
1497 
 1951 1285 1293 182
 4539 2521 4541 2537 
1498 
 329 1099 1098 1952
 2146 4542 2148 4544 
1499 
 1099 562 1952 1496
 4542 2942 2149 4545 
1500 
 1098 1952 178 912
 2147 4543 4544 1774 
1501 
 1952 1496 912 434
 4543 2943 4545 1775 
1502 
 194 935 934 1953
 1818 4546 1820 4548 
1503 
 935 552 1953 1484
 4546 2918 1821 4549 
1504 
 934 1953 329 1099
 1819 4547 4548 2148 
1505 
 1953 1484 1099 562
 4547 2919 4549 2149 
1506 
 291 1027 1025 1954
 2000 4550 2004 4552 
1507 
 1027 564 1954 1500
 4550 2950 2005 4553 
1508 
 1025 1954 132 837
 2001 4551 4552 1624 
1509 
 1954 1500 837 563
 4551 2951 4553 1625 
1510 
 112 800 799 1955
 1548 4554 1550 4556 
1511 
 800 310 1955 1064
 4554 2078 1551 4557 
1512 
 799 1955 291 1027
 1549 4555 4556 2004 
1513 
 1955 1064 1027 564
 4555 2079 4557 2005 
1514 
 310 1062 1064 1956
 2078 4558 2074 4560 
1515 
 1062 174 1956 905
 4558 1760 2075 4561 
1516 
 1064 1956 564 1499
 2079 4559 4560 2948 
1517 
 1956 905 1499 506
 4559 1761 4561 2949 
1518 
 564 1499 1500 1957
 2950 4562 2948 4564 
1519 
 1499 506 1957 1418
 4562 2786 2949 4565 
1520 
 1500 1957 563 1497
 2951 4563 4564 2944 
1521 
 1957 1418 1497 143
 4563 2787 4565 2945 
1522 
 567 1504 1505 1958
 2960 4566 2958 4568 
1523 
 1504 550 1958 1479
 4566 2908 2959 4569 
1524 
 1505 1958 565 1501
 2961 4567 4568 2952 
1525 
 1958 1479 1501 119
 4567 2909 4569 2953 
1526 
 274 1015 1013 1959
 1976 4570 1980 4572 
1527 
 1015 567 1959 1505
 4570 2960 1981 4573 
1528 
 1013 1959 154 872
 1977 4571 4572 1694 
1529 
 1959 1505 872 565
 4571 2961 4573 1695 
1530 
 190 929 928 1960
 1806 4574 1808 4576 
1531 
 929 566 1960 1503
 4574 2956 1809 4577 
1532 
 928 1960 274 1015
 1807 4575 4576 1980 
1533 
 1960 1503 1015 567
 4575 2957 4577 1981 
1534 
 566 1502 1503 1961
 2956 4578 2954 4580 
1535 
 1502 163 1961 888
 4578 1726 2955 4581 
1536 
 1503 1961 567 1504
 2957 4579 4580 2958 
1537 
 1961 888 1504 550
 4579 1727 4581 2959 
1538 
 207 950 949 1962
 1848 4582 1850 4584 
1539 
 950 539 1962 1465
 4582 2880 1851 4585 
1540 
 949 1962 452 1323
 1849 4583 4584 2596 
1541 
 1962 1465 1323 568
 4583 2881 4585 2597 
1542 
 568 1506 1507 1963
 2964 4586 2962 4588 
1543 
 1506 327 1963 1096
 4586 2142 2963 4589 
1544 
 1507 1963 566 1502
 2965 4587 4588 2954 
1545 
 1963 1096 1502 163
 4587 2143 4589 2955 
1546 
 452 1323 1321 1964
 2592 4590 2596 4592 
1547 
 1323 568 1964 1507
 4590 2964 2597 4593 
1548 
 1321 1964 190 929
 2593 4591 4592 1808 
1549 
 1964 1507 929 566
 4591 2965 4593 1809 
1550 
 569 1508 1509 1965
 2968 4594 2966 4596 
1551 
 1508 393 1965 1215
 4594 2380 2967 4597 
1552 
 1509 1965 526 1441
 2969 4595 4596 2832 
1553 
 1965 1215 1441 139
 4595 2381 4597 2833 
1554 
 558 1492 1491 1966
 2932 4598 2934 4600 
1555 
 1492 569 1966 1509
 4598 2968 2935 4601 
1556 
 1491 1966 118 813
 2933 4599 4600 1576 
1557 
 1966 1509 813 526
 4599 2969 4601 1577 
1558 
 107 785 786 1967
 1522 4602 1520 4604 
1559 
 785 542 1967 1469
 4602 2888 1521 4605 
1560 
 786 1967 558 1492
 1523 4603 4604 2934 
1561 
 1967 1469 1492 569
 4603 2889 4605 2935 
1562 
 542 1468 1469 1968
 2888 4606 2886 4608 
1563 
 1468 124 1968 821
 4606 1592 2887 4609 
1564 
 1469 1968 569 1508
 2889 4607 4608 2966 
1565 
 1968 821 1508 393
 4607 1593 4609 2967 
1566 
 332 1104 1105 1969
 2160 4610 2158 4612 
1567 
 1104 197 1969 940
 4610 1830 2159 4613 
1568 
 1105 1969 571 1512
 2161 4611 4612 2974 
1569 
 1969 940 1512 514
 4611 1831 4613 2975 
1570 
 571 1512 1513 1970
 2976 4614 2974 4616 
1571 
 1512 514 1970 1425
 4614 2800 2975 4617 
1572 
 1513 1970 570 1510
 2977 4615 4616 2970 
1573 
 1970 1425 1510 179
 4615 2801 4617 2971 
1574 
 534 1459 1457 1971
 2864 4618 2868 4620 
1575 
 1459 571 1971 1513
 4618 2976 2869 4621 
1576 
 1457 1971 157 878
 2865 4619 4620 1706 
1577 
 1971 1513 878 570
 4619 2977 4621 1707 
1578 
 164 889 891 1972
 1732 4622 1728 4624 
1579 
 889 332 1972 1105
 4622 2160 1729 4625 
1580 
 891 1972 534 1459
 1733 4623 4624 2868 
1581 
 1972 1105 1459 571
 4623 2161 4625 2869 
1582 
 505 1417 1416 1973
 2782 4626 2784 4628 
1583 
 1417 576 1973 1516
 4626 2982 2785 4629 
1584 
 1416 1973 143 858
 2783 4627 4628 1666 
1585 
 1973 1516 858 574
 4627 2983 4629 1667 
1586 
 579 1522 1523 1974
 2996 4630 2994 4632 
1587 
 1522 397 1974 1223
 4630 2396 2995 4633 
1588 
 1523 1974 577 1517
 2997 4631 4632 2984 
1589 
 1974 1223 1517 136
 4631 2397 4633 2985 
1590 
 33 659 658 1975
 1266 4634 1268 4636 
1591 
 659 579 1975 1523
 4634 2996 1269 4637 
1592 
 658 1975 32 657
 1267 4635 4636 1264 
1593 
 1975 1523 657 577
 4635 2997 4637 1265 
1594 
 34 662 660 1976
 1270 4638 1274 4640 
1595 
 662 578 1976 1520
 4638 2990 1275 4641 
1596 
 660 1976 33 659
 1271 4639 4640 1268 
1597 
 1976 1520 659 579
 4639 2991 4641 1269 
1598 
 578 1519 1520 1977
 2990 4642 2988 4644 
1599 
 1519 113 1977 802
 4642 1554 2989 4645 
1600 
 1520 1977 579 1522
 2991 4643 4644 2994 
1601 
 1977 802 1522 397
 4643 1555 4645 2995 
1602 
 580 1525 1524 1978
 2998 4646 3000 4648 
1603 
 1525 518 1978 1432
 4646 2814 3001 4649 
1604 
 1524 1978 502 1411
 2999 4647 4648 2772 
1605 
 1978 1432 1411 130
 4647 2815 4649 2773 
1606 
 578 1521 1519 1979
 2988 4650 2992 4652 
1607 
 1521 580 1979 1524
 4650 2998 2993 4653 
1608 
 1519 1979 113 804
 2989 4651 4652 1558 
1609 
 1979 1524 804 502
 4651 2999 4653 1559 
1610 
 34 661 662 1980
 1274 4654 1272 4656 
1611 
 661 35 1980 664
 4654 1278 1273 4657 
1612 
 662 1980 578 1521
 1275 4655 4656 2992 
1613 
 1980 664 1521 580
 4655 1279 4657 2993 
1614 
 35 663 664 1981
 1278 4658 1276 4660 
1615 
 663 36 1981 665
 4658 1280 1277 4661 
1616 
 664 1981 580 1525
 1279 4659 4660 3000 
1617 
 1981 665 1525 518
 4659 1281 4661 3001 
1618 
 583 1529 1530 1982
 3010 4662 3008 4664 
1619 
 1529 140 1982 854
 4662 1658 3009 4665 
1620 
 1530 1982 584 1532
 3011 4663 4664 3014 
1621 
 1982 854 1532 581
 4663 1659 4665 3015 
1622 
 584 1532 1531 1983
 3012 4666 3014 4668 
1623 
 1532 581 1983 1526
 4666 3002 3015 4669 
1624 
 1531 1983 8 632
 3013 4667 4668 1214 
1625 
 1983 1526 632 7
 4667 3003 4669 1215 
1626 
 582 1528 1527 1984
 3004 4670 3006 4672 
1627 
 1528 584 1984 1531
 4670 3012 3007 4673 
1628 
 1527 1984 9 633
 3005 4671 4672 1216 
1629 
 1984 1531 633 8
 4671 3013 4673 1217 
1630 
 105 783 782 1985
 1514 4674 1516 4676 
1631 
 783 583 1985 1530
 4674 3010 1517 4677 
1632 
 782 1985 582 1528
 1515 4675 4676 3006 
1633 
 1985 1530 1528 584
 4675 3011 4677 3007 
1634 
 134 841 840 1986
 1630 4678 1632 4680 
1635 
 841 585 1986 1534
 4678 3018 1633 4681 
1636 
 840 1986 499 1410
 1631 4679 4680 2770 
1637 
 1986 1534 1410 586
 4679 3019 4681 2771 
1638 
 585 1533 1534 1987
 3018 4682 3016 4684 
1639 
 1533 105 1987 782
 4682 1514 3017 4685 
1640 
 1534 1987 586 1536
 3019 4683 4684 3022 
1641 
 1987 782 1536 582
 4683 1515 4685 3023 
1642 
 586 1536 1535 1988
 3020 4686 3022 4688 
1643 
 1536 582 1988 1527
 4686 3004 3023 4689 
1644 
 1535 1988 10 634
 3021 4687 4688 1218 
1645 
 1988 1527 634 9
 4687 3005 4689 1219 
1646 
 499 1410 1409 1989
 2768 4690 2770 4692 
1647 
 1410 586 1989 1535
 4690 3020 2771 4693 
1648 
 1409 1989 11 635
 2769 4691 4692 1220 
1649 
 1989 1535 635 10
 4691 3021 4693 1221 
1650 
 137 846 847 1990
 1644 4694 1642 4696 
1651 
 846 590 1990 1539
 4694 3028 1643 4697 
1652 
 847 1990 592 1543
 1645 4695 4696 3036 
1653 
 1990 1539 1543 593
 4695 3029 4697 3037 
1654 
 590 1538 1539 1991
 3028 4698 3026 4700 
1655 
 1538 57 1991 700
 4698 1350 3027 4701 
1656 
 1539 1991 593 1545
 3029 4699 4700 3040 
1657 
 1991 700 1545 58
 4699 1351 4701 3041 
1658 
 593 1545 1546 1992
 3042 4702 3040 4704 
1659 
 1545 58 1992 701
 4702 1352 3041 4705 
1660 
 1546 1992 591 1541
 3043 4703 4704 3032 
1661 
 1992 701 1541 59
 4703 1353 4705 3033 
1662 
 592 1543 1542 1993
 3034 4706 3036 4708 
1663 
 1543 593 1993 1546
 4706 3042 3037 4709 
1664 
 1542 1993 99 769
 3035 4707 4708 1488 
1665 
 1993 1546 769 591
 4707 3043 4709 1489 
1666 
 179 914 915 1994
 1780 4710 1778 4712 
1667 
 914 513 1994 1424
 4710 2798 1779 4713 
1668 
 915 1994 595 1550
 1781 4711 4712 3050 
1669 
 1994 1424 1550 596
 4711 2799 4713 3051 
1670 
 513 1423 1424 1995
 2798 4714 2796 4716 
1671 
 1423 149 1995 864
 4714 1678 2797 4717 
1672 
 1424 1995 596 1552
 2799 4715 4716 3054 
1673 
 1995 864 1552 594
 4715 1679 4717 3055 
1674 
 596 1552 1551 1996
 3052 4718 3054 4720 
1675 
 1552 594 1996 1547
 4718 3044 3055 4721 
1676 
 1551 1996 585 1533
 3053 4719 4720 3016 
1677 
 1996 1547 1533 105
 4719 3045 4721 3017 
1678 
 595 1550 1549 1997
 3048 4722 3050 4724 
1679 
 1550 596 1997 1551
 4722 3052 3051 4725 
1680 
 1549 1997 134 841
 3049 4723 4724 1632 
1681 
 1997 1551 841 585
 4723 3053 4725 1633 
1682 
 570 1510 1511 1998
 2972 4726 2970 4728 
1683 
 1510 179 1998 915
 4726 1780 2971 4729 
1684 
 1511 1998 598 1557
 2973 4727 4728 3064 
1685 
 1998 915 1557 595
 4727 1781 4729 3065 
1686 
 598 1557 1556 1999
 3062 4730 3064 4732 
1687 
 1557 595 1999 1549
 4730 3048 3065 4733 
1688 
 1556 1999 498 1408
 3063 4731 4732 2766 
1689 
 1999 1549 1408 134
 4731 3049 4733 2767 
1690 
 597 1554 1553 2000
 3056 4734 3058 4736 
1691 
 1554 598 2000 1556
 4734 3062 3059 4737 
1692 
 1553 2000 98 767
 3057 4735 4736 1484 
1693 
 2000 1556 767 498
 4735 3063 4737 1485 
1694 
 157 878 879 2001
 1708 4738 1706 4740 
1695 
 878 570 2001 1511
 4738 2972 1707 4741 
1696 
 879 2001 597 1554
 1709 4739 4740 3058 
1697 
 2001 1511 1554 598
 4739 2973 4741 3059 
1698 
 530 1450 1449 2002
 2848 4742 2850 4744 
1699 
 1450 599 2002 1558
 4742 3066 2851 4745 
1700 
 1449 2002 96 763
 2849 4743 4744 1476 
1701 
 2002 1558 763 469
 4743 3067 4745 1477 
1702 
 111 795 797 2003
 1544 4746 1540 4748 
1703 
 795 305 2003 1055
 4746 2060 1541 4749 
1704 
 797 2003 530 1450
 1545 4747 4748 2850 
1705 
 2003 1055 1450 599
 4747 2061 4749 2851 
1706 
 305 1053 1055 2004
 2060 4750 2056 4752 
1707 
 1053 154 2004 872
 4750 1694 2057 4753 
1708 
 1055 2004 599 1559
 2061 4751 4752 3068 
1709 
 2004 872 1559 565
 4751 1695 4753 3069 
1710 
 599 1559 1558 2005
 3066 4754 3068 4756 
1711 
 1559 565 2005 1501
 4754 2952 3069 4757 
1712 
 1558 2005 469 1348
 3067 4755 4756 2646 
1713 
 2005 1501 1348 119
 4755 2953 4757 2647 
1714 
 532 1454 1453 2006
 2856 4758 2858 4760 
1715 
 1454 600 2006 1560
 4758 3070 2859 4761 
1716 
 1453 2006 141 856
 2857 4759 4760 1662 
1717 
 2006 1560 856 528
 4759 3071 4761 1663 
1718 
 157 879 877 2007
 1704 4762 1708 4764 
1719 
 879 597 2007 1555
 4762 3060 1709 4765 
1720 
 877 2007 532 1454
 1705 4763 4764 2858 
1721 
 2007 1555 1454 600
 4763 3061 4765 2859 
1722 
 597 1553 1555 2008
 3060 4766 3056 4768 
1723 
 1553 98 2008 768
 4766 1486 3057 4769 
1724 
 1555 2008 600 1561
 3061 4767 4768 3072 
1725 
 2008 768 1561 572
 4767 1487 4769 3073 
1726 
 600 1561 1560 2009
 3070 4770 3072 4772 
1727 
 1561 572 2009 1514
 4770 2978 3073 4773 
1728 
 1560 2009 528 1445
 3071 4771 4772 2840 
1729 
 2009 1514 1445 133
 4771 2979 4773 2841 
1730 
 109 791 790 2010
 1530 4774 1532 4776 
1731 
 791 387 2010 1204
 4774 2358 1533 4777 
1732 
 790 2010 220 957
 1531 4775 4776 1864 
1733 
 2010 1204 957 601
 4775 2359 4777 1865 
1734 
 387 1203 1204 2011
 2358 4778 2356 4780 
1735 
 1203 5 2011 630
 4778 1210 2357 4781 
1736 
 1204 2011 601 1562
 2359 4779 4780 3074 
1737 
 2011 630 1562 6
 4779 1211 4781 3075 
1738 
 601 1562 1563 2012
 3076 4782 3074 4784 
1739 
 1562 6 2012 631
 4782 1212 3075 4785 
1740 
 1563 2012 581 1526
 3077 4783 4784 3002 
1741 
 2012 631 1526 7
 4783 1213 4785 3003 
1742 
 220 957 956 2013
 1862 4786 1864 4788 
1743 
 957 601 2013 1563
 4786 3076 1865 4789 
1744 
 956 2013 140 854
 1863 4787 4788 1658 
1745 
 2013 1563 854 581
 4787 3077 4789 1659 
1746 
 577 1517 1518 2014
 2986 4790 2984 4792 
1747 
 1517 136 2014 845
 4790 1640 2985 4793 
1748 
 1518 2014 602 1564
 2987 4791 4792 3078 
1749 
 2014 845 1564 541
 4791 1641 4793 3079 
1750 
 602 1564 1565 2015
 3080 4794 3078 4796 
1751 
 1564 541 2015 1466
 4794 2882 3079 4797 
1752 
 1565 2015 557 1489
 3081 4795 4796 2928 
1753 
 2015 1466 1489 107
 4795 2883 4797 2929 
1754 
 31 655 654 2016
 1258 4798 1260 4800 
1755 
 655 602 2016 1565
 4798 3080 1261 4801 
1756 
 654 2016 30 653
 1259 4799 4800 1256 
1757 
 2016 1565 653 557
 4799 3081 4801 1257 
1758 
 32 657 656 2017
 1262 4802 1264 4804 
1759 
 657 577 2017 1518
 4802 2986 1265 4805 
1760 
 656 2017 31 655
 1263 4803 4804 1260 
1761 
 2017 1518 655 602
 4803 2987 4805 1261 
1762 
 128 829 831 2018
 1612 4806 1608 4808 
1763 
 829 359 2018 1148
 4806 2246 1609 4809 
1764 
 831 2018 402 1235
 1613 4807 4808 2420 
1765 
 2018 1148 1235 604
 4807 2247 4809 2421 
1766 
 359 1147 1148 2019
 2246 4810 2244 4812 
1767 
 1147 53 2019 696
 4810 1342 2245 4813 
1768 
 1148 2019 604 1567
 2247 4811 4812 3084 
1769 
 2019 696 1567 54
 4811 1343 4813 3085 
1770 
 604 1567 1568 2020
 3086 4814 3084 4816 
1771 
 1567 54 2020 697
 4814 1344 3085 4817 
1772 
 1568 2020 603 1566
 3087 4815 4816 3082 
1773 
 2020 697 1566 55
 4815 1345 4817 3083 
1774 
 402 1235 1233 2021
 2416 4818 2420 4820 
1775 
 1235 604 2021 1568
 4818 3086 2421 4821 
1776 
 1233 2021 104 781
 2417 4819 4820 1512 
1777 
 2021 1568 781 603
 4819 3087 4821 1513 
1778 
 137 848 846 2022
 1642 4822 1646 4824 
1779 
 848 605 2022 1570
 4822 3090 1647 4825 
1780 
 846 2022 590 1540
 1643 4823 4824 3030 
1781 
 2022 1570 1540 606
 4823 3091 4825 3031 
1782 
 605 1569 1570 2023
 3090 4826 3088 4828 
1783 
 1569 104 2023 781
 4826 1512 3089 4829 
1784 
 1570 2023 606 1573
 3091 4827 4828 3096 
1785 
 2023 781 1573 603
 4827 1513 4829 3097 
1786 
 606 1573 1572 2024
 3094 4830 3096 4832 
1787 
 1573 603 2024 1566
 4830 3082 3097 4833 
1788 
 1572 2024 56 698
 3095 4831 4832 1346 
1789 
 2024 1566 698 55
 4831 3083 4833 1347 
1790 
 590 1540 1538 2025
 3026 4834 3030 4836 
1791 
 1540 606 2025 1572
 4834 3094 3031 4837 
1792 
 1538 2025 57 699
 3027 4835 4836 1348 
1793 
 2025 1572 699 56
 4835 3095 4837 1349 
1794 
 607 1575 1574 2026
 3098 4838 3100 4840 
1795 
 1575 609 2026 1579
 4838 3108 3101 4841 
1796 
 1574 2026 117 810
 3099 4839 4840 1570 
1797 
 2026 1579 810 608
 4839 3109 4841 1571 
1798 
 135 842 843 2027
 1636 4842 1634 4844 
1799 
 842 471 2027 1352
 4842 2654 1635 4845 
1800 
 843 2027 607 1575
 1637 4843 4844 3100 
1801 
 2027 1352 1575 609
 4843 2655 4845 3101 
1802 
 471 1351 1352 2028
 2654 4846 2652 4848 
1803 
 1351 144 2028 859
 4846 1668 2653 4849 
1804 
 1352 2028 609 1578
 2655 4847 4848 3106 
1805 
 2028 859 1578 436
 4847 1669 4849 3107 
1806 
 609 1578 1579 2029
 3108 4850 3106 4852 
1807 
 1578 436 2029 1297
 4850 2544 3107 4853 
1808 
 1579 2029 608 1576
 3109 4851 4852 3102 
1809 
 2029 1297 1576 160
 4851 2545 4853 3103 
1810 
 612 1581 1582 2030
 3114 4854 3112 4856 
1811 
 1581 180 2030 917
 4854 1784 3113 4857 
1812 
 1582 2030 613 1585
 3115 4855 4856 3120 
1813 
 2030 917 1585 610
 4855 1785 4857 3121 
1814 
 613 1585 1584 2031
 3118 4858 3120 4860 
1815 
 1585 610 2031 1580
 4858 3110 3121 4861 
1816 
 1584 2031 400 1230
 3119 4859 4860 2410 
1817 
 2031 1580 1230 147
 4859 3111 4861 2411 
1818 
 605 1571 1569 2032
 3088 4862 3092 4864 
1819 
 1571 613 2032 1584
 4862 3118 3093 4865 
1820 
 1569 2032 104 780
 3089 4863 4864 1510 
1821 
 2032 1584 780 400
 4863 3119 4865 1511 
1822 
 137 849 848 2033
 1646 4866 1648 4868 
1823 
 849 612 2033 1582
 4866 3114 1649 4869 
1824 
 848 2033 605 1571
 1647 4867 4868 3092 
1825 
 2033 1582 1571 613
 4867 3115 4869 3093 
1826 
 117 810 811 2034
 1572 4870 1570 4872 
1827 
 810 608 2034 1577
 4870 3104 1571 4873 
1828 
 811 2034 614 1587
 1573 4871 4872 3124 
1829 
 2034 1577 1587 615
 4871 3105 4873 3125 
1830 
 608 1576 1577 2035
 3104 4874 3102 4876 
1831 
 1576 160 2035 881
 4874 1712 3103 4877 
1832 
 1577 2035 615 1589
 3105 4875 4876 3128 
1833 
 2035 881 1589 444
 4875 1713 4877 3129 
1834 
 615 1589 1588 2036
 3126 4878 3128 4880 
1835 
 1589 444 2036 1306
 4878 2562 3129 4881 
1836 
 1588 2036 352 1136
 3127 4879 4880 2222 
1837 
 2036 1306 1136 122
 4879 2563 4881 2223 
1838 
 614 1587 1586 2037
 3122 4882 3124 4884 
1839 
 1587 615 2037 1588
 4882 3126 3125 4885 
1840 
 1586 2037 106 784
 3123 4883 4884 1518 
1841 
 2037 1588 784 352
 4883 3127 4885 1519 
1842 
 612 1583 1581 2038
 3112 4886 3116 4888 
1843 
 1583 617 2038 1591
 4886 3132 3117 4889 
1844 
 1581 2038 180 916
 3113 4887 4888 1782 
1845 
 2038 1591 916 588
 4887 3133 4889 1783 
1846 
 137 847 849 2039
 1648 4890 1644 4892 
1847 
 847 592 2039 1544
 4890 3038 1645 4893 
1848 
 849 2039 612 1583
 1649 4891 4892 3116 
1849 
 2039 1544 1583 617
 4891 3039 4893 3117 
1850 
 592 1542 1544 2040
 3038 4894 3034 4896 
1851 
 1542 99 2040 770
 4894 1490 3035 4897 
1852 
 1544 2040 617 1592
 3039 4895 4896 3134 
1853 
 2040 770 1592 616
 4895 1491 4897 3135 
1854 
 617 1592 1591 2041
 3132 4898 3134 4900 
1855 
 1592 616 2041 1590
 4898 3130 3135 4901 
1856 
 1591 2041 588 1537
 3133 4899 4900 3024 
1857 
 2041 1590 1537 159
 4899 3131 4901 3025 
1858 
 482 1375 1376 2042
 2702 4902 2700 4904 
1859 
 1375 135 2042 843
 4902 1636 2701 4905 
1860 
 1376 2042 619 1595
 2703 4903 4904 3140 
1861 
 2042 843 1595 607
 4903 1637 4905 3141 
1862 
 619 1595 1596 2043
 3142 4906 3140 4908 
1863 
 1595 607 2043 1574
 4906 3098 3141 4909 
1864 
 1596 2043 618 1593
 3143 4907 4908 3136 
1865 
 2043 1574 1593 117
 4907 3099 4909 3137 
1866 
 79 728 727 2044
 1404 4910 1406 4912 
1867 
 728 619 2044 1596
 4910 3142 1407 4913 
1868 
 727 2044 78 726
 1405 4911 4912 1402 
1869 
 2044 1596 726 618
 4911 3143 4913 1403 
1870 
 80 730 729 2045
 1408 4914 1410 4916 
1871 
 730 482 2045 1376
 4914 2702 1411 4917 
1872 
 729 2045 79 728
 1409 4915 4916 1406 
1873 
 2045 1376 728 619
 4915 2703 4917 1407 
1874 
 621 1601 1600 2046
 3150 4918 3152 4920 
1875 
 1601 591 2046 1541
 4918 3032 3153 4921 
1876 
 1600 2046 60 702
 3151 4919 4920 1354 
1877 
 2046 1541 702 59
 4919 3033 4921 1355 
1878 
 292 1029 1028 2047
 2006 4922 2008 4924 
1879 
 1029 621 2047 1600
 4922 3150 2009 4925 
1880 
 1028 2047 61 703
 2007 4923 4924 1356 
1881 
 2047 1600 703 60
 4923 3151 4925 1357 
1882 
 132 838 836 2048
 1622 4926 1626 4928 
1883 
 838 620 2048 1598
 4926 3146 1627 4929 
1884 
 836 2048 292 1029
 1623 4927 4928 2008 
1885 
 2048 1598 1029 621
 4927 3147 4929 2009 
1886 
 620 1597 1598 2049
 3146 4930 3144 4932 
1887 
 1597 99 2049 769
 4930 1488 3145 4933 
1888 
 1598 2049 621 1601
 3147 4931 4932 3152 
1889 
 2049 769 1601 591
 4931 1489 4933 3153 
1890 
 622 1602 1603 2050
 3156 4934 3154 4936 
1891 
 1602 217 2050 951
 4934 1852 3155 4937 
1892 
 1603 2050 583 1529
 3157 4935 4936 3008 
1893 
 2050 951 1529 140
 4935 1853 4937 3009 
1894 
 594 1548 1547 2051
 3044 4938 3046 4940 
1895 
 1548 622 2051 1603
 4938 3156 3047 4941 
1896 
 1547 2051 105 783
 3045 4939 4940 1516 
1897 
 2051 1603 783 583
 4939 3157 4941 1517 
1898 
 149 863 864 2052
 1678 4942 1676 4944 
1899 
 863 239 2052 961
 4942 1872 1677 4945 
1900 
 864 2052 594 1548
 1679 4943 4944 3046 
1901 
 2052 961 1548 622
 4943 1873 4945 3047 
1902 
 239 960 961 2053
 1872 4946 1870 4948 
1903 
 960 145 2053 860
 4946 1670 1871 4949 
1904 
 961 2053 622 1602
 1873 4947 4948 3154 
1905 
 2053 860 1602 217
 4947 1671 4949 3155 
1906 
 563 1497 1498 2054
 2946 4950 2944 4952 
1907 
 1497 143 2054 858
 4950 1666 2945 4953 
1908 
 1498 2054 623 1604
 2947 4951 4952 3158 
1909 
 2054 858 1604 574
 4951 1667 4953 3159 
1910 
 623 1604 1605 2055
 3160 4954 3158 4956 
1911 
 1604 574 2055 1515
 4954 2980 3159 4957 
1912 
 1605 2055 616 1590
 3161 4955 4956 3130 
1913 
 2055 1515 1590 159
 4955 2981 4957 3131 
1914 
 620 1599 1597 2056
 3144 4958 3148 4960 
1915 
 1599 623 2056 1605
 4958 3160 3149 4961 
1916 
 1597 2056 99 770
 3145 4959 4960 1490 
1917 
 2056 1605 770 616
 4959 3161 4961 1491 
1918 
 132 837 838 2057
 1626 4962 1624 4964 
1919 
 837 563 2057 1498
 4962 2946 1625 4965 
1920 
 838 2057 620 1599
 1627 4963 4964 3148 
1921 
 2057 1498 1599 623
 4963 2947 4965 3149 
1922 
 78 726 725 2058
 1400 4966 1402 4968 
1923 
 726 618 2058 1594
 4966 3138 1403 4969 
1924 
 725 2058 77 724
 1401 4967 4968 1398 
1925 
 2058 1594 724 624
 4967 3139 4969 1399 
1926 
 618 1593 1594 2059
 3138 4970 3136 4972 
1927 
 1593 117 2059 811
 4970 1572 3137 4973 
1928 
 1594 2059 624 1607
 3139 4971 4972 3164 
1929 
 2059 811 1607 614
 4971 1573 4973 3165 
1930 
 624 1607 1606 2060
 3162 4974 3164 4976 
1931 
 1607 614 2060 1586
 4974 3122 3165 4977 
1932 
 1606 2060 299 1042
 3163 4975 4976 2034 
1933 
 2060 1586 1042 106
 4975 3123 4977 2035 
1934 
 77 724 723 2061
 1396 4978 1398 4980 
1935 
 724 624 2061 1606
 4978 3162 1399 4981 
1936 
 723 2061 76 722
 1397 4979 4980 1394 
1937 
 2061 1606 722 299
 4979 3163 4981 1395 
