464 2 1
 465 2 1
 472 0 4
 473 0 4
 662 0 2
 663 0 2
 742 2 1
 742 0 4
 743 2 1
 745 0 4
 758 0 1
 759 0 1
 786 0 3
 787 0 3
 822 0 3
 825 0 3
 936 2 3
 939 2 3
 946 0 1
 947 0 1
 983 0 2
 984 0 2
 1117 0 3
 1118 0 3
 1279 0 1
 1280 0 1
 1413 0 2
 1414 0 2
 1445 0 4
 1446 0 4
 1464 0 4
 1465 0 4
 1529 2 1
 1530 2 1
 1648 0 2
 1649 0 2
 1687 2 1
 1687 0 3
 1688 0 3
 1690 2 1
 1700 0 3
 1701 0 3
 2002 0 2
 2003 0 2
 2130 2 1
 2131 2 1
 2335 0 2
 2336 0 2
 2388 0 4
 2389 0 4
 2393 0 1
 2394 0 1
 2404 0 1
 2405 0 1
 2432 0 1
 2433 0 1
 2436 0 2
 2437 0 2
 2444 0 2
 2445 0 2
 2474 0 1
 2475 0 1
 2478 0 3
 2479 0 3
 2494 0 2
 2495 0 2
 2660 0 2
 2661 0 2
 2720 0 4
 2721 0 4
 2888 0 2
 2889 0 2
 2892 0 4
 2893 0 4
 2914 0 1
 2915 0 1
 2959 0 4
 2960 0 4
 3021 0 4
 3022 0 4
 3326 0 2
 3327 0 2
 3331 0 2
 3332 0 2
 3694 0 4
 3695 0 4
 4120 0 1
 4121 0 1
 4167 0 3
 4168 0 3
 4212 0 2
 4213 0 2
 4220 0 2
 4221 0 2
 4235 0 1
 4236 0 1
 4240 0 1
 4241 0 1
 4244 0 2
 4245 0 2
 4248 0 2
 4249 0 2
 4252 0 2
 4253 0 2
 4259 0 2
 4260 0 2
 4272 0 4
 4273 0 4
 4275 0 3
 4276 0 3
 4280 0 2
 4281 0 2
 4284 0 2
 4285 0 2
 4292 0 4
 4293 0 4
 4296 0 2
 4297 0 2
 4300 0 2
 4301 0 2
 4303 0 2
 4304 0 2
 4308 0 2
 4309 0 2
 4311 0 3
 4312 0 3
 4315 0 4
 4316 0 4
 4320 0 4
 4321 0 4
 4324 0 2
 4325 0 2
 4327 0 2
 4328 0 2
 4332 0 1
 4333 0 1
 4340 0 1
 4341 0 1
 4347 0 3
 4348 0 3
 4352 0 1
 4353 0 1
 4356 0 1
 4357 0 1
 4368 0 3
 4369 0 3
 4372 0 3
 4373 0 3
 4384 0 4
 4385 0 4
 4388 0 2
 4389 0 2
 4392 0 4
 4393 0 4
 4396 0 2
 4397 0 2
 4400 0 2
 4401 0 2
 4403 0 2
 4404 0 2
 4407 0 2
 4408 0 2
 4412 0 2
 4413 0 2
 4415 0 4
 4416 0 4
 4424 0 3
 4425 0 3
 4428 0 3
 4429 0 3
 4443 0 2
 4444 0 2
 4459 0 1
 4460 0 1
 4471 0 2
 4472 0 2
 4475 0 2
 4476 0 2
 4480 0 4
 4481 0 4
 4484 0 2
 4485 0 2
 4500 0 2
 4501 0 2
 4508 0 1
 4509 0 1
 4515 0 4
 4516 0 4
 4520 0 2
 4521 0 2
 4556 0 2
 4557 0 2
 4560 0 2
 4561 0 2
 4564 0 2
 4565 0 2
 4568 0 2
 4569 0 2
 4572 0 2
 4573 0 2
 4576 0 2
 4577 0 2
 4580 0 4
 4581 0 4
 4584 0 4
 4585 0 4
 4596 0 2
 4597 0 2
 4600 0 2
 4601 0 2
 4632 0 3
 4633 0 3
 4636 0 3
 4637 0 3
 4641 0 4
 4642 0 4
 4654 0 1
 4655 0 1
 4657 0 3
 4658 0 3
 4666 0 2
 4667 0 2
 4670 0 3
 4671 0 3
 4686 0 3
 4687 0 3
 4690 0 1
 4691 0 1
 4745 0 1
 4746 0 1
 4775 0 3
 4776 0 3
 4808 0 4
 4809 0 4
 4859 0 1
 4860 0 1
 4903 0 3
 4904 0 3
 4908 0 1
 4909 0 1
 4948 0 3
 4949 0 3
 4955 0 1
 4956 0 1
 4979 0 3
 4980 0 3
 4997 0 1
 4998 0 1
 5002 0 1
 5003 0 1
 5013 0 3
 5014 0 3
 5038 0 2
 5039 0 2
 5069 0 4
 5070 0 4
 5074 0 4
 5075 0 4
 5088 0 1
 5179 0 4
 5180 0 4
 5190 0 2
 5191 0 2
 5195 0 2
 5196 0 2
 5222 0 3
 5223 0 3
 5230 0 1
 5231 0 1
 5235 0 3
 5236 0 3
 5246 0 4
 5247 0 4
 5251 0 4
 5252 0 4
 5271 0 4
 5272 0 4
 5277 0 3
 5280 0 3
 5287 0 1
 5288 0 1
 5305 0 2
 5308 0 2
 5325 0 4
 5326 0 4
 5365 0 1
 5366 0 1
 5396 0 4
 5397 0 4
 5412 0 2
 5415 0 2
 5433 0 2
 5434 0 2
 5482 0 4
 5485 0 4
 5506 0 2
 5509 0 2
 5636 2 1
 5637 2 1
 5641 2 1
 5642 2 1
 5732 0 2
 5735 0 2
 5737 2 3
 5738 2 3
 5744 0 2
 5745 0 2
 5748 0 3
 5749 0 3
 5752 0 1
 5755 0 1
 5798 0 4
 5801 0 4
 5814 0 4
 5817 0 4
 5827 0 1
 5830 0 1
 5857 0 4
 5860 0 4
 5895 0 3
 5896 0 3
 5899 0 3
 5900 0 3
 5903 0 1
 5906 0 1
 5907 0 3
 5908 0 3
 6062 2 1
 6063 2 1
 6096 0 3
 6097 0 3
 6100 0 1
 6101 0 1
 6104 0 1
 6105 0 1
 6108 0 1
 6109 0 1
 6113 0 1
 6114 0 1
 6116 0 3
 6117 0 3
 6120 0 3
 6121 0 3
 6142 0 3
 6143 0 3
 6146 0 1
 6147 0 1
 6150 0 1
 6151 0 1
 6154 0 1
 6155 0 1
 6158 0 1
 6159 0 1
 6191 0 1
 6192 0 1
 6214 0 4
 6237 2 1
 6238 2 1
 6245 0 2
 6246 0 2
 6289 0 2
 6290 0 2
 6292 0 2
 6293 0 2
 6296 0 2
 6297 0 2
 6321 0 3
 6322 0 3
 6325 0 3
 6326 0 3
 6329 0 1
 6330 0 1
 6333 0 1
 6334 0 1
 6336 0 1
 6337 0 1
 6340 0 1
 6341 0 1
 6344 0 1
 6345 0 1
 6348 0 1
 6349 0 1
 6353 0 1
 6354 0 1
 6356 0 1
 6357 0 1
 6361 0 1
 6362 0 1
 6364 0 1
 6365 0 1
 6369 0 3
 6370 0 3
 6373 0 3
 6374 0 3
 6388 0 2
 6389 0 2
 6518 0 3
 6519 0 3
 7055 0 3
 7056 0 3
 7059 0 1
 7060 0 1
 7063 0 1
 7064 0 1
 7067 0 1
 7068 0 1
 7071 0 1
 7072 0 1
 7075 0 1
 7076 0 1
 7079 0 1
 7080 0 1
 7082 0 1
 7083 0 1
 7087 0 1
 7088 0 1
 7091 0 1
 7092 0 1
 7095 0 1
 7096 0 1
 7099 0 1
 7100 0 1
 7459 2 3
 7460 2 3
 7469 2 1
 7472 2 1
 7497 0 3
 7498 0 3
 7524 2 1
 7525 2 1
 7551 0 1
 7554 0 1
 7595 0 3
 7598 0 3
 7599 0 1
 7602 0 1
 7603 0 3
 7604 0 3
 7607 0 1
 7610 0 1
 7659 0 1
 7660 0 1
 7663 0 1
 7664 0 1
 7667 0 1
 7668 0 1
 7679 0 1
 7680 0 1
 7718 2 3
 7719 2 3
 7723 2 3
 7724 2 3
 7741 0 3
 7742 0 3
 7747 0 4
 7748 0 4
 7750 2 3
 7751 2 3
 7757 2 1
 7760 2 1
 7773 2 3
 7776 2 3
 7781 0 3
 7782 0 3
 7789 2 3
 7792 2 3
 7797 0 2
 7798 0 2
 7809 0 2
 7810 0 2
 7810 0 4
 7811 0 4
 7813 0 2
 7816 0 2
 7817 0 4
 7818 0 4
 8829 0 1
 8831 0 1
 8833 0 1
 8835 0 1
 9334 0 2
 9336 0 2
 9346 0 2
 9348 0 2
 9445 0 1
 9447 0 1
 9449 0 1
 9449 1 3
 9450 1 3
 9451 0 1
 9453 1 3
 9454 1 3
 9771 0 4
 9772 0 4
 9775 0 4
 9776 0 4
 10197 1 3
 10198 1 3
 10201 1 3
 10202 1 3
 10433 0 1
 10435 0 1
 10437 0 1
 10439 0 1
 10705 0 1
 10707 0 1
 10709 0 1
 10711 0 1
 12645 0 3
 12646 0 3
 12649 0 3
 12650 0 3
 12845 0 1
 12847 0 1
 12857 0 1
 12859 0 1
 13577 0 3
 13578 0 3
 13581 0 3
 13582 0 3
 13665 0 3
 13666 0 3
 13669 0 3
 13670 0 3
 13681 0 1
 13683 0 1
 13685 0 1
 13687 0 1
 13697 0 3
 13698 0 3
 13701 0 3
 13702 0 3
 13729 0 3
 13730 0 3
 13733 0 3
 13734 0 3
 13771 0 4
 13772 0 4
 13783 0 4
 13784 0 4
 13837 0 1
 13839 0 1
 13841 0 1
 13843 0 1
 13857 0 1
 13859 0 1
 13861 0 1
 13863 0 1
 13889 0 3
 13890 0 3
 13893 0 3
 13894 0 3
 13937 0 1
 13939 0 1
 13941 0 1
 13943 0 1
 14129 0 3
 14130 0 3
 14133 0 3
 14134 0 3
 14145 0 3
 14146 0 3
 14149 0 3
 14150 0 3
 14161 0 1
 14163 0 1
 14165 0 1
 14167 0 1
 14177 0 1
 14179 0 1
 14181 0 1
 14183 0 1
 14321 0 1
 14323 0 1
 14325 0 1
 14327 0 1
 14417 0 3
 14418 0 3
 14421 0 3
 14422 0 3
 14545 0 1
 14547 0 1
 14549 0 1
 14551 0 1
 14641 0 1
 14643 0 1
 14645 0 1
 14647 0 1
 14749 1 3
 14750 1 3
 14753 1 3
 14754 1 3
 14769 1 3
 14770 1 3
 14773 1 3
 14774 1 3
 14797 0 1
 14799 0 1
 14801 0 1
 14803 0 1
 14917 0 1
 14919 0 1
 14921 0 1
 14923 0 1
 14945 1 3
 14946 1 3
 14957 1 3
 14958 1 3
 14981 0 3
 14982 0 3
 14985 0 3
 14986 0 3
 15281 0 3
 15282 0 3
 15285 0 3
 15286 0 3
 15321 0 3
 15322 0 3
 15325 0 3
 15326 0 3
 15409 0 1
 15411 0 1
 15413 0 1
 15415 0 1
 16009 0 3
 16010 0 3
 16013 0 3
 16014 0 3
 16025 0 3
 16026 0 3
 16029 0 3
 16030 0 3
 16037 0 1
 16039 0 1
 16053 0 1
 16055 0 1
 16057 0 1
 16059 0 1
 16065 0 1
 16067 0 1
 16069 0 1
 16071 0 1
 16085 0 3
 16086 0 3
 16089 0 3
 16090 0 3
 16101 0 1
 16103 0 1
 16105 0 1
 16107 0 1
 16113 0 1
 16115 0 1
 16117 0 1
 16119 0 1
 16129 0 1
 16131 0 1
 16133 0 1
 16135 0 1
 16149 0 1
 16151 0 1
 16153 0 1
 16155 0 1
 16181 0 1
 16183 0 1
 16185 0 1
 16187 0 1
 16197 0 3
 16198 0 3
 16201 0 3
 16202 0 3
 16245 0 3
 16246 0 3
 16249 0 3
 16250 0 3
 16277 0 3
 16278 0 3
 16281 0 3
 16282 0 3
 16309 0 3
 16310 0 3
 16313 0 3
 16314 0 3
 16325 0 1
 16327 0 1
 16329 0 1
 16331 0 1
 16341 0 3
 16342 0 3
 16345 0 3
 16346 0 3
 16357 0 3
 16358 0 3
 16361 0 3
 16362 0 3
 16373 0 3
 16374 0 3
 16377 0 3
 16378 0 3
 16389 0 1
 16391 0 1
 16393 0 1
 16395 0 1
 16421 0 3
 16422 0 3
 16425 0 3
 16426 0 3
 16581 1 3
 16582 1 3
 16585 1 3
 16586 1 3
 16639 0 4
 16640 0 4
 16651 0 4
 16652 0 4
 16873 0 1
 16875 0 1
 16885 0 1
 16887 0 1
 16905 0 1
 16907 0 1
 16917 0 1
 16919 0 1
 16973 0 3
 16974 0 3
 16985 0 3
 16986 0 3
 17005 0 1
 17007 0 1
 17017 0 1
 17019 0 1
 17081 0 1
 17083 0 1
 17085 0 1
 17087 0 1
 17097 0 3
 17098 0 3
 17101 0 3
 17102 0 3
 17145 0 3
 17146 0 3
 17149 0 3
 17150 0 3
 17161 0 1
 17163 0 1
 17165 0 1
 17167 0 1
 17181 0 1
 17183 0 1
 17185 0 1
 17187 0 1
 17209 0 1
 17211 0 1
 17213 0 1
 17215 0 1
 17225 0 3
 17226 0 3
 17229 0 3
 17230 0 3
 17241 0 1
 17243 0 1
 17245 0 1
 17247 0 1
 17565 0 1
 17567 0 1
 17569 0 1
 17571 0 1
 17581 0 3
 17582 0 3
 17585 0 3
 17586 0 3
 17931 0 4
 17932 0 4
 17943 0 4
 17944 0 4
 17947 0 4
 17948 0 4
 17959 0 4
 17960 0 4
 18111 0 4
 18112 0 4
 18123 0 4
 18124 0 4
 18150 0 2
 18152 0 2
 18162 0 2
 18164 0 2
 18305 0 1
 18307 0 1
 18317 0 1
 18319 0 1
 18365 0 3
 18366 0 3
 18377 0 3
 18378 0 3
 18413 0 3
 18414 0 3
 18417 0 3
 18418 0 3
 18509 1 1
 18511 1 1
 18513 1 1
 18513 0 3
 18514 0 3
 18515 1 1
 18517 0 3
 18518 0 3
 18661 1 3
 18662 1 3
 18673 1 3
 18674 1 3
 18741 0 3
 18742 0 3
 18753 0 3
 18754 0 3
 18947 0 4
 18948 0 4
 18951 0 4
 18952 0 4
 18991 0 4
 18992 0 4
 19034 0 2
 19036 0 2
 19038 0 2
 19040 0 2
 19055 0 4
 19056 0 4
 19059 0 4
 19060 0 4
 19117 0 1
 19119 0 1
 19121 0 1
 19123 0 1
 19150 0 2
 19152 0 2
 19154 0 2
 19156 0 2
 19198 0 2
 19200 0 2
 19202 0 2
 19204 0 2
 19230 0 2
 19232 0 2
 19234 0 2
 19236 0 2
 19347 0 4
 19348 0 4
 19351 0 4
 19352 0 4
 19411 0 4
 19412 0 4
 19415 0 4
 19416 0 4
 19591 0 4
 19592 0 4
 19595 0 4
 19596 0 4
 19885 0 3
 19886 0 3
 19889 0 3
 19890 0 3
 20001 0 1
 20003 0 1
 20005 0 1
 20007 0 1
 20053 0 1
 20055 0 1
 20057 0 1
 20059 0 1
 20129 0 1
 20131 0 1
 20133 0 1
 20135 0 1
 20145 0 1
 20147 0 1
 20149 0 1
 20151 0 1
 20181 0 1
 20183 0 1
 20185 0 1
 20187 0 1
 20193 0 3
 20194 0 3
 20197 0 3
 20198 0 3
 20213 0 3
 20214 0 3
 20217 0 3
 20218 0 3
 20225 0 1
 20227 0 1
 20229 0 1
 20231 0 1
 20389 0 3
 20390 0 3
 20393 0 3
 20394 0 3
 20487 0 4
 20488 0 4
 20491 0 4
 20492 0 4
 20535 0 4
 20536 0 4
 20539 0 4
 20540 0 4
 20550 0 2
 20552 0 2
 20562 0 2
 20564 0 2
 20566 0 2
 20568 0 2
 20578 0 2
 20580 0 2
 20615 0 4
 20616 0 4
 20619 0 4
 20620 0 4
 20646 0 2
 20648 0 2
 20650 0 2
 20652 0 2
 20663 0 4
 20664 0 4
 20675 0 4
 20676 0 4
 20677 1 3
 20678 1 3
 20681 1 3
 20682 1 3
 20781 0 3
 20782 0 3
 20785 0 3
 20786 0 3
 20805 0 3
 20806 0 3
 20809 0 3
 20810 0 3
 20813 0 3
 20814 0 3
 20825 0 3
 20826 0 3
 20829 0 3
 20830 0 3
 20833 0 3
 20834 0 3
 20845 0 3
 20846 0 3
 20849 0 3
 20850 0 3
 21021 1 3
 21022 1 3
 21033 1 3
 21034 1 3
 21037 0 3
 21038 0 3
 21041 0 3
 21042 0 3
 21071 0 4
 21072 0 4
 21083 0 4
 21084 0 4
 21138 0 2
 21140 0 2
 21142 0 2
 21144 0 2
 