55 0 2
 77 0 1
 78 0 1
 95 0 1
 96 0 1
 138 0 2
 139 0 2
 368 0 1
 369 0 1
 535 0 2
 536 0 2
 540 0 4
 543 0 4
 551 0 3
 552 0 3
 570 0 1
 571 0 1
 575 0 1
 576 0 1
 578 0 3
 579 0 3
 582 0 3
 583 0 3
 588 0 1
 589 0 1
 605 0 2
 606 0 2
 607 0 2
 611 0 3
 612 0 3
 733 0 1
 734 0 1
 736 0 1
 737 0 1
 741 0 1
 742 0 1
 745 0 1
 746 0 1
 749 0 1
 750 0 1
 753 0 1
 754 0 1
 792 0 3
 793 0 3
 835 0 1
 836 0 1
 839 0 1
 840 0 1
 843 0 1
 844 0 1
 889 0 2
 895 0 2
 896 0 2
 896 0 4
 897 0 4
 899 0 2
 902 0 2
 903 0 4
 904 0 4
 1807 0 1
 1809 0 1
 1823 0 1
 1825 0 1
 1827 0 1
 1829 0 1
 1835 0 3
 1836 0 3
 1839 0 3
 1840 0 3
 1897 0 4
 1898 0 4
 1909 0 4
 1910 0 4
 2233 0 4
 2234 0 4
 2560 0 2
 2562 0 2
 2572 0 2
 2574 0 2
 2576 0 2
 2578 0 2
 2588 0 2
 2590 0 2
 2625 0 4
 2626 0 4
 2633 0 4
 2634 0 4
 4407 2 1
 4409 2 1
 4411 2 1
 4413 2 1
 4441 0 4
 4442 0 4
 4445 0 4
 4446 0 4
 5064 0 2
 5066 0 2
 5319 2 1
 5321 2 1
 5321 0 4
 5322 0 4
 5323 2 1
 5325 2 1
 5333 0 4
 5334 0 4
 5443 0 3
 5444 0 3
 5447 0 3
 5448 0 3
 5587 0 3
 5588 0 3
 5599 0 3
 5600 0 3
 6007 2 3
 6008 2 3
 6019 2 3
 6020 2 3
 6176 0 2
 6178 0 2
 6180 0 2
 6182 0 2
 6635 0 3
 6636 0 3
 6639 0 3
 6640 0 3
 7283 0 1
 7285 0 1
 7287 0 1
 7289 0 1
 7837 0 4
 7838 0 4
 7841 0 4
 7842 0 4
 7897 0 4
 7898 0 4
 7901 0 4
 7902 0 4
 8155 2 1
 8157 2 1
 8159 2 1
 8161 2 1
 8552 0 2
 8554 0 2
 8556 0 2
 8558 0 2
 8691 2 1
 8691 0 3
 8692 0 3
 8693 2 1
 8695 0 3
 8696 0 3
 8703 2 1
 8705 2 1
 8743 0 3
 8744 0 3
 8747 0 3
 8748 0 3
 9808 0 2
 9810 0 2
 9812 0 2
 9814 0 2
 10263 2 1
 10265 2 1
 10267 2 1
 10269 2 1
 10964 0 2
 10966 0 2
 10968 0 2
 10970 0 2
 11153 0 4
 11154 0 4
 11157 0 4
 11158 0 4
 11171 0 1
 11173 0 1
 11175 0 1
 11177 0 1
 11199 0 1
 11201 0 1
 11203 0 1
 11205 0 1
 11295 0 1
 11297 0 1
 11299 0 1
 11301 0 1
 11312 0 2
 11314 0 2
 11316 0 2
 11318 0 2
 11344 0 2
 11346 0 2
 11348 0 2
 11350 0 2
 11463 0 1
 11465 0 1
 11467 0 1
 11469 0 1
 11479 0 3
 11480 0 3
 11483 0 3
 11484 0 3
 11544 0 2
 11546 0 2
 11548 0 2
 11550 0 2
 12164 0 2
 12166 0 2
 12168 0 2
 12170 0 2
 12357 0 4
 12358 0 4
 12361 0 4
 12362 0 4
 12972 0 2
 12974 0 2
 12976 0 2
 12978 0 2
 12989 0 4
 12990 0 4
 12993 0 4
 12994 0 4
 13075 0 1
 13077 0 1
 13079 0 1
 13081 0 1
 13249 0 4
 13250 0 4
 13253 0 4
 13254 0 4
 13497 0 4
 13498 0 4
 13501 0 4
 13502 0 4
 14692 0 2
 14694 0 2
 14696 0 2
 14698 0 2
 14712 0 2
 14714 0 2
 14716 0 2
 14718 0 2
 16117 0 4
 16118 0 4
 16121 0 4
 16122 0 4
 17791 0 3
 17792 0 3
 17795 0 3
 17796 0 3
 17956 0 2
 17958 0 2
 17960 0 2
 17962 0 2
 17988 0 2
 17990 0 2
 17992 0 2
 17994 0 2
 18047 0 1
 18049 0 1
 18051 0 1
 18053 0 1
 18067 0 1
 18069 0 1
 18071 0 1
 18073 0 1
 18084 0 2
 18086 0 2
 18088 0 2
 18090 0 2
 18100 0 2
 18102 0 2
 18104 0 2
 18106 0 2
 18116 0 2
 18118 0 2
 18120 0 2
 18122 0 2
 18144 0 2
 18146 0 2
 18148 0 2
 18150 0 2
 18197 0 4
 18198 0 4
 18201 0 4
 18202 0 4
 18207 0 3
 18208 0 3
 18211 0 3
 18212 0 3
 18228 0 2
 18230 0 2
 18232 0 2
 18234 0 2
 18244 0 2
 18246 0 2
 18248 0 2
 18250 0 2
 18277 0 4
 18278 0 4
 18281 0 4
 18282 0 4
 18292 0 2
 18294 0 2
 18296 0 2
 18298 0 2
 18308 0 2
 18310 0 2
 18312 0 2
 18314 0 2
 18320 0 2
 18322 0 2
 18324 0 2
 18326 0 2
 18340 0 2
 18342 0 2
 18344 0 2
 18346 0 2
 18351 0 3
 18352 0 3
 18355 0 3
 18356 0 3
 18369 0 4
 18370 0 4
 18373 0 4
 18374 0 4
 18389 0 4
 18390 0 4
 18393 0 4
 18394 0 4
 18404 0 2
 18406 0 2
 18408 0 2
 18410 0 2
 18416 0 2
 18418 0 2
 18420 0 2
 18422 0 2
 18435 0 1
 18437 0 1
 18439 0 1
 18441 0 1
 18467 0 1
 18469 0 1
 18471 0 1
 18473 0 1
 18495 0 3
 18496 0 3
 18499 0 3
 18500 0 3
 18515 0 1
 18517 0 1
 18519 0 1
 18521 0 1
 18531 0 1
 18533 0 1
 18535 0 1
 18537 0 1
 18579 0 3
 18580 0 3
 18583 0 3
 18584 0 3
 18595 0 3
 18596 0 3
 18599 0 3
 18600 0 3
 18645 0 4
 18646 0 4
 18649 0 4
 18650 0 4
 18660 0 2
 18662 0 2
 18664 0 2
 18666 0 2
 18677 0 4
 18678 0 4
 18681 0 4
 18682 0 4
 18692 0 2
 18694 0 2
 18696 0 2
 18698 0 2
 18708 0 2
 18710 0 2
 18712 0 2
 18714 0 2
 18720 0 2
 18722 0 2
 18724 0 2
 18726 0 2
 18736 0 2
 18738 0 2
 18740 0 2
 18742 0 2
 18756 0 2
 18758 0 2
 18760 0 2
 18762 0 2
 18769 0 4
 18770 0 4
 18773 0 4
 18774 0 4
 18803 0 3
 18804 0 3
 18807 0 3
 18808 0 3
 18819 0 3
 18820 0 3
 18823 0 3
 18824 0 3
 18880 0 2
 18882 0 2
 18884 0 2
 18886 0 2
 18927 0 1
 18929 0 1
 18931 0 1
 18933 0 1
 18976 0 2
 18978 0 2
 18980 0 2
 18982 0 2
 18992 0 2
 18994 0 2
 18996 0 2
 18998 0 2
 19013 0 4
 19014 0 4
 19017 0 4
 19018 0 4
 19028 0 2
 19030 0 2
 19032 0 2
 19034 0 2
 19076 0 2
 19078 0 2
 19080 0 2
 19082 0 2
 19107 0 1
 19109 0 1
 19111 0 1
 19113 0 1
 19137 0 4
 19138 0 4
 19141 0 4
 19142 0 4
 19156 0 2
 19158 0 2
 19160 0 2
 19162 0 2
 19284 0 2
 19286 0 2
 19288 0 2
 19290 0 2
 19300 0 2
 19302 0 2
 19304 0 2
 19306 0 2
 19316 0 2
 19318 0 2
 19320 0 2
 19322 0 2
 19332 0 2
 19334 0 2
 19336 0 2
 19338 0 2
 19348 0 2
 19350 0 2
 19352 0 2
 19354 0 2
 19364 0 2
 19366 0 2
 19368 0 2
 19370 0 2
 19381 0 4
 19382 0 4
 19385 0 4
 19386 0 4
 19397 0 4
 19398 0 4
 19401 0 4
 19402 0 4
 19436 0 2
 19438 0 2
 19440 0 2
 19442 0 2
 19452 0 2
 19454 0 2
 19456 0 2
 19458 0 2
 19563 0 3
 19564 0 3
 19567 0 3
 19568 0 3
 19579 0 3
 19580 0 3
 19583 0 3
 19584 0 3
 19601 0 4
 19602 0 4
 19605 0 4
 19606 0 4
 19651 0 1
 19653 0 1
 19655 0 1
 19657 0 1
 19663 0 3
 19664 0 3
 19667 0 3
 19668 0 3
 19700 0 2
 19702 0 2
 19704 0 2
 19706 0 2
 19715 0 3
 19716 0 3
 19719 0 3
 19720 0 3
 19779 0 3
 19780 0 3
 19783 0 3
 19784 0 3
 19795 0 1
 19797 0 1
 19799 0 1
 19801 0 1
 19999 0 1
 20001 0 1
 20003 0 1
 20005 0 1
 20103 0 3
 20104 0 3
 20107 0 3
 20108 0 3
 20221 0 4
 20222 0 4
 20225 0 4
 20226 0 4
 20391 0 1
 20393 0 1
 20395 0 1
 20397 0 1
 20535 0 3
 20536 0 3
 20539 0 3
 20540 0 3
 20555 0 1
 20557 0 1
 20559 0 1
 20561 0 1
 20715 0 3
 20716 0 3
 20719 0 3
 20720 0 3
 20727 0 1
 20729 0 1
 20731 0 1
 20733 0 1
 20807 0 3
 20808 0 3
 20811 0 3
 20812 0 3
 20879 0 1
 20881 0 1
 20883 0 1
 20885 0 1
 20899 0 1
 20901 0 1
 20903 0 1
 20905 0 1
 20943 0 3
 20944 0 3
 20947 0 3
 20948 0 3
 21044 0 2
 21046 0 2
 21048 0 2
 21050 0 2
 21153 0 4
 21154 0 4
 21157 0 4
 21158 0 4
 21173 0 4
 21174 0 4
 21177 0 4
 21178 0 4
 21227 0 1
 21229 0 1
 21513 0 4
 21514 0 4
 21517 0 4
 21518 0 4
 21556 0 2
 21558 0 2
 21560 0 2
 21562 0 2
 21576 0 2
 21578 0 2
 21580 0 2
 21582 0 2
 21667 0 3
 21668 0 3
 21671 0 3
 21672 0 3
 21699 0 1
 21701 0 1
 21703 0 1
 21705 0 1
 21719 0 3
 21720 0 3
 21723 0 3
 21724 0 3
 21749 0 4
 21750 0 4
 21753 0 4
 21754 0 4
 21769 0 4
 21770 0 4
 21773 0 4
 21774 0 4
 21849 0 4
 21850 0 4
 21853 0 4
 21854 0 4
 21871 0 3
 21872 0 3
 21883 0 3
 21884 0 3
 21911 0 1
 21913 0 1
 21915 0 1
 21917 0 1
 21952 0 2
 21954 0 2
 21964 0 2
 21966 0 2
 22033 0 4
 22034 0 4
 22037 0 4
 22038 0 4
 22191 0 1
 22193 0 1
 22195 0 1
 22197 0 1
 22317 0 4
 22318 0 4
 22321 0 4
 22322 0 4
 22380 0 2
 22382 0 2
 22392 0 2
 22394 0 2
 22448 0 2
 22450 0 2
 22452 0 2
 22454 0 2
 22597 0 4
 22598 0 4
 22609 0 4
 22610 0 4
 22692 0 2
 22694 0 2
 22704 0 2
 22706 0 2
 23155 2 1
 23157 2 1
 23159 2 1
 23161 2 1
 23175 2 1
 23177 2 1
 23179 2 1
 23181 2 1
 23424 0 2
 23426 0 2
 23436 0 2
 23438 0 2
 23443 2 3
 23444 2 3
 23447 2 3
 23448 2 3
 23471 0 3
 23472 0 3
 23475 0 3
 23476 0 3
 23487 0 1
 23489 0 1
 23499 0 1
 23501 0 1
 23669 0 4
 23670 0 4
 23747 0 1
 23749 0 1
 23759 0 1
 23761 0 1
 23853 0 4
 23854 0 4
 23865 0 4
 23866 0 4
 24003 0 3
 24004 0 3
 24007 0 3
 24008 0 3
 24019 0 3
 24020 0 3
 24023 0 3
 24024 0 3
 24035 0 1
 24037 0 1
 24047 0 1
 24049 0 1
 24599 2 1
 24601 2 1
 24603 2 1
 24605 2 1
 24735 0 3
 24736 0 3
 24739 0 3
 24740 0 3
 24751 0 1
 24753 0 1
 24755 0 1
 24757 0 1
 24767 0 1
 24769 0 1
 24771 0 1
 24773 0 1
 24847 0 3
 24848 0 3
 24851 0 3
 24852 0 3
 24863 0 1
 24865 0 1
 24867 0 1
 24869 0 1
 24879 0 1
 24881 0 1
 24883 0 1
 24885 0 1
 24895 0 1
 24897 0 1
 24899 0 1
 24901 0 1
 25003 0 1
 25005 0 1
 25007 0 1
 25009 0 1
 25155 2 1
 25157 2 1
 25159 2 1
 25161 2 1
 25348 0 2
 25350 0 2
 25352 0 2
 25354 0 2
 25360 0 2
 25362 0 2
 25364 0 2
 25366 0 2
 25376 0 2
 25378 0 2
 25467 0 3
 25468 0 3
 25471 0 3
 25472 0 3
 25483 0 3
 25484 0 3
 25487 0 3
 25488 0 3
 25499 0 1
 25501 0 1
 25503 0 1
 25505 0 1
 25515 0 1
 25517 0 1
 25519 0 1
 25521 0 1
 25527 0 1
 25529 0 1
 25531 0 1
 25533 0 1
 25543 0 1
 25545 0 1
 25547 0 1
 25549 0 1
 25559 0 1
 25561 0 1
 25563 0 1
 25565 0 1
 25575 0 1
 25577 0 1
 25579 0 1
 25581 0 1
 25595 0 1
 25597 0 1
 25599 0 1
 25601 0 1
 25607 0 1
 25609 0 1
 25611 0 1
 25613 0 1
 25627 0 1
 25629 0 1
 25631 0 1
 25633 0 1
 25639 0 1
 25641 0 1
 25643 0 1
 25645 0 1
 25659 0 3
 25660 0 3
 25663 0 3
 25664 0 3
 25720 0 2
 25722 0 2
 25724 0 2
 25726 0 2
 26095 0 3
 26096 0 3
 26099 0 3
 26100 0 3
 27911 0 3
 27912 0 3
 27915 0 3
 27916 0 3
 27927 0 1
 27929 0 1
 27931 0 1
 27933 0 1
 27943 0 1
 27945 0 1
 27947 0 1
 27949 0 1
 27959 0 1
 27961 0 1
 27963 0 1
 27965 0 1
 27975 0 1
 27977 0 1
 27979 0 1
 27981 0 1
 27991 0 1
 27993 0 1
 27995 0 1
 27997 0 1
 29283 2 3
 29284 2 3
 29287 2 3
 29288 2 3
 29323 2 1
 29325 2 1
 29335 2 1
 29337 2 1
 29511 2 1
 29513 2 1
 29515 2 1
 29517 2 1
 29587 0 1
 29589 0 1
 29599 0 1
 29601 0 1
 29719 0 3
 29720 0 3
 29731 0 3
 29732 0 3
 29735 0 1
 29737 0 1
 29747 0 1
 29749 0 1
 29751 0 3
 29752 0 3
 29755 0 3
 29756 0 3
 29767 0 1
 29769 0 1
 29779 0 1
 29781 0 1
 29911 0 1
 29913 0 1
 29915 0 1
 29917 0 1
 30027 2 3
 30028 2 3
 30031 2 3
 30032 2 3
 30047 2 3
 30048 2 3
 30051 2 3
 30052 2 3
 30103 0 3
 30104 0 3
 30107 0 3
 30108 0 3
 30129 0 4
 30130 0 4
 30133 0 4
 30134 0 4
 30139 2 3
 30140 2 3
 30143 2 3
 30144 2 3
 30151 2 1
 30153 2 1
 30163 2 1
 30165 2 1
 30183 2 3
 30184 2 3
 30195 2 3
 30196 2 3
 30199 0 3
 30200 0 3
 30203 0 3
 30204 0 3
 30231 2 3
 30232 2 3
 30243 2 3
 30244 2 3
 30248 0 2
 30250 0 2
 30751 0 1
 30753 0 1
 30759 0 1
 30761 0 1
 30767 0 1
 30769 0 1
 30775 0 1
 30777 0 1
 32015 0 1
 32017 0 1
 32023 0 1
 32025 0 1
 32031 0 1
 32031 1 3
 32032 1 3
 32033 0 1
 32035 1 3
 32036 1 3
 32039 0 1
 32041 0 1
 32047 1 3
 32048 1 3
 32051 1 3
 32052 1 3
 33415 1 3
 33416 1 3
 33419 1 3
 33420 1 3
 33431 1 3
 33432 1 3
 33435 1 3
 33436 1 3
 33959 0 1
 33961 0 1
 33967 0 1
 33969 0 1
 33975 0 1
 33977 0 1
 33983 0 1
 33985 0 1
 34519 0 1
 34521 0 1
 34527 0 1
 34529 0 1
 34535 0 1
 34537 0 1
 34543 0 1
 34545 0 1
 38023 0 3
 38024 0 3
 38027 0 3
 38028 0 3
 38039 0 3
 38040 0 3
 38043 0 3
 38044 0 3
 38119 0 1
 38121 0 1
 38127 0 1
 38129 0 1
 38167 0 1
 38169 0 1
 38175 0 1
 38177 0 1
 38199 0 3
 38200 0 3
 38203 0 3
 38204 0 3
 38215 0 3
 38216 0 3
 38219 0 3
 38220 0 3
 38407 0 3
 38408 0 3
 38411 0 3
 38412 0 3
 38423 0 3
 38424 0 3
 38427 0 3
 38428 0 3
 38471 0 1
 38473 0 1
 38479 0 1
 38481 0 1
 38487 0 1
 38489 0 1
 38495 0 1
 38497 0 1
 38535 0 3
 38536 0 3
 38539 0 3
 38540 0 3
 38551 0 3
 38552 0 3
 38555 0 3
 38556 0 3
 38663 0 3
 38664 0 3
 38667 0 3
 38668 0 3
 38679 0 3
 38680 0 3
 38683 0 3
 38684 0 3
 38919 0 1
 38921 0 1
 38927 0 1
 38929 0 1
 38935 0 1
 38937 0 1
 38943 0 1
 38945 0 1
 38999 0 1
 39001 0 1
 39007 0 1
 39009 0 1
 39015 0 1
 39017 0 1
 39023 0 1
 39025 0 1
 39063 0 3
 39064 0 3
 39067 0 3
 39068 0 3
 39079 0 3
 39080 0 3
 39083 0 3
 39084 0 3
 39127 0 1
 39129 0 1
 39135 0 1
 39137 0 1
 39143 0 1
 39145 0 1
 39151 0 1
 39153 0 1
 39591 0 3
 39592 0 3
 39595 0 3
 39596 0 3
 39607 0 3
 39608 0 3
 39611 0 3
 39612 0 3
 39655 0 3
 39656 0 3
 39659 0 3
 39660 0 3
 39671 0 3
 39672 0 3
 39675 0 3
 39676 0 3
 39719 0 1
 39721 0 1
 39727 0 1
 39729 0 1
 39735 0 1
 39737 0 1
 39743 0 1
 39745 0 1
 39783 0 1
 39785 0 1
 39791 0 1
 39793 0 1
 39799 0 1
 39801 0 1
 39807 0 1
 39809 0 1
 40119 0 1
 40121 0 1
 40127 0 1
 40129 0 1
 40135 0 1
 40137 0 1
 40143 0 1
 40145 0 1
 40487 0 3
 40488 0 3
 40491 0 3
 40492 0 3
 40503 0 3
 40504 0 3
 40507 0 3
 40508 0 3
 40871 0 1
 40873 0 1
 40879 0 1
 40881 0 1
 40887 0 1
 40889 0 1
 40895 0 1
 40897 0 1
 41063 0 1
 41065 0 1
 41071 0 1
 41073 0 1
 41079 0 1
 41081 0 1
 41087 0 1
 41089 0 1
 41303 1 3
 41304 1 3
 41307 1 3
 41308 1 3
 41319 1 3
 41320 1 3
 41323 1 3
 41324 1 3
 41383 1 3
 41384 1 3
 41387 1 3
 41388 1 3
 41399 1 3
 41400 1 3
 41403 1 3
 41404 1 3
 41431 0 1
 41433 0 1
 41439 0 1
 41441 0 1
 41447 0 1
 41449 0 1
 41455 0 1
 41457 0 1
 41559 0 1
 41561 0 1
 41567 0 1
 41569 0 1
 41575 0 1
 41577 0 1
 41583 0 1
 41585 0 1
 41607 1 3
 41608 1 3
 41611 1 3
 41612 1 3
 41655 1 3
 41656 1 3
 41659 1 3
 41660 1 3
 42679 0 3
 42680 0 3
 42683 0 3
 42684 0 3
 42695 0 3
 42696 0 3
 42699 0 3
 42700 0 3
 42839 0 3
 42840 0 3
 42843 0 3
 42844 0 3
 42855 0 3
 42856 0 3
 42859 0 3
 42860 0 3
 43127 0 1
 43129 0 1
 43135 0 1
 43137 0 1
 43143 0 1
 43145 0 1
 43151 0 1
 43153 0 1
 44903 0 1
 44905 0 1
 44911 0 1
 44913 0 1
 44919 0 1
 44921 0 1
 44927 0 1
 44929 0 1
 44951 0 1
 44953 0 1
 44959 0 1
 44961 0 1
 44967 0 1
 44969 0 1
 44975 0 1
 44977 0 1
 45015 0 1
 45017 0 1
 45023 0 1
 45025 0 1
 45031 0 1
 45033 0 1
 45039 0 1
 45041 0 1
 45159 0 1
 45161 0 1
 45167 0 1
 45169 0 1
 45175 0 1
 45177 0 1
 45183 0 1
 45185 0 1
 45223 0 3
 45224 0 3
 45227 0 3
 45228 0 3
 45335 0 3
 45336 0 3
 45339 0 3
 45340 0 3
 45351 0 3
 45352 0 3
 45355 0 3
 45356 0 3
 45519 0 3
 45520 0 3
 45523 0 3
 45524 0 3
 45535 0 3
 45536 0 3
 45539 0 3
 45540 0 3
 45583 0 3
 45584 0 3
 45587 0 3
 45588 0 3
 45599 0 3
 45600 0 3
 45603 0 3
 45604 0 3
 45647 0 1
 45649 0 1
 45655 0 1
 45657 0 1
 45663 0 1
 45665 0 1
 45671 0 1
 45673 0 1
 46095 1 3
 46096 1 3
 46099 1 3
 46100 1 3
 46111 1 3
 46112 1 3
 46115 1 3
 46116 1 3
 46899 0 1
 46901 0 1
 46907 0 1
 46909 0 1
 46947 0 1
 46949 0 1
 46955 0 1
 46957 0 1
 47155 0 3
 47156 0 3
 47159 0 3
 47160 0 3
 47203 0 3
 47204 0 3
 47207 0 3
 47208 0 3
 47459 0 1
 47461 0 1
 47467 0 1
 47469 0 1
 47631 0 3
 47632 0 3
 47635 0 3
 47636 0 3
 47647 0 3
 47648 0 3
 47651 0 3
 47652 0 3
 47695 0 1
 47697 0 1
 47703 0 1
 47705 0 1
 47711 0 1
 47713 0 1
 47719 0 1
 47721 0 1
 47775 0 1
 47777 0 1
 47783 0 1
 47785 0 1
 47791 0 1
 47793 0 1
 47799 0 1
 47801 0 1
 47823 0 1
 47825 0 1
 47831 0 1
 47833 0 1
 47839 0 1
 47841 0 1
 47847 0 1
 47849 0 1
 47887 0 3
 47888 0 3
 47891 0 3
 47892 0 3
 47903 0 3
 47904 0 3
 47907 0 3
 47908 0 3
 49183 0 3
 49184 0 3
 49187 0 3
 49188 0 3
 49199 0 3
 49200 0 3
 49203 0 3
 49204 0 3
 49771 0 1
 49773 0 1
 49779 0 1
 49781 0 1
 49819 0 1
 49821 0 1
 49827 0 1
 49829 0 1
 49835 0 3
 49836 0 3
 49839 0 3
 49840 0 3
 49883 0 3
 49884 0 3
 49887 0 3
 49888 0 3
 49963 0 3
 49964 0 3
 49967 0 3
 49968 0 3
 49979 0 3
 49980 0 3
 49983 0 3
 49984 0 3
 50219 1 1
 50221 1 1
 50227 1 1
 50229 1 1
 50235 1 1
 50235 0 3
 50236 0 3
 50237 1 1
 50239 0 3
 50240 0 3
 50243 1 1
 50245 1 1
 50251 0 3
 50252 0 3
 50255 0 3
 50256 0 3
 50603 1 3
 50604 1 3
 50607 1 3
 50608 1 3
 50651 1 3
 50652 1 3
 50655 1 3
 50656 1 3
 50859 0 3
 50860 0 3
 50863 0 3
 50864 0 3
 50907 0 3
 50908 0 3
 50911 0 3
 50912 0 3
 51467 0 1
 51469 0 1
 51475 0 1
 51477 0 1
 51483 0 1
 51485 0 1
 51491 0 1
 51493 0 1
 51947 0 3
 51948 0 3
 51951 0 3
 51952 0 3
 51963 0 3
 51964 0 3
 51967 0 3
 51968 0 3
 52283 0 1
 52285 0 1
 52291 0 1
 52293 0 1
 52299 0 1
 52301 0 1
 52307 0 1
 52309 0 1
 52491 0 1
 52493 0 1
 52499 0 1
 52501 0 1
 52507 0 1
 52509 0 1
 52515 0 1
 52517 0 1
 52795 0 1
 52797 0 1
 52803 0 1
 52805 0 1
 52811 0 1
 52813 0 1
 52819 0 1
 52821 0 1
 52859 0 1
 52861 0 1
 52867 0 1
 52869 0 1
 52875 0 1
 52877 0 1
 52883 0 1
 52885 0 1
 53003 0 1
 53005 0 1
 53011 0 1
 53013 0 1
 53019 0 1
 53021 0 1
 53027 0 1
 53029 0 1
 53051 0 3
 53052 0 3
 53055 0 3
 53056 0 3
 53067 0 3
 53068 0 3
 53071 0 3
 53072 0 3
 53131 0 3
 53132 0 3
 53135 0 3
 53136 0 3
 53147 0 3
 53148 0 3
 53151 0 3
 53152 0 3
 53179 0 1
 53181 0 1
 53187 0 1
 53189 0 1
 53195 0 1
 53197 0 1
 53203 0 1
 53205 0 1
 53835 0 3
 53836 0 3
 53839 0 3
 53840 0 3
 53851 0 3
 53852 0 3
 53855 0 3
 53856 0 3
 53995 1 3
 53996 1 3
 53999 1 3
 54000 1 3
 54011 1 3
 54012 1 3
 54015 1 3
 54016 1 3
 54379 0 3
 54380 0 3
 54383 0 3
 54384 0 3
 54395 0 3
 54396 0 3
 54399 0 3
 54400 0 3
 54475 0 3
 54476 0 3
 54479 0 3
 54480 0 3
 54491 0 3
 54492 0 3
 54495 0 3
 54496 0 3
 54507 0 3
 54508 0 3
 54511 0 3
 54512 0 3
 54555 0 3
 54556 0 3
 54559 0 3
 54560 0 3
 54571 0 3
 54572 0 3
 54575 0 3
 54576 0 3
 54587 0 3
 54588 0 3
 54591 0 3
 54592 0 3
 54635 0 3
 54636 0 3
 54639 0 3
 54640 0 3
 54651 0 3
 54652 0 3
 54655 0 3
 54656 0 3
 55211 1 3
 55212 1 3
 55215 1 3
 55216 1 3
 55259 1 3
 55260 1 3
 55263 1 3
 55264 1 3
 55275 0 3
 55276 0 3
 55279 0 3
 55280 0 3
 55291 0 3
 55292 0 3
 55295 0 3
 55296 0 3
 55349 0 4
 55350 0 4
 55353 0 4
 55354 0 4
 59488 0 2
 59490 0 2
 59496 0 2
 59498 0 2
 59536 0 2
 59538 0 2
 59544 0 2
 59546 0 2
 69867 0 3
 69868 0 3
 69871 0 3
 69872 0 3
 69883 0 3
 69884 0 3
 69887 0 3
 69888 0 3
 70539 0 3
 70540 0 3
 70543 0 3
 70544 0 3
 70555 0 3
 70556 0 3
 70559 0 3
 70560 0 3
 70603 0 3
 70604 0 3
 70607 0 3
 70608 0 3
 70619 0 3
 70620 0 3
 70623 0 3
 70624 0 3
 70651 0 1
 70653 0 1
 70659 0 1
 70661 0 1
 70667 0 1
 70669 0 1
 70675 0 1
 70677 0 1
 70731 0 3
 70732 0 3
 70735 0 3
 70736 0 3
 70747 0 3
 70748 0 3
 70751 0 3
 70752 0 3
 70795 0 1
 70797 0 1
 70803 0 1
 70805 0 1
 70811 0 1
 70813 0 1
 70819 0 1
 70821 0 1
 70827 0 3
 70828 0 3
 70831 0 3
 70832 0 3
 70955 0 3
 70956 0 3
 70959 0 3
 70960 0 3
 70971 0 3
 70972 0 3
 70975 0 3
 70976 0 3
 71019 0 1
 71021 0 1
 71027 0 1
 71029 0 1
 71035 0 1
 71037 0 1
 71043 0 1
 71045 0 1
 71083 0 3
 71084 0 3
 71087 0 3
 71088 0 3
 71099 0 3
 71100 0 3
 71103 0 3
 71104 0 3
 71147 0 3
 71148 0 3
 71151 0 3
 71152 0 3
 71163 0 3
 71164 0 3
 71167 0 3
 71168 0 3
 71797 0 4
 71798 0 4
 71801 0 4
 71802 0 4
 71845 0 4
 71846 0 4
 71849 0 4
 71850 0 4
 71861 0 4
 71862 0 4
 71865 0 4
 71866 0 4
 71909 0 4
 71910 0 4
 71913 0 4
 71914 0 4
 72277 0 4
 72278 0 4
 72281 0 4
 72282 0 4
 72325 0 4
 72326 0 4
 72329 0 4
 72330 0 4
 72400 0 2
 72402 0 2
 72408 0 2
 72410 0 2
 72448 0 2
 72450 0 2
 72456 0 2
 72458 0 2
 73477 0 4
 73478 0 4
 73481 0 4
 73482 0 4
 73493 0 4
 73494 0 4
 73497 0 4
 73498 0 4
 73568 0 2
 73570 0 2
 73576 0 2
 73578 0 2
 73584 0 2
 73586 0 2
 73592 0 2
 73594 0 2
 73653 0 4
 73654 0 4
 73657 0 4
 73658 0 4
 73669 0 4
 73670 0 4
 73673 0 4
 73674 0 4
 73856 0 2
 73858 0 2
 73864 0 2
 73866 0 2
 73872 0 2
 73874 0 2
 73880 0 2
 73882 0 2
 73984 0 2
 73986 0 2
 73992 0 2
 73994 0 2
 74000 0 2
 74002 0 2
 74008 0 2
 74010 0 2
 74112 0 2
 74114 0 2
 74120 0 2
 74122 0 2
 74128 0 2
 74130 0 2
 74136 0 2
 74138 0 2
 74437 0 4
 74438 0 4
 74441 0 4
 74442 0 4
 74453 0 4
 74454 0 4
 74457 0 4
 74458 0 4
 74629 0 4
 74630 0 4
 74633 0 4
 74634 0 4
 74645 0 4
 74646 0 4
 74649 0 4
 74650 0 4
 75125 0 4
 75126 0 4
 75129 0 4
 75130 0 4
 75141 0 4
 75142 0 4
 75145 0 4
 75146 0 4
 75573 0 4
 75574 0 4
 75577 0 4
 75578 0 4
 75589 0 4
 75590 0 4
 75593 0 4
 75594 0 4
 75765 0 4
 75766 0 4
 75769 0 4
 75770 0 4
 75781 0 4
 75782 0 4
 75785 0 4
 75786 0 4
 75957 0 4
 75958 0 4
 75961 0 4
 75962 0 4
 75973 0 4
 75974 0 4
 75977 0 4
 75978 0 4
 76032 0 2
 76034 0 2
 76040 0 2
 76042 0 2
 76048 0 2
 76050 0 2
 76056 0 2
 76058 0 2
 76101 0 4
 76102 0 4
 76105 0 4
 76106 0 4
 76149 0 4
 76150 0 4
 76153 0 4
 76154 0 4
 76341 0 4
 76342 0 4
 76345 0 4
 76346 0 4
 76448 0 2
 76450 0 2
 76456 0 2
 76458 0 2
 76464 0 2
 76466 0 2
 76472 0 2
 76474 0 2
 76917 0 4
 76918 0 4
 76921 0 4
 76922 0 4
 76933 0 4
 76934 0 4
 76937 0 4
 76938 0 4
 76965 0 4
 76966 0 4
 76969 0 4
 76970 0 4
 76981 0 4
 76982 0 4
 76985 0 4
 76986 0 4
 77029 0 4
 77030 0 4
 77033 0 4
 77034 0 4
 77045 0 4
 77046 0 4
 77049 0 4
 77050 0 4
 77221 0 4
 77222 0 4
 77225 0 4
 77226 0 4
 77237 0 4
 77238 0 4
 77241 0 4
 77242 0 4
 78155 0 1
 78157 0 1
 78163 0 1
 78165 0 1
 78187 0 1
 78189 0 1
 78195 0 1
 78197 0 1
 78347 0 1
 78349 0 1
 78355 0 1
 78357 0 1
 78379 0 1
 78381 0 1
 78387 0 1
 78389 0 1
 78411 0 1
 78413 0 1
 78419 0 1
 78421 0 1
 78443 0 1
 78445 0 1
 78451 0 1
 78453 0 1
 78603 0 1
 78605 0 1
 78611 0 1
 78613 0 1
 78635 0 1
 78637 0 1
 78643 0 1
 78645 0 1
 78795 0 1
 78797 0 1
 78803 0 1
 78805 0 1
 78827 0 1
 78829 0 1
 78835 0 1
 78837 0 1
 78939 0 3
 78940 0 3
 78943 0 3
 78944 0 3
 78955 0 3
 78956 0 3
 78959 0 3
 78960 0 3
 79003 0 3
 79004 0 3
 79007 0 3
 79008 0 3
 79019 0 3
 79020 0 3
 79023 0 3
 79024 0 3
 79451 0 1
 79453 0 1
 79459 0 1
 79461 0 1
 79483 0 1
 79485 0 1
 79491 0 1
 79493 0 1
 79515 0 1
 79517 0 1
 79523 0 1
 79525 0 1
 79547 0 1
 79549 0 1
 79555 0 1
 79557 0 1
 79771 0 1
 79773 0 1
 79779 0 1
 79781 0 1
 79803 0 1
 79805 0 1
 79811 0 1
 79813 0 1
 79835 0 1
 79837 0 1
 79843 0 1
 79845 0 1
 79867 0 1
 79869 0 1
 79875 0 1
 79877 0 1
 