464 2 1
 465 2 1
 472 0 4
 473 0 4
 662 0 2
 663 0 2
 742 2 1
 742 0 4
 743 2 1
 745 0 4
 758 0 1
 759 0 1
 786 0 3
 787 0 3
 822 0 3
 825 0 3
 936 2 3
 939 2 3
 946 0 1
 947 0 1
 983 0 2
 984 0 2
 1117 0 3
 1118 0 3
 1279 0 1
 1280 0 1
 1413 0 2
 1414 0 2
 1445 0 4
 1446 0 4
 1464 0 4
 1465 0 4
 1529 2 1
 1530 2 1
 1648 0 2
 1649 0 2
 1687 2 1
 1687 0 3
 1688 0 3
 1690 2 1
 1700 0 3
 1701 0 3
 2002 0 2
 2003 0 2
 2130 2 1
 2131 2 1
 2335 0 2
 2336 0 2
 2388 0 4
 2389 0 4
 2393 0 1
 2394 0 1
 2404 0 1
 2405 0 1
 2432 0 1
 2433 0 1
 2436 0 2
 2437 0 2
 2444 0 2
 2445 0 2
 2474 0 1
 2475 0 1
 2478 0 3
 2479 0 3
 2494 0 2
 2495 0 2
 2660 0 2
 2661 0 2
 2720 0 4
 2721 0 4
 2888 0 2
 2889 0 2
 2892 0 4
 2893 0 4
 2914 0 1
 2915 0 1
 2959 0 4
 2960 0 4
 3021 0 4
 3022 0 4
 3326 0 2
 3327 0 2
 3331 0 2
 3332 0 2
 3694 0 4
 3695 0 4
 4120 0 1
 4121 0 1
 4167 0 3
 4168 0 3
 4212 0 2
 4213 0 2
 4220 0 2
 4221 0 2
 4235 0 1
 4236 0 1
 4240 0 1
 4241 0 1
 4244 0 2
 4245 0 2
 4248 0 2
 4249 0 2
 4252 0 2
 4253 0 2
 4259 0 2
 4260 0 2
 4272 0 4
 4273 0 4
 4275 0 3
 4276 0 3
 4280 0 2
 4281 0 2
 4284 0 2
 4285 0 2
 4292 0 4
 4293 0 4
 4296 0 2
 4297 0 2
 4300 0 2
 4301 0 2
 4303 0 2
 4304 0 2
 4308 0 2
 4309 0 2
 4311 0 3
 4312 0 3
 4315 0 4
 4316 0 4
 4320 0 4
 4321 0 4
 4324 0 2
 4325 0 2
 4327 0 2
 4328 0 2
 4332 0 1
 4333 0 1
 4340 0 1
 4341 0 1
 4347 0 3
 4348 0 3
 4352 0 1
 4353 0 1
 4356 0 1
 4357 0 1
 4368 0 3
 4369 0 3
 4372 0 3
 4373 0 3
 4384 0 4
 4385 0 4
 4388 0 2
 4389 0 2
 4392 0 4
 4393 0 4
 4396 0 2
 4397 0 2
 4400 0 2
 4401 0 2
 4403 0 2
 4404 0 2
 4407 0 2
 4408 0 2
 4412 0 2
 4413 0 2
 4415 0 4
 4416 0 4
 4424 0 3
 4425 0 3
 4428 0 3
 4429 0 3
 4443 0 2
 4444 0 2
 4459 0 1
 4460 0 1
 4471 0 2
 4472 0 2
 4475 0 2
 4476 0 2
 4480 0 4
 4481 0 4
 4484 0 2
 4485 0 2
 4500 0 2
 4501 0 2
 4508 0 1
 4509 0 1
 4515 0 4
 4516 0 4
 4520 0 2
 4521 0 2
 4556 0 2
 4557 0 2
 4560 0 2
 4561 0 2
 4564 0 2
 4565 0 2
 4568 0 2
 4569 0 2
 4572 0 2
 4573 0 2
 4576 0 2
 4577 0 2
 4580 0 4
 4581 0 4
 4584 0 4
 4585 0 4
 4596 0 2
 4597 0 2
 4600 0 2
 4601 0 2
 4632 0 3
 4633 0 3
 4636 0 3
 4637 0 3
 4641 0 4
 4642 0 4
 4654 0 1
 4655 0 1
 4657 0 3
 4658 0 3
 4666 0 2
 4667 0 2
 4670 0 3
 4671 0 3
 4686 0 3
 4687 0 3
 4690 0 1
 4691 0 1
 4745 0 1
 4746 0 1
 4775 0 3
 4776 0 3
 4808 0 4
 4809 0 4
 4859 0 1
 4860 0 1
 4903 0 3
 4904 0 3
 4908 0 1
 4909 0 1
 4948 0 3
 4949 0 3
 4955 0 1
 4956 0 1
 4979 0 3
 4980 0 3
 4997 0 1
 4998 0 1
 5002 0 1
 5003 0 1
 5013 0 3
 5014 0 3
 5038 0 2
 5039 0 2
 5069 0 4
 5070 0 4
 5074 0 4
 5075 0 4
 5088 0 1
 5179 0 4
 5180 0 4
 5190 0 2
 5191 0 2
 5195 0 2
 5196 0 2
 5222 0 3
 5223 0 3
 5230 0 1
 5231 0 1
 5235 0 3
 5236 0 3
 5246 0 4
 5247 0 4
 5251 0 4
 5252 0 4
 5271 0 4
 5272 0 4
 5277 0 3
 5280 0 3
 5287 0 1
 5288 0 1
 5305 0 2
 5308 0 2
 5325 0 4
 5326 0 4
 5365 0 1
 5366 0 1
 5396 0 4
 5397 0 4
 5412 0 2
 5415 0 2
 5433 0 2
 5434 0 2
 5482 0 4
 5485 0 4
 5506 0 2
 5509 0 2
 5636 2 1
 5637 2 1
 5641 2 1
 5642 2 1
 5732 0 2
 5735 0 2
 5737 2 3
 5738 2 3
 5744 0 2
 5745 0 2
 5748 0 3
 5749 0 3
 5752 0 1
 5755 0 1
 5798 0 4
 5812 0 4
 5815 0 4
 5825 0 1
 5828 0 1
 5855 0 4
 5858 0 4
 5893 0 3
 5894 0 3
 5897 0 3
 5898 0 3
 5901 0 1
 5904 0 1
 5905 0 3
 5906 0 3
 6060 2 1
 6061 2 1
 6094 0 3
 6095 0 3
 6098 0 1
 6099 0 1
 6102 0 1
 6103 0 1
 6106 0 1
 6107 0 1
 6111 0 1
 6112 0 1
 6114 0 3
 6115 0 3
 6118 0 3
 6119 0 3
 6140 0 3
 6141 0 3
 6144 0 1
 6145 0 1
 6148 0 1
 6149 0 1
 6152 0 1
 6153 0 1
 6156 0 1
 6157 0 1
 6189 0 1
 6190 0 1
 6233 2 1
 6234 2 1
 6241 0 2
 6242 0 2
 6285 0 2
 6286 0 2
 6288 0 2
 6289 0 2
 6292 0 2
 6293 0 2
 6317 0 3
 6318 0 3
 6321 0 3
 6322 0 3
 6325 0 1
 6326 0 1
 6329 0 1
 6330 0 1
 6332 0 1
 6333 0 1
 6336 0 1
 6337 0 1
 6340 0 1
 6341 0 1
 6344 0 1
 6345 0 1
 6349 0 1
 6350 0 1
 6352 0 1
 6353 0 1
 6357 0 1
 6358 0 1
 6360 0 1
 6361 0 1
 6365 0 3
 6366 0 3
 6369 0 3
 6370 0 3
 6384 0 2
 6385 0 2
 6513 0 3
 6514 0 3
 7050 0 3
 7051 0 3
 7054 0 1
 7055 0 1
 7058 0 1
 7059 0 1
 7062 0 1
 7063 0 1
 7066 0 1
 7067 0 1
 7070 0 1
 7071 0 1
 7074 0 1
 7075 0 1
 7077 0 1
 7078 0 1
 7082 0 1
 7083 0 1
 7086 0 1
 7087 0 1
 7090 0 1
 7091 0 1
 7094 0 1
 7095 0 1
 7454 2 3
 7455 2 3
 7464 2 1
 7467 2 1
 7492 0 3
 7493 0 3
 7519 2 1
 7520 2 1
 7546 0 1
 7549 0 1
 7590 0 3
 7593 0 3
 7594 0 1
 7597 0 1
 7598 0 3
 7599 0 3
 7602 0 1
 7605 0 1
 7654 0 1
 7655 0 1
 7658 0 1
 7659 0 1
 7662 0 1
 7663 0 1
 7674 0 1
 7675 0 1
 7713 2 3
 7714 2 3
 7718 2 3
 7719 2 3
 7736 0 3
 7737 0 3
 7742 0 4
 7743 0 4
 7745 2 3
 7746 2 3
 7752 2 1
 7755 2 1
 7768 2 3
 7771 2 3
 7776 0 3
 7777 0 3
 7784 2 3
 7787 2 3
 7792 0 2
 7793 0 2
 7804 0 2
 7805 0 2
 7805 0 4
 7806 0 4
 7808 0 2
 7811 0 2
 7812 0 4
 7813 0 4
 8937 0 2
 8939 0 2
 8949 0 2
 8951 0 2
 12056 0 3
 12057 0 3
 12060 0 3
 12061 0 3
 12284 0 3
 12285 0 3
 12288 0 3
 12289 0 3
 12300 0 3
 12301 0 3
 12304 0 3
 12305 0 3
 12312 0 1
 12314 0 1
 12328 0 1
 12330 0 1
 12332 0 1
 12334 0 1
 12340 0 1
 12342 0 1
 12344 0 1
 12346 0 1
 12360 0 3
 12361 0 3
 12364 0 3
 12365 0 3
 12376 0 1
 12378 0 1
 12380 0 1
 12382 0 1
 12384 0 3
 12385 0 3
 12412 0 3
 12413 0 3
 12416 0 3
 12417 0 3
 12428 0 3
 12429 0 3
 12432 0 3
 12433 0 3
 12444 0 1
 12446 0 1
 12448 0 1
 12450 0 1
 12460 0 3
 12461 0 3
 12464 0 3
 12465 0 3
 12476 0 3
 12477 0 3
 12480 0 3
 12481 0 3
 12550 0 4
 12551 0 4
 12562 0 4
 12563 0 4
 12818 0 4
 12819 0 4
 12830 0 4
 12831 0 4
 12834 0 4
 12835 0 4
 12846 0 4
 12847 0 4
 12994 0 4
 12995 0 4
 13006 0 4
 13007 0 4
 13033 0 2
 13035 0 2
 13045 0 2
 13047 0 2
 13430 0 4
 13431 0 4
 13434 0 4
 13435 0 4
 13458 0 4
 13459 0 4
 13485 0 2
 13487 0 2
 13489 0 2
 13491 0 2
 13506 0 4
 13507 0 4
 13510 0 4
 13511 0 4
 13585 0 2
 13587 0 2
 13589 0 2
 13591 0 2
 13633 0 2
 13635 0 2
 13637 0 2
 13639 0 2
 13665 0 2
 13667 0 2
 13669 0 2
 13671 0 2
 13782 0 4
 13783 0 4
 13786 0 4
 13787 0 4
 13846 0 4
 13847 0 4
 13850 0 4
 13851 0 4
 14026 0 4
 14027 0 4
 14030 0 4
 14031 0 4
 14298 0 4
 14299 0 4
 14302 0 4
 14303 0 4
 14346 0 4
 14347 0 4
 14350 0 4
 14351 0 4
 14361 0 2
 14363 0 2
 14373 0 2
 14375 0 2
 14377 0 2
 14379 0 2
 14389 0 2
 14391 0 2
 14426 0 4
 14427 0 4
 14430 0 4
 14431 0 4
 14457 0 2
 14459 0 2
 14461 0 2
 14463 0 2
 14474 0 4
 14475 0 4
 14486 0 4
 14487 0 4
 14546 0 4
 14547 0 4
 14577 0 2
 14579 0 2
 14581 0 2
 14583 0 2
 14594 0 4
 14595 0 4
 14602 0 4
 14603 0 4
 15104 0 1
 15106 0 1
 15112 0 1
 15114 0 1
 15120 0 1
 15122 0 1
 15128 0 1
 15130 0 1
 16432 0 1
 16434 0 1
 16440 0 1
 16442 0 1
 16448 0 1
 16448 1 3
 16449 1 3
 16450 0 1
 16452 1 3
 16453 1 3
 16456 0 1
 16458 0 1
 16464 1 3
 16465 1 3
 16468 1 3
 16469 1 3
 16874 0 4
 16875 0 4
 16878 0 4
 16879 0 4
 16890 0 4
 16891 0 4
 16894 0 4
 16895 0 4
 17872 1 3
 17873 1 3
 17876 1 3
 17877 1 3
 17888 1 3
 17889 1 3
 17892 1 3
 17893 1 3
 18416 0 1
 18418 0 1
 18424 0 1
 18426 0 1
 18432 0 1
 18434 0 1
 18440 0 1
 18442 0 1
 18976 0 1
 18978 0 1
 18984 0 1
 18986 0 1
 18992 0 1
 18994 0 1
 19000 0 1
 19002 0 1
 22480 0 3
 22481 0 3
 22484 0 3
 22485 0 3
 22496 0 3
 22497 0 3
 22500 0 3
 22501 0 3
 22576 0 1
 22578 0 1
 22584 0 1
 22586 0 1
 22624 0 1
 22626 0 1
 22632 0 1
 22634 0 1
 22656 0 3
 22657 0 3
 22660 0 3
 22661 0 3
 22672 0 3
 22673 0 3
 22676 0 3
 22677 0 3
 22864 0 3
 22865 0 3
 22868 0 3
 22869 0 3
 22880 0 3
 22881 0 3
 22884 0 3
 22885 0 3
 22928 0 1
 22930 0 1
 22936 0 1
 22938 0 1
 22944 0 1
 22946 0 1
 22952 0 1
 22954 0 1
 22992 0 3
 22993 0 3
 22996 0 3
 22997 0 3
 23008 0 3
 23009 0 3
 23012 0 3
 23013 0 3
 23120 0 3
 23121 0 3
 23124 0 3
 23125 0 3
 23136 0 3
 23137 0 3
 23140 0 3
 23141 0 3
 23290 0 4
 23291 0 4
 23294 0 4
 23295 0 4
 23338 0 4
 23339 0 4
 23342 0 4
 23343 0 4
 23456 0 1
 23458 0 1
 23464 0 1
 23466 0 1
 23472 0 1
 23474 0 1
 23480 0 1
 23482 0 1
 23536 0 1
 23538 0 1
 23544 0 1
 23546 0 1
 23552 0 1
 23554 0 1
 23560 0 1
 23562 0 1
 23600 0 3
 23601 0 3
 23604 0 3
 23605 0 3
 23616 0 3
 23617 0 3
 23620 0 3
 23621 0 3
 23664 0 1
 23666 0 1
 23672 0 1
 23674 0 1
 23680 0 1
 23682 0 1
 23688 0 1
 23690 0 1
 24144 0 3
 24145 0 3
 24148 0 3
 24149 0 3
 24160 0 3
 24161 0 3
 24164 0 3
 24165 0 3
 24208 0 3
 24209 0 3
 24212 0 3
 24213 0 3
 24224 0 3
 24225 0 3
 24228 0 3
 24229 0 3
 24272 0 1
 24274 0 1
 24280 0 1
 24282 0 1
 24288 0 1
 24290 0 1
 24296 0 1
 24298 0 1
 24336 0 1
 24338 0 1
 24344 0 1
 24346 0 1
 24352 0 1
 24354 0 1
 24360 0 1
 24362 0 1
 24736 0 1
 24738 0 1
 24744 0 1
 24746 0 1
 24752 0 1
 24754 0 1
 24760 0 1
 24762 0 1
 25104 0 3
 25105 0 3
 25108 0 3
 25109 0 3
 25120 0 3
 25121 0 3
 25124 0 3
 25125 0 3
 25488 0 1
 25490 0 1
 25496 0 1
 25498 0 1
 25504 0 1
 25506 0 1
 25512 0 1
 25514 0 1
 25680 0 1
 25682 0 1
 25688 0 1
 25690 0 1
 25696 0 1
 25698 0 1
 25704 0 1
 25706 0 1
 25920 1 3
 25921 1 3
 25924 1 3
 25925 1 3
 25936 1 3
 25937 1 3
 25940 1 3
 25941 1 3
 26000 1 3
 26001 1 3
 26004 1 3
 26005 1 3
 26016 1 3
 26017 1 3
 26020 1 3
 26021 1 3
 26048 0 1
 26050 0 1
 26056 0 1
 26058 0 1
 26064 0 1
 26066 0 1
 26072 0 1
 26074 0 1
 26176 0 1
 26178 0 1
 26184 0 1
 26186 0 1
 26192 0 1
 26194 0 1
 26200 0 1
 26202 0 1
 26224 1 3
 26225 1 3
 26228 1 3
 26229 1 3
 26272 1 3
 26273 1 3
 26276 1 3
 26277 1 3
 27296 0 3
 27297 0 3
 27300 0 3
 27301 0 3
 27312 0 3
 27313 0 3
 27316 0 3
 27317 0 3
 27456 0 3
 27457 0 3
 27460 0 3
 27461 0 3
 27472 0 3
 27473 0 3
 27476 0 3
 27477 0 3
 27744 0 1
 27746 0 1
 27752 0 1
 27754 0 1
 27760 0 1
 27762 0 1
 27768 0 1
 27770 0 1
 29520 0 1
 29522 0 1
 29528 0 1
 29530 0 1
 29536 0 1
 29538 0 1
 29544 0 1
 29546 0 1
 29568 0 1
 29570 0 1
 29576 0 1
 29578 0 1
 29584 0 1
 29586 0 1
 29592 0 1
 29594 0 1
 29632 0 1
 29634 0 1
 29640 0 1
 29642 0 1
 29648 0 1
 29650 0 1
 29656 0 1
 29658 0 1
 29776 0 1
 29778 0 1
 29784 0 1
 29786 0 1
 29792 0 1
 29794 0 1
 29800 0 1
 29802 0 1
 29840 0 3
 29841 0 3
 29844 0 3
 29845 0 3
 29952 0 3
 29953 0 3
 29956 0 3
 29957 0 3
 29968 0 3
 29969 0 3
 29972 0 3
 29973 0 3
 30144 0 3
 30145 0 3
 30148 0 3
 30149 0 3
 30160 0 3
 30161 0 3
 30164 0 3
 30165 0 3
 30208 0 3
 30209 0 3
 30212 0 3
 30213 0 3
 30224 0 3
 30225 0 3
 30228 0 3
 30229 0 3
 30272 0 1
 30274 0 1
 30280 0 1
 30282 0 1
 30288 0 1
 30290 0 1
 30296 0 1
 30298 0 1
 30720 1 3
 30721 1 3
 30724 1 3
 30725 1 3
 30736 1 3
 30737 1 3
 30740 1 3
 30741 1 3
 31584 0 1
 31586 0 1
 31592 0 1
 31594 0 1
 31632 0 1
 31634 0 1
 31640 0 1
 31642 0 1
 31712 0 1
 31714 0 1
 31720 0 1
 31722 0 1
 31760 0 1
 31762 0 1
 31768 0 1
 31770 0 1
 31968 0 3
 31969 0 3
 31972 0 3
 31973 0 3
 32016 0 3
 32017 0 3
 32020 0 3
 32021 0 3
 32096 0 1
 32098 0 1
 32104 0 1
 32106 0 1
 32144 0 1
 32146 0 1
 32152 0 1
 32154 0 1
 32368 0 1
 32370 0 1
 32376 0 1
 32378 0 1
 32384 0 1
 32386 0 1
 32392 0 1
 32394 0 1
 32432 0 3
 32433 0 3
 32436 0 3
 32437 0 3
 32448 0 3
 32449 0 3
 32452 0 3
 32453 0 3
 32624 0 3
 32625 0 3
 32628 0 3
 32629 0 3
 32640 0 3
 32641 0 3
 32644 0 3
 32645 0 3
 32688 0 1
 32690 0 1
 32696 0 1
 32698 0 1
 32704 0 1
 32706 0 1
 32712 0 1
 32714 0 1
 32768 0 1
 32770 0 1
 32776 0 1
 32778 0 1
 32784 0 1
 32786 0 1
 32792 0 1
 32794 0 1
 32880 0 1
 32882 0 1
 32888 0 1
 32890 0 1
 32896 0 1
 32898 0 1
 32904 0 1
 32906 0 1
 32944 0 3
 32945 0 3
 32948 0 3
 32949 0 3
 32960 0 3
 32961 0 3
 32964 0 3
 32965 0 3
 33008 0 1
 33010 0 1
 33016 0 1
 33018 0 1
 33024 0 1
 33026 0 1
 33032 0 1
 33034 0 1
 34304 0 1
 34306 0 1
 34312 0 1
 34314 0 1
 34320 0 1
 34322 0 1
 34328 0 1
 34330 0 1
 34368 0 3
 34369 0 3
 34372 0 3
 34373 0 3
 34384 0 3
 34385 0 3
 34388 0 3
 34389 0 3
 35056 0 1
 35058 0 1
 35064 0 1
 35066 0 1
 35104 0 1
 35106 0 1
 35112 0 1
 35114 0 1
 35120 0 3
 35121 0 3
 35124 0 3
 35125 0 3
 35168 0 3
 35169 0 3
 35172 0 3
 35173 0 3
 35248 0 3
 35249 0 3
 35252 0 3
 35253 0 3
 35264 0 3
 35265 0 3
 35268 0 3
 35269 0 3
 35504 1 1
 35506 1 1
 35512 1 1
 35514 1 1
 35520 1 1
 35520 0 3
 35521 0 3
 35522 1 1
 35524 0 3
 35525 0 3
 35528 1 1
 35530 1 1
 35536 0 3
 35537 0 3
 35540 0 3
 35541 0 3
 35888 1 3
 35889 1 3
 35892 1 3
 35893 1 3
 35936 1 3
 35937 1 3
 35940 1 3
 35941 1 3
 36144 0 3
 36145 0 3
 36148 0 3
 36149 0 3
 36192 0 3
 36193 0 3
 36196 0 3
 36197 0 3
 36816 0 1
 36818 0 1
 36824 0 1
 36826 0 1
 36832 0 1
 36834 0 1
 36840 0 1
 36842 0 1
 37296 0 3
 37297 0 3
 37300 0 3
 37301 0 3
 37312 0 3
 37313 0 3
 37316 0 3
 37317 0 3
 37632 0 1
 37634 0 1
 37640 0 1
 37642 0 1
 37648 0 1
 37650 0 1
 37656 0 1
 37658 0 1
 37840 0 1
 37842 0 1
 37848 0 1
 37850 0 1
 37856 0 1
 37858 0 1
 37864 0 1
 37866 0 1
 38144 0 1
 38146 0 1
 38152 0 1
 38154 0 1
 38160 0 1
 38162 0 1
 38168 0 1
 38170 0 1
 38208 0 1
 38210 0 1
 38216 0 1
 38218 0 1
 38224 0 1
 38226 0 1
 38232 0 1
 38234 0 1
 38352 0 1
 38354 0 1
 38360 0 1
 38362 0 1
 38368 0 1
 38370 0 1
 38376 0 1
 38378 0 1
 38400 0 3
 38401 0 3
 38404 0 3
 38405 0 3
 38416 0 3
 38417 0 3
 38420 0 3
 38421 0 3
 38480 0 3
 38481 0 3
 38484 0 3
 38485 0 3
 38496 0 3
 38497 0 3
 38500 0 3
 38501 0 3
 38528 0 1
 38530 0 1
 38536 0 1
 38538 0 1
 38544 0 1
 38546 0 1
 38552 0 1
 38554 0 1
 39184 0 3
 39185 0 3
 39188 0 3
 39189 0 3
 39200 0 3
 39201 0 3
 39204 0 3
 39205 0 3
 39344 1 3
 39345 1 3
 39348 1 3
 39349 1 3
 39360 1 3
 39361 1 3
 39364 1 3
 39365 1 3
 39728 0 3
 39729 0 3
 39732 0 3
 39733 0 3
 39744 0 3
 39745 0 3
 39748 0 3
 39749 0 3
 39824 0 3
 39825 0 3
 39828 0 3
 39829 0 3
 39840 0 3
 39841 0 3
 39844 0 3
 39845 0 3
 39856 0 3
 39857 0 3
 39860 0 3
 39861 0 3
 39904 0 3
 39905 0 3
 39908 0 3
 39909 0 3
 39920 0 3
 39921 0 3
 39924 0 3
 39925 0 3
 39936 0 3
 39937 0 3
 39940 0 3
 39941 0 3
 39984 0 3
 39985 0 3
 39988 0 3
 39989 0 3
 40000 0 3
 40001 0 3
 40004 0 3
 40005 0 3
 40560 1 3
 40561 1 3
 40564 1 3
 40565 1 3
 40608 1 3
 40609 1 3
 40612 1 3
 40613 1 3
 40624 0 3
 40625 0 3
 40628 0 3
 40629 0 3
 40640 0 3
 40641 0 3
 40644 0 3
 40645 0 3
 40698 0 4
 40699 0 4
 40702 0 4
 40703 0 4
 