60 0 1
 291 0 1
 292 0 1
 438 0 2
 439 0 2
 442 0 4
 450 0 3
 451 0 3
 463 0 1
 464 0 1
 468 0 1
 469 0 1
 471 0 3
 472 0 3
 475 0 3
 476 0 3
 492 0 2
 493 0 2
 591 0 1
 592 0 1
 596 0 1
 597 0 1
 600 0 1
 601 0 1
 604 0 1
 605 0 1
 608 0 1
 609 0 1
 638 0 3
 639 0 3
 680 0 1
 681 0 1
 684 0 1
 685 0 1
 688 0 1
 689 0 1
 726 0 2
 727 0 2
 727 0 4
 728 0 4
 731 0 2
 732 0 4
 994 0 1
 996 0 1
 1006 0 1
 1008 0 1
 1014 0 3
 1015 0 3
 1140 0 4
 1141 0 4
 1148 0 4
 1149 0 4
 2926 2 1
 2928 2 1
 2930 2 1
 2932 2 1
 2960 0 4
 2961 0 4
 3579 0 2
 3581 0 2
 3834 2 1
 3836 2 1
 3836 0 4
 3837 0 4
 3838 2 1
 3840 2 1
 3848 0 4
 3849 0 4
 3958 0 3
 3959 0 3
 3962 0 3
 3963 0 3
 4102 0 3
 4103 0 3
 4114 0 3
 4115 0 3
 4522 2 3
 4523 2 3
 4534 2 3
 4535 2 3
 4691 0 2
 4693 0 2
 4695 0 2
 4697 0 2
 5150 0 3
 5151 0 3
 5154 0 3
 5155 0 3
 5798 0 1
 5800 0 1
 5802 0 1
 5804 0 1
 6352 0 4
 6353 0 4
 6356 0 4
 6357 0 4
 6412 0 4
 6413 0 4
 6416 0 4
 6417 0 4
 6670 2 1
 6672 2 1
 6674 2 1
 6676 2 1
 7067 0 2
 7069 0 2
 7071 0 2
 7073 0 2
 7206 2 1
 7206 0 3
 7207 0 3
 7208 2 1
 7210 0 3
 7211 0 3
 7218 2 1
 7220 2 1
 7258 0 3
 7259 0 3
 7262 0 3
 7263 0 3
 8323 0 2
 8325 0 2
 8327 0 2
 8329 0 2
 8778 2 1
 8780 2 1
 8782 2 1
 8784 2 1
 9479 0 2
 9481 0 2
 9483 0 2
 9485 0 2
 9668 0 4
 9669 0 4
 9672 0 4
 9673 0 4
 9686 0 1
 9688 0 1
 9690 0 1
 9692 0 1
 9714 0 1
 9716 0 1
 9718 0 1
 9720 0 1
 9810 0 1
 9812 0 1
 9814 0 1
 9816 0 1
 9827 0 2
 9829 0 2
 9831 0 2
 9833 0 2
 9859 0 2
 9861 0 2
 9863 0 2
 9865 0 2
 9986 0 3
 9987 0 3
 9990 0 3
 9991 0 3
 10051 0 2
 10053 0 2
 10055 0 2
 10057 0 2
 10671 0 2
 10673 0 2
 10675 0 2
 10677 0 2
 10864 0 4
 10865 0 4
 10868 0 4
 10869 0 4
 11479 0 2
 11481 0 2
 11483 0 2
 11485 0 2
 11496 0 4
 11497 0 4
 11500 0 4
 11501 0 4
 11582 0 1
 11584 0 1
 11586 0 1
 11588 0 1
 11756 0 4
 11757 0 4
 11760 0 4
 11761 0 4
 12004 0 4
 12005 0 4
 12008 0 4
 12009 0 4
 13199 0 2
 13201 0 2
 13203 0 2
 13205 0 2
 13219 0 2
 13221 0 2
 13223 0 2
 13225 0 2
 14624 0 4
 14625 0 4
 14628 0 4
 14629 0 4
 16298 0 3
 16299 0 3
 16302 0 3
 16303 0 3
 16463 0 2
 16465 0 2
 16467 0 2
 16469 0 2
 16495 0 2
 16497 0 2
 16499 0 2
 16501 0 2
 16554 0 1
 16556 0 1
 16558 0 1
 16560 0 1
 16574 0 1
 16576 0 1
 16578 0 1
 16580 0 1
 16591 0 2
 16593 0 2
 16595 0 2
 16597 0 2
 16607 0 2
 16609 0 2
 16611 0 2
 16613 0 2
 16623 0 2
 16625 0 2
 16627 0 2
 16629 0 2
 16651 0 2
 16653 0 2
 16655 0 2
 16657 0 2
 16704 0 4
 16705 0 4
 16708 0 4
 16709 0 4
 16714 0 3
 16715 0 3
 16718 0 3
 16719 0 3
 16735 0 2
 16737 0 2
 16739 0 2
 16741 0 2
 16751 0 2
 16753 0 2
 16755 0 2
 16757 0 2
 16784 0 4
 16785 0 4
 16788 0 4
 16789 0 4
 16799 0 2
 16801 0 2
 16803 0 2
 16805 0 2
 16815 0 2
 16817 0 2
 16819 0 2
 16821 0 2
 16827 0 2
 16829 0 2
 16831 0 2
 16833 0 2
 16847 0 2
 16849 0 2
 16851 0 2
 16853 0 2
 16858 0 3
 16859 0 3
 16862 0 3
 16863 0 3
 16876 0 4
 16877 0 4
 16880 0 4
 16881 0 4
 16896 0 4
 16897 0 4
 16900 0 4
 16901 0 4
 16911 0 2
 16913 0 2
 16915 0 2
 16917 0 2
 16923 0 2
 16925 0 2
 16927 0 2
 16929 0 2
 16942 0 1
 16944 0 1
 16946 0 1
 16948 0 1
 16974 0 1
 16976 0 1
 16978 0 1
 16980 0 1
 17002 0 3
 17003 0 3
 17006 0 3
 17007 0 3
 17022 0 1
 17024 0 1
 17026 0 1
 17028 0 1
 17038 0 1
 17040 0 1
 17042 0 1
 17044 0 1
 17086 0 3
 17087 0 3
 17098 0 3
 17099 0 3
 17102 0 3
 17103 0 3
 17148 0 4
 17149 0 4
 17152 0 4
 17153 0 4
 17163 0 2
 17165 0 2
 17167 0 2
 17169 0 2
 17180 0 4
 17181 0 4
 17184 0 4
 17185 0 4
 17195 0 2
 17197 0 2
 17199 0 2
 17201 0 2
 17211 0 2
 17213 0 2
 17215 0 2
 17217 0 2
 17223 0 2
 17225 0 2
 17227 0 2
 17229 0 2
 17239 0 2
 17241 0 2
 17243 0 2
 17245 0 2
 17259 0 2
 17261 0 2
 17263 0 2
 17265 0 2
 17272 0 4
 17273 0 4
 17276 0 4
 17277 0 4
 17306 0 3
 17307 0 3
 17310 0 3
 17311 0 3
 17322 0 3
 17323 0 3
 17326 0 3
 17327 0 3
 17383 0 2
 17385 0 2
 17387 0 2
 17389 0 2
 17430 0 1
 17432 0 1
 17434 0 1
 17436 0 1
 17479 0 2
 17481 0 2
 17483 0 2
 17485 0 2
 17495 0 2
 17497 0 2
 17499 0 2
 17501 0 2
 17516 0 4
 17517 0 4
 17520 0 4
 17521 0 4
 17531 0 2
 17533 0 2
 17535 0 2
 17537 0 2
 17579 0 2
 17581 0 2
 17583 0 2
 17585 0 2
 17610 0 1
 17612 0 1
 17614 0 1
 17616 0 1
 17640 0 4
 17641 0 4
 17644 0 4
 17645 0 4
 17659 0 2
 17661 0 2
 17663 0 2
 17665 0 2
 17787 0 2
 17789 0 2
 17791 0 2
 17793 0 2
 17803 0 2
 17805 0 2
 17807 0 2
 17809 0 2
 17819 0 2
 17821 0 2
 17823 0 2
 17825 0 2
 17835 0 2
 17837 0 2
 17839 0 2
 17841 0 2
 17851 0 2
 17853 0 2
 17855 0 2
 17857 0 2
 17867 0 2
 17869 0 2
 17871 0 2
 17873 0 2
 17884 0 4
 17885 0 4
 17888 0 4
 17889 0 4
 17900 0 4
 17901 0 4
 17904 0 4
 17905 0 4
 17939 0 2
 17941 0 2
 17943 0 2
 17945 0 2
 17955 0 2
 17957 0 2
 17959 0 2
 17961 0 2
 18066 0 3
 18067 0 3
 18070 0 3
 18071 0 3
 18082 0 3
 18083 0 3
 18086 0 3
 18087 0 3
 18104 0 4
 18105 0 4
 18108 0 4
 18109 0 4
 18154 0 1
 18156 0 1
 18158 0 1
 18160 0 1
 18166 0 3
 18167 0 3
 18170 0 3
 18171 0 3
 18203 0 2
 18205 0 2
 18207 0 2
 18209 0 2
 18218 0 3
 18219 0 3
 18278 0 3
 18279 0 3
 18282 0 3
 18283 0 3
 18294 0 1
 18296 0 1
 18298 0 1
 18300 0 1
 18498 0 1
 18500 0 1
 18502 0 1
 18504 0 1
 18602 0 3
 18603 0 3
 18606 0 3
 18607 0 3
 18720 0 4
 18721 0 4
 18724 0 4
 18725 0 4
 18890 0 1
 18892 0 1
 18894 0 1
 18896 0 1
 19034 0 3
 19035 0 3
 19038 0 3
 19039 0 3
 19054 0 1
 19056 0 1
 19058 0 1
 19060 0 1
 19214 0 3
 19215 0 3
 19218 0 3
 19219 0 3
 19226 0 1
 19228 0 1
 19230 0 1
 19232 0 1
 19306 0 3
 19307 0 3
 19310 0 3
 19311 0 3
 19378 0 1
 19380 0 1
 19382 0 1
 19384 0 1
 19398 0 1
 19400 0 1
 19402 0 1
 19404 0 1
 19442 0 3
 19443 0 3
 19446 0 3
 19447 0 3
 19543 0 2
 19545 0 2
 19547 0 2
 19549 0 2
 19652 0 4
 19653 0 4
 19656 0 4
 19657 0 4
 19672 0 4
 19673 0 4
 19676 0 4
 19677 0 4
 19726 0 1
 19728 0 1
 20012 0 4
 20013 0 4
 20016 0 4
 20017 0 4
 20055 0 2
 20057 0 2
 20059 0 2
 20061 0 2
 20075 0 2
 20077 0 2
 20079 0 2
 20081 0 2
 20166 0 3
 20167 0 3
 20170 0 3
 20171 0 3
 20198 0 1
 20200 0 1
 20202 0 1
 20204 0 1
 20218 0 3
 20219 0 3
 20222 0 3
 20223 0 3
 20248 0 4
 20249 0 4
 20252 0 4
 20253 0 4
 20268 0 4
 20269 0 4
 20272 0 4
 20273 0 4
 20348 0 4
 20349 0 4
 20352 0 4
 20353 0 4
 20370 0 3
 20371 0 3
 20382 0 3
 20383 0 3
 20410 0 1
 20412 0 1
 20414 0 1
 20416 0 1
 20451 0 2
 20453 0 2
 20463 0 2
 20465 0 2
 20532 0 4
 20533 0 4
 20536 0 4
 20537 0 4
 20690 0 1
 20692 0 1
 20694 0 1
 20696 0 1
 20816 0 4
 20817 0 4
 20820 0 4
 20821 0 4
 20879 0 2
 20881 0 2
 20891 0 2
 20893 0 2
 20947 0 2
 20949 0 2
 20951 0 2
 20953 0 2
 21096 0 4
 21097 0 4
 21108 0 4
 21109 0 4
 21191 0 2
 21193 0 2
 21203 0 2
 21205 0 2
 21654 2 1
 21656 2 1
 21658 2 1
 21660 2 1
 21674 2 1
 21676 2 1
 21678 2 1
 21680 2 1
 21923 0 2
 21925 0 2
 21935 0 2
 21937 0 2
 21942 2 3
 21943 2 3
 21946 2 3
 21947 2 3
 21970 0 3
 21971 0 3
 21974 0 3
 21975 0 3
 21986 0 1
 21988 0 1
 21998 0 1
 22000 0 1
 22168 0 4
 22169 0 4
 22246 0 1
 22248 0 1
 22258 0 1
 22260 0 1
 22352 0 4
 22353 0 4
 22364 0 4
 22365 0 4
 22502 0 3
 22503 0 3
 22506 0 3
 22507 0 3
 22518 0 3
 22519 0 3
 22522 0 3
 22523 0 3
 22534 0 1
 22536 0 1
 22546 0 1
 22548 0 1
 23098 2 1
 23100 2 1
 23102 2 1
 23104 2 1
 23234 0 3
 23235 0 3
 23238 0 3
 23239 0 3
 23250 0 1
 23252 0 1
 23254 0 1
 23256 0 1
 23266 0 1
 23268 0 1
 23270 0 1
 23272 0 1
 23346 0 3
 23347 0 3
 23350 0 3
 23351 0 3
 23362 0 1
 23364 0 1
 23366 0 1
 23368 0 1
 23378 0 1
 23380 0 1
 23382 0 1
 23384 0 1
 23394 0 1
 23396 0 1
 23398 0 1
 23400 0 1
 23502 0 1
 23504 0 1
 23506 0 1
 23508 0 1
 23654 2 1
 23656 2 1
 23658 2 1
 23660 2 1
 23847 0 2
 23849 0 2
 23851 0 2
 23853 0 2
 23859 0 2
 23861 0 2
 23863 0 2
 23865 0 2
 23875 0 2
 23877 0 2
 23966 0 3
 23967 0 3
 23970 0 3
 23971 0 3
 23982 0 3
 23983 0 3
 23986 0 3
 23987 0 3
 23998 0 1
 24000 0 1
 24002 0 1
 24004 0 1
 24014 0 1
 24016 0 1
 24018 0 1
 24020 0 1
 24026 0 1
 24028 0 1
 24030 0 1
 24032 0 1
 24042 0 1
 24044 0 1
 24046 0 1
 24048 0 1
 24058 0 1
 24060 0 1
 24062 0 1
 24064 0 1
 24074 0 1
 24076 0 1
 24078 0 1
 24080 0 1
 24094 0 1
 24096 0 1
 24098 0 1
 24100 0 1
 24106 0 1
 24108 0 1
 24110 0 1
 24112 0 1
 24126 0 1
 24128 0 1
 24130 0 1
 24132 0 1
 24138 0 1
 24140 0 1
 24142 0 1
 24144 0 1
 24158 0 3
 24159 0 3
 24162 0 3
 24163 0 3
 24219 0 2
 24221 0 2
 24223 0 2
 24225 0 2
 24594 0 3
 24595 0 3
 24598 0 3
 24599 0 3
 26410 0 3
 26411 0 3
 26414 0 3
 26415 0 3
 26426 0 1
 26428 0 1
 26430 0 1
 26432 0 1
 26442 0 1
 26444 0 1
 26446 0 1
 26448 0 1
 26458 0 1
 26460 0 1
 26462 0 1
 26464 0 1
 26474 0 1
 26476 0 1
 26478 0 1
 26480 0 1
 26490 0 1
 26492 0 1
 26494 0 1
 26496 0 1
 27782 2 3
 27783 2 3
 27786 2 3
 27787 2 3
 27822 2 1
 27824 2 1
 27834 2 1
 27836 2 1
 28010 2 1
 28012 2 1
 28014 2 1
 28016 2 1
 28086 0 1
 28088 0 1
 28098 0 1
 28100 0 1
 28218 0 3
 28219 0 3
 28230 0 3
 28231 0 3
 28234 0 1
 28236 0 1
 28246 0 1
 28248 0 1
 28250 0 3
 28251 0 3
 28254 0 3
 28255 0 3
 28266 0 1
 28268 0 1
 28278 0 1
 28280 0 1
 28410 0 1
 28412 0 1
 28414 0 1
 28416 0 1
 28526 2 3
 28527 2 3
 28530 2 3
 28531 2 3
 28546 2 3
 28547 2 3
 28550 2 3
 28551 2 3
 28602 0 3
 28603 0 3
 28606 0 3
 28607 0 3
 28628 0 4
 28629 0 4
 28632 0 4
 28633 0 4
 28638 2 3
 28639 2 3
 28642 2 3
 28643 2 3
 28650 2 1
 28652 2 1
 28662 2 1
 28664 2 1
 28682 2 3
 28683 2 3
 28694 2 3
 28695 2 3
 28698 0 3
 28699 0 3
 28702 0 3
 28703 0 3
 28730 2 3
 28731 2 3
 28742 2 3
 28743 2 3
 28747 0 2
 28749 0 2
 28807 0 2
 28809 0 2
 28838 0 1
 28840 0 1
 28862 0 1
 28864 0 1
 28866 0 1
 28868 0 1
 28935 0 2
 28937 0 2
 28939 0 2
 28941 0 2
 29168 0 4
 29169 0 4
 29202 0 1
 29204 0 1
 29206 0 1
 29208 0 1
 29223 0 2
 29225 0 2
 29238 0 3
 29239 0 3
 29242 0 3
 29243 0 3
 29342 0 1
 29344 0 1
 29346 0 1
 29348 0 1
 29439 0 2
 29441 0 2
 29447 0 2
 29449 0 2
 29456 0 4
 29457 0 4
 30842 0 1
 30844 0 1
 30850 0 1
 30852 0 1
 30858 0 1
 30860 0 1
 30866 0 1
 30868 0 1
 31630 0 1
 31632 0 1
 31638 0 1
 31640 0 1
 31646 0 1
 31648 0 1
 31654 0 1
 31656 0 1
 31710 0 1
 31712 0 1
 31718 0 1
 31720 0 1
 31726 0 1
 31728 0 1
 31734 0 1
 31736 0 1
 31774 0 3
 31775 0 3
 31778 0 3
 31779 0 3
 31798 0 3
 31799 0 3
 31802 0 3
 31803 0 3
 31814 0 3
 31815 0 3
 31818 0 3
 31819 0 3
 31858 0 1
 31860 0 1
 31866 0 1
 31868 0 1
 31874 0 1
 31876 0 1
 31882 0 1
 31884 0 1
 32100 0 4
 32101 0 4
 35363 0 2
 35365 0 2
 35371 0 2
 35373 0 2
 35411 0 2
 35413 0 2
 35419 0 2
 35421 0 2
 45742 0 3
 45743 0 3
 45746 0 3
 45747 0 3
 45758 0 3
 45759 0 3
 45762 0 3
 45763 0 3
 46414 0 3
 46415 0 3
 46418 0 3
 46419 0 3
 46430 0 3
 46431 0 3
 46434 0 3
 46435 0 3
 46478 0 3
 46479 0 3
 46482 0 3
 46483 0 3
 46494 0 3
 46495 0 3
 46498 0 3
 46499 0 3
 46526 0 1
 46528 0 1
 46534 0 1
 46536 0 1
 46542 0 1
 46544 0 1
 46550 0 1
 46552 0 1
 46606 0 3
 46607 0 3
 46610 0 3
 46611 0 3
 46622 0 3
 46623 0 3
 46626 0 3
 46627 0 3
 46670 0 1
 46672 0 1
 46678 0 1
 46680 0 1
 46686 0 1
 46688 0 1
 46694 0 1
 46696 0 1
 46702 0 3
 46703 0 3
 46706 0 3
 46707 0 3
 46830 0 3
 46831 0 3
 46834 0 3
 46835 0 3
 46846 0 3
 46847 0 3
 46850 0 3
 46851 0 3
 46894 0 1
 46896 0 1
 46902 0 1
 46904 0 1
 46910 0 1
 46912 0 1
 46918 0 1
 46920 0 1
 46958 0 3
 46959 0 3
 46962 0 3
 46963 0 3
 46974 0 3
 46975 0 3
 46978 0 3
 46979 0 3
 47022 0 3
 47023 0 3
 47026 0 3
 47027 0 3
 47038 0 3
 47039 0 3
 47042 0 3
 47043 0 3
 47672 0 4
 47673 0 4
 47676 0 4
 47677 0 4
 47720 0 4
 47721 0 4
 47724 0 4
 47725 0 4
 47736 0 4
 47737 0 4
 47740 0 4
 47741 0 4
 47784 0 4
 47785 0 4
 47788 0 4
 47789 0 4
 48152 0 4
 48153 0 4
 48156 0 4
 48157 0 4
 48200 0 4
 48201 0 4
 48204 0 4
 48205 0 4
 48275 0 2
 48277 0 2
 48283 0 2
 48285 0 2
 48323 0 2
 48325 0 2
 48331 0 2
 48333 0 2
 49352 0 4
 49353 0 4
 49356 0 4
 49357 0 4
 49368 0 4
 49369 0 4
 49372 0 4
 49373 0 4
 49443 0 2
 49445 0 2
 49451 0 2
 49453 0 2
 49459 0 2
 49461 0 2
 49467 0 2
 49469 0 2
 49528 0 4
 49529 0 4
 49532 0 4
 49533 0 4
 49544 0 4
 49545 0 4
 49548 0 4
 49549 0 4
 49731 0 2
 49733 0 2
 49739 0 2
 49741 0 2
 49747 0 2
 49749 0 2
 49755 0 2
 49757 0 2
 49859 0 2
 49861 0 2
 49867 0 2
 49869 0 2
 49875 0 2
 49877 0 2
 49883 0 2
 49885 0 2
 49987 0 2
 49989 0 2
 49995 0 2
 49997 0 2
 50003 0 2
 50005 0 2
 50011 0 2
 50013 0 2
 50312 0 4
 50313 0 4
 50316 0 4
 50317 0 4
 50328 0 4
 50329 0 4
 50332 0 4
 50333 0 4
 50504 0 4
 50505 0 4
 50508 0 4
 50509 0 4
 50520 0 4
 50521 0 4
 50524 0 4
 50525 0 4
 51000 0 4
 51001 0 4
 51004 0 4
 51005 0 4
 51016 0 4
 51017 0 4
 51020 0 4
 51021 0 4
 51448 0 4
 51449 0 4
 51452 0 4
 51453 0 4
 51464 0 4
 51465 0 4
 51468 0 4
 51469 0 4
 51640 0 4
 51641 0 4
 51644 0 4
 51645 0 4
 51656 0 4
 51657 0 4
 51660 0 4
 51661 0 4
 51832 0 4
 51833 0 4
 51836 0 4
 51837 0 4
 51848 0 4
 51849 0 4
 51852 0 4
 51853 0 4
 51907 0 2
 51909 0 2
 51915 0 2
 51917 0 2
 51923 0 2
 51925 0 2
 51931 0 2
 51933 0 2
 51976 0 4
 51977 0 4
 51980 0 4
 51981 0 4
 52024 0 4
 52025 0 4
 52028 0 4
 52029 0 4
 52216 0 4
 52217 0 4
 52220 0 4
 52221 0 4
 52323 0 2
 52325 0 2
 52331 0 2
 52333 0 2
 52339 0 2
 52341 0 2
 52347 0 2
 52349 0 2
 54942 0 1
 54944 0 1
 54950 0 1
 54952 0 1
 54958 0 3
 54959 0 3
 54962 0 3
 54963 0 3
 55192 0 4
 55193 0 4
 55196 0 4
 55197 0 4
 55240 0 4
 55241 0 4
 55244 0 4
 55245 0 4
 56248 0 4
 56249 0 4
 56252 0 4
 56253 0 4
 57427 0 2
 57429 0 2
 57435 0 2
 57437 0 2
 57475 0 2
 57477 0 2
 57483 0 2
 57485 0 2
 57491 0 2
 57493 0 2
 57499 0 2
 57501 0 2
 57539 0 2
 57541 0 2
 57547 0 2
 57549 0 2
 57624 0 4
 57625 0 4
 57628 0 4
 57629 0 4
 57630 0 1
 57632 0 1
 57638 0 1
 57640 0 1
 57646 0 1
 57648 0 1
 57654 0 1
 57656 0 1
 57662 0 3
 57663 0 3
 57666 0 3
 57667 0 3
 57678 0 3
 57679 0 3
 57682 0 3
 57683 0 3
 58040 0 4
 58041 0 4
 58044 0 4
 58045 0 4
 58056 0 4
 58057 0 4
 58060 0 4
 58061 0 4
 58088 0 4
 58089 0 4
 58092 0 4
 58093 0 4
 58104 0 4
 58105 0 4
 58108 0 4
 58109 0 4
 58148 0 4
 58149 0 4
 58152 0 4
 58153 0 4
 59142 0 1
 59144 0 1
 59150 0 1
 59152 0 1
 59174 0 1
 59176 0 1
 59182 0 1
 59184 0 1
 59334 0 1
 59336 0 1
 59342 0 1
 59344 0 1
 59366 0 1
 59368 0 1
 59374 0 1
 59376 0 1
 59398 0 1
 59400 0 1
 59406 0 1
 59408 0 1
 59430 0 1
 59432 0 1
 59438 0 1
 59440 0 1
 59590 0 1
 59592 0 1
 59598 0 1
 59600 0 1
 59622 0 1
 59624 0 1
 59630 0 1
 59632 0 1
 59782 0 1
 59784 0 1
 59790 0 1
 59792 0 1
 59814 0 1
 59816 0 1
 59822 0 1
 59824 0 1
 59926 0 3
 59927 0 3
 59930 0 3
 59931 0 3
 59942 0 3
 59943 0 3
 59946 0 3
 59947 0 3
 59990 0 3
 59991 0 3
 59994 0 3
 59995 0 3
 60006 0 3
 60007 0 3
 60010 0 3
 60011 0 3
 60438 0 1
 60440 0 1
 60446 0 1
 60448 0 1
 60470 0 1
 60472 0 1
 60478 0 1
 60480 0 1
 60502 0 1
 60504 0 1
 60510 0 1
 60512 0 1
 60534 0 1
 60536 0 1
 60542 0 1
 60544 0 1
 60758 0 1
 60760 0 1
 60766 0 1
 60768 0 1
 60790 0 1
 60792 0 1
 60798 0 1
 60800 0 1
 60822 0 1
 60824 0 1
 63102 0 1
 63104 0 1
 63110 0 1
 63112 0 1
 63134 0 1
 63136 0 1
 63142 0 1
 63144 0 1
 63166 0 1
 63168 0 1
 63174 0 1
 63176 0 1
 63198 0 1
 63200 0 1
 63206 0 1
 63208 0 1
 68094 0 1
 68096 0 1
 68102 0 1
 68104 0 1
 68126 0 1
 68128 0 1
 68134 0 1
 68136 0 1
 68158 0 1
 68158 1 3
 68159 1 3
 68160 0 1
 68162 1 3
 68163 1 3
 68166 0 1
 68168 0 1
 68174 1 3
 68175 1 3
 68178 1 3
 68179 1 3
 68190 0 1
 68192 0 1
 68198 0 1
 68200 0 1
 68222 1 3
 68223 1 3
 68226 1 3
 68227 1 3
 68238 1 3
 68239 1 3
 68242 1 3
 68243 1 3
 73262 1 3
 73263 1 3
 73266 1 3
 73267 1 3
 73278 1 3
 73279 1 3
 73282 1 3
 73283 1 3
 73326 1 3
 73327 1 3
 73330 1 3
 73331 1 3
 73342 1 3
 73343 1 3
 73346 1 3
 73347 1 3
 74814 0 1
 74816 0 1
 74822 0 1
 74824 0 1
 74846 0 1
 74848 0 1
 74854 0 1
 74856 0 1
 74878 0 1
 74880 0 1
 74886 0 1
 74888 0 1
 74910 0 1
 74912 0 1
 74918 0 1
 74920 0 1
 76798 0 1
 76800 0 1
 76806 0 1
 76808 0 1
 76830 0 1
 76832 0 1
 76838 0 1
 76840 0 1
 76862 0 1
 76864 0 1
 76870 0 1
 76872 0 1
 76894 0 1
 76896 0 1
 76902 0 1
 76904 0 1
 88270 0 3
 88271 0 3
 88274 0 3
 88275 0 3
 88286 0 3
 88287 0 3
 88290 0 3
 88291 0 3
 88334 0 3
 88335 0 3
 88338 0 3
 88339 0 3
 88350 0 3
 88351 0 3
 88354 0 3
 88355 0 3
 88398 0 1
 88400 0 1
 88406 0 1
 88408 0 1
 88430 0 1
 88432 0 1
 88438 0 1
 88440 0 1
 88590 0 1
 88592 0 1
 88598 0 1
 88600 0 1
 88622 0 1
 88624 0 1
 88630 0 1
 88632 0 1
 88718 0 3
 88719 0 3
 88722 0 3
 88723 0 3
 88734 0 3
 88735 0 3
 88738 0 3
 88739 0 3
 88782 0 3
 88783 0 3
 88786 0 3
 88787 0 3
 88798 0 3
 88799 0 3
 88802 0 3
 88803 0 3
 89550 0 3
 89551 0 3
 89554 0 3
 89555 0 3
 89566 0 3
 89567 0 3
 89570 0 3
 89571 0 3
 89614 0 3
 89615 0 3
 89618 0 3
 89619 0 3
 89630 0 3
 89631 0 3
 89634 0 3
 89635 0 3
 89806 0 1
 89808 0 1
 89814 0 1
 89816 0 1
 89838 0 1
 89840 0 1
 89846 0 1
 89848 0 1
 89870 0 1
 89872 0 1
 89878 0 1
 89880 0 1
 89902 0 1
 89904 0 1
 89910 0 1
 89912 0 1
 90062 0 3
 90063 0 3
 90066 0 3
 90067 0 3
 90078 0 3
 90079 0 3
 90082 0 3
 90083 0 3
 90126 0 3
 90127 0 3
 90130 0 3
 90131 0 3
 90142 0 3
 90143 0 3
 90146 0 3
 90147 0 3
 90574 0 3
 90575 0 3
 90578 0 3
 90579 0 3
 90590 0 3
 90591 0 3
 90594 0 3
 90595 0 3
 90638 0 3
 90639 0 3
 90642 0 3
 90643 0 3
 90654 0 3
 90655 0 3
 90658 0 3
 90659 0 3
 91566 0 1
 91568 0 1
 91574 0 1
 91576 0 1
 91598 0 1
 91600 0 1
 91606 0 1
 91608 0 1
 91630 0 1
 91632 0 1
 91638 0 1
 91640 0 1
 91662 0 1
 91664 0 1
 91670 0 1
 91672 0 1
 91886 0 1
 91888 0 1
 91894 0 1
 91896 0 1
 91918 0 1
 91920 0 1
 91926 0 1
 91928 0 1
 91950 0 1
 91952 0 1
 91958 0 1
 91960 0 1
 91982 0 1
 91984 0 1
 91990 0 1
 91992 0 1
 92142 0 3
 92143 0 3
 92146 0 3
 92147 0 3
 92158 0 3
 92159 0 3
 92162 0 3
 92163 0 3
 92206 0 3
 92207 0 3
 92210 0 3
 92211 0 3
 92222 0 3
 92223 0 3
 92226 0 3
 92227 0 3
 92398 0 1
 92400 0 1
 92406 0 1
 92408 0 1
 92430 0 1
 92432 0 1
 92438 0 1
 92440 0 1
 92462 0 1
 92464 0 1
 92470 0 1
 92472 0 1
 92494 0 1
 92496 0 1
 92502 0 1
 92504 0 1
 94062 0 3
 94063 0 3
 94066 0 3
 94067 0 3
 94078 0 3
 94079 0 3
 94082 0 3
 94083 0 3
 94126 0 3
 94127 0 3
 94130 0 3
 94131 0 3
 94142 0 3
 94143 0 3
 94146 0 3
 94147 0 3
 94318 0 3
 94319 0 3
 94322 0 3
 94323 0 3
 94334 0 3
 94335 0 3
 94338 0 3
 94339 0 3
 94382 0 3
 94383 0 3
 94386 0 3
 94387 0 3
 94398 0 3
 94399 0 3
 94402 0 3
 94403 0 3
 94574 0 1
 94576 0 1
 94582 0 1
 94584 0 1
 94606 0 1
 94608 0 1
 94614 0 1
 94616 0 1
 94638 0 1
 94640 0 1
 94646 0 1
 94648 0 1
 94670 0 1
 94672 0 1
 94678 0 1
 94680 0 1
 94830 0 1
 94832 0 1
 94838 0 1
 94840 0 1
 94862 0 1
 94864 0 1
 94870 0 1
 94872 0 1
 94894 0 1
 94896 0 1
 94902 0 1
 94904 0 1
 94926 0 1
 94928 0 1
 94934 0 1
 94936 0 1
 96126 0 1
 96128 0 1
 96134 0 1
 96136 0 1
 96158 0 1
 96160 0 1
 96166 0 1
 96168 0 1
 96190 0 1
 96192 0 1
 96198 0 1
 96200 0 1
 96222 0 1
 96224 0 1
 96230 0 1
 96232 0 1
 97406 0 3
 97407 0 3
 97410 0 3
 97411 0 3
 97422 0 3
 97423 0 3
 97426 0 3
 97427 0 3
 97470 0 3
 97471 0 3
 97474 0 3
 97475 0 3
 97486 0 3
 97487 0 3
 97490 0 3
 97491 0 3
 98430 0 1
 98432 0 1
 98438 0 1
 98440 0 1
 98462 0 1
 98464 0 1
 98470 0 1
 98472 0 1
 98494 0 1
 98496 0 1
 98502 0 1
 98504 0 1
 98526 0 1
 98528 0 1
 98534 0 1
 98536 0 1
 99198 0 1
 99200 0 1
 99206 0 1
 99208 0 1
 99230 0 1
 99232 0 1
 99238 0 1
 99240 0 1
 99262 0 1
 99264 0 1
 99270 0 1
 99272 0 1
 99294 0 1
 99296 0 1
 99302 0 1
 99304 0 1
 100158 1 3
 100159 1 3
 100162 1 3
 100163 1 3
 100174 1 3
 100175 1 3
 100178 1 3
 100179 1 3
 100222 1 3
 100223 1 3
 100226 1 3
 100227 1 3
 100238 1 3
 100239 1 3
 100242 1 3
 100243 1 3
 100478 1 3
 100479 1 3
 100482 1 3
 100483 1 3
 100494 1 3
 100495 1 3
 100498 1 3
 100499 1 3
 100542 1 3
 100543 1 3
 100546 1 3
 100547 1 3
 100558 1 3
 100559 1 3
 100562 1 3
 100563 1 3
 100670 0 1
 100672 0 1
 100678 0 1
 100680 0 1
 100702 0 1
 100704 0 1
 100710 0 1
 100712 0 1
 100734 0 1
 100736 0 1
 100742 0 1
 100744 0 1
 100766 0 1
 100768 0 1
 100774 0 1
 100776 0 1
 101118 1 3
 101119 1 3
 101122 1 3
 101123 1 3
 101134 1 3
 101135 1 3
 101138 1 3
 101139 1 3
 101310 1 3
 101311 1 3
 101314 1 3
 101315 1 3
 101326 1 3
 101327 1 3
 101330 1 3
 101331 1 3
 104702 0 3
 104703 0 3
 104706 0 3
 104707 0 3
 104718 0 3
 104719 0 3
 104722 0 3
 104723 0 3
 104766 0 3
 104767 0 3
 104770 0 3
 104771 0 3
 104782 0 3
 104783 0 3
 104786 0 3
 104787 0 3
 105342 0 3
 105343 0 3
 105346 0 3
 105347 0 3
 105358 0 3
 105359 0 3
 105362 0 3
 105363 0 3
 105406 0 3
 105407 0 3
 105410 0 3
 105411 0 3
 105422 0 3
 105423 0 3
 105426 0 3
 105427 0 3
 106238 0 1
 106240 0 1
 106246 0 1
 106248 0 1
 106270 0 1
 106272 0 1
 106278 0 1
 106280 0 1
 106302 0 1
 106304 0 1
 106310 0 1
 106312 0 1
 106334 0 1
 106336 0 1
 106342 0 1
 106344 0 1
 111406 0 1
 111408 0 1
 111414 0 1
 111416 0 1
 111438 0 1
 111440 0 1
 111446 0 1
 111448 0 1
 111470 0 1
 111472 0 1
 111478 0 1
 111480 0 1
 111502 0 1
 111504 0 1
 111510 0 1
 111512 0 1
 111598 0 1
 111600 0 1
 111606 0 1
 111608 0 1
 111630 0 1
 111632 0 1
 111638 0 1
 111640 0 1
 111662 0 1
 111664 0 1
 111670 0 1
 111672 0 1
 111694 0 1
 111696 0 1
 111702 0 1
 111704 0 1
 112430 0 3
 112431 0 3
 112434 0 3
 112435 0 3
 112446 0 3
 112447 0 3
 112450 0 3
 112451 0 3
 112494 0 3
 112495 0 3
 112498 0 3
 112499 0 3
 112510 0 3
 112511 0 3
 112514 0 3
 112515 0 3
 113278 0 3
 113279 0 3
 113282 0 3
 113283 0 3
 113294 0 3
 113295 0 3
 113298 0 3
 113299 0 3
 113342 0 3
 113343 0 3
 113346 0 3
 113347 0 3
 113358 0 3
 113359 0 3
 113362 0 3
 113363 0 3
 115070 1 3
 115071 1 3
 115074 1 3
 115075 1 3
 115086 1 3
 115087 1 3
 115090 1 3
 115091 1 3
 115134 1 3
 115135 1 3
 115138 1 3
 115139 1 3
 115150 1 3
 115151 1 3
 115154 1 3
 115155 1 3
 118030 0 1
 118032 0 1
 118038 0 1
 118040 0 1
 118062 0 1
 118064 0 1
 118070 0 1
 118072 0 1
 118222 0 1
 118224 0 1
 118230 0 1
 118232 0 1
 118254 0 1
 118256 0 1
 118262 0 1
 118264 0 1
 119054 0 3
 119055 0 3
 119058 0 3
 119059 0 3
 119070 0 3
 119071 0 3
 119074 0 3
 119075 0 3
 119246 0 3
 119247 0 3
 119250 0 3
 119251 0 3
 119262 0 3
 119263 0 3
 119266 0 3
 119267 0 3
 120142 0 1
 120144 0 1
 120150 0 1
 120152 0 1
 120174 0 1
 120176 0 1
 120182 0 1
 120184 0 1
 120830 0 3
 120831 0 3
 120834 0 3
 120835 0 3
 120846 0 3
 120847 0 3
 120850 0 3
 120851 0 3
 120894 0 3
 120895 0 3
 120898 0 3
 120899 0 3
 120910 0 3
 120911 0 3
 120914 0 3
 120915 0 3
 121086 0 1
 121088 0 1
 121094 0 1
 121096 0 1
 121118 0 1
 121120 0 1
 121126 0 1
 121128 0 1
 121150 0 1
 121152 0 1
 121158 0 1
 121160 0 1
 121182 0 1
 121184 0 1
 121190 0 1
 121192 0 1
 121406 0 1
 121408 0 1
 121414 0 1
 121416 0 1
 121438 0 1
 121440 0 1
 121446 0 1
 121448 0 1
 121470 0 1
 121472 0 1
 121478 0 1
 121480 0 1
 121502 0 1
 121504 0 1
 121510 0 1
 121512 0 1
 121598 0 1
 121600 0 1
 121606 0 1
 121608 0 1
 121630 0 1
 121632 0 1
 121638 0 1
 121640 0 1
 121662 0 1
 121664 0 1
 121670 0 1
 121672 0 1
 121694 0 1
 121696 0 1
 121702 0 1
 121704 0 1
 121854 0 3
 121855 0 3
 121858 0 3
 121859 0 3
 121870 0 3
 121871 0 3
 121874 0 3
 121875 0 3
 121918 0 3
 121919 0 3
 121922 0 3
 121923 0 3
 121934 0 3
 121935 0 3
 121938 0 3
 121939 0 3
 127038 0 3
 127039 0 3
 127042 0 3
 127043 0 3
 127054 0 3
 127055 0 3
 127058 0 3
 127059 0 3
 127102 0 3
 127103 0 3
 127106 0 3
 127107 0 3
 127118 0 3
 127119 0 3
 127122 0 3
 127123 0 3
 129342 0 1
 129344 0 1
 129350 0 1
 129352 0 1
 129374 0 1
 129376 0 1
 129382 0 1
 129384 0 1
 129534 0 1
 129536 0 1
 129542 0 1
 129544 0 1
 129566 0 1
 129568 0 1
 129574 0 1
 129576 0 1
 129598 0 3
 129599 0 3
 129602 0 3
 129603 0 3
 129614 0 3
 129615 0 3
 129618 0 3
 129619 0 3
 129790 0 3
 129791 0 3
 129794 0 3
 129795 0 3
 129806 0 3
 129807 0 3
 129810 0 3
 129811 0 3
 130110 0 3
 130111 0 3
 130114 0 3
 130115 0 3
 130126 0 3
 130127 0 3
 130130 0 3
 130131 0 3
 130174 0 3
 130175 0 3
 130178 0 3
 130179 0 3
 130190 0 3
 130191 0 3
 130194 0 3
 130195 0 3
 131134 1 1
 131136 1 1
 131142 1 1
 131144 1 1
 131166 1 1
 131168 1 1
 131174 1 1
 131176 1 1
 131198 1 1
 131198 0 3
 131199 0 3
 131200 1 1
 131202 0 3
 131203 0 3
 131206 1 1
 131208 1 1
 131214 0 3
 131215 0 3
 131218 0 3
 131219 0 3
 131230 1 1
 131232 1 1
 131238 1 1
 131240 1 1
 131262 0 3
 131263 0 3
 131266 0 3
 131267 0 3
 131278 0 3
 131279 0 3
 131282 0 3
 131283 0 3
 132670 1 3
 132671 1 3
 132674 1 3
 132675 1 3
 132686 1 3
 132687 1 3
 132690 1 3
 132691 1 3
 132862 1 3
 132863 1 3
 132866 1 3
 132867 1 3
 132878 1 3
 132879 1 3
 132882 1 3
 132883 1 3
 133694 0 3
 133695 0 3
 133698 0 3
 133699 0 3
 133710 0 3
 133711 0 3
 133714 0 3
 133715 0 3
 133886 0 3
 133887 0 3
 133890 0 3
 133891 0 3
 133902 0 3
 133903 0 3
 133906 0 3
 133907 0 3
 136126 0 1
 136128 0 1
 136134 0 1
 136136 0 1
 136158 0 1
 136160 0 1
 136166 0 1
 136168 0 1
 136190 0 1
 136192 0 1
 136198 0 1
 136200 0 1
 136222 0 1
 136224 0 1
 136230 0 1
 136232 0 1
 138046 0 3
 138047 0 3
 138050 0 3
 138051 0 3
 138062 0 3
 138063 0 3
 138066 0 3
 138067 0 3
 138110 0 3
 138111 0 3
 138114 0 3
 138115 0 3
 138126 0 3
 138127 0 3
 138130 0 3
 138131 0 3
 139390 0 1
 139392 0 1
 139398 0 1
 139400 0 1
 139422 0 1
 139424 0 1
 139430 0 1
 139432 0 1
 139454 0 1
 139456 0 1
 139462 0 1
 139464 0 1
 139486 0 1
 139488 0 1
 139494 0 1
 139496 0 1
 140222 0 1
 140224 0 1
 140230 0 1
 140232 0 1
 140254 0 1
 140256 0 1
 140262 0 1
 140264 0 1
 140286 0 1
 140288 0 1
 140294 0 1
 140296 0 1
 140318 0 1
 140320 0 1
 140326 0 1
 140328 0 1
 141438 0 1
 141440 0 1
 141446 0 1
 141448 0 1
 141470 0 1
 141472 0 1
 141478 0 1
 141480 0 1
 141502 0 1
 141504 0 1
 141510 0 1
 141512 0 1
 141534 0 1
 141536 0 1
 141542 0 1
 141544 0 1
 141694 0 1
 141696 0 1
 141702 0 1
 141704 0 1
 141726 0 1
 141728 0 1
 141734 0 1
 141736 0 1
 141758 0 1
 141760 0 1
 141766 0 1
 141768 0 1
 141790 0 1
 141792 0 1
 141798 0 1
 141800 0 1
 142270 0 1
 142272 0 1
 142278 0 1
 142280 0 1
 142302 0 1
 142304 0 1
 142310 0 1
 142312 0 1
 142334 0 1
 142336 0 1
 142342 0 1
 142344 0 1
 142366 0 1
 142368 0 1
 142374 0 1
 142376 0 1
 142462 0 3
 142463 0 3
 142466 0 3
 142467 0 3
 142478 0 3
 142479 0 3
 142482 0 3
 142483 0 3
 142526 0 3
 142527 0 3
 142530 0 3
 142531 0 3
 142542 0 3
 142543 0 3
 142546 0 3
 142547 0 3
 142782 0 3
 142783 0 3
 142786 0 3
 142787 0 3
 142798 0 3
 142799 0 3
 142802 0 3
 142803 0 3
 142846 0 3
 142847 0 3
 142850 0 3
 142851 0 3
 142862 0 3
 142863 0 3
 142866 0 3
 142867 0 3
 142974 0 1
 142976 0 1
 142982 0 1
 142984 0 1
 143006 0 1
 143008 0 1
 143014 0 1
 143016 0 1
 143038 0 1
 143040 0 1
 143046 0 1
 143048 0 1
 143070 0 1
 143072 0 1
 143078 0 1
 143080 0 1
 145598 0 3
 145599 0 3
 145602 0 3
 145603 0 3
 145614 0 3
 145615 0 3
 145618 0 3
 145619 0 3
 145662 0 3
 145663 0 3
 145666 0 3
 145667 0 3
 145678 0 3
 145679 0 3
 145682 0 3
 145683 0 3
 146238 1 3
 146239 1 3
 146242 1 3
 146243 1 3
 146254 1 3
 146255 1 3
 146258 1 3
 146259 1 3
 146302 1 3
 146303 1 3
 146306 1 3
 146307 1 3
 146318 1 3
 146319 1 3
 146322 1 3
 146323 1 3
 147390 0 3
 147391 0 3
 147394 0 3
 147395 0 3
 147406 0 3
 147407 0 3
 147410 0 3
 147411 0 3
 147454 0 3
 147455 0 3
 147458 0 3
 147459 0 3
 147470 0 3
 147471 0 3
 147474 0 3
 147475 0 3
 147774 0 3
 147775 0 3
 147778 0 3
 147779 0 3
 147790 0 3
 147791 0 3
 147794 0 3
 147795 0 3
 147838 0 3
 147839 0 3
 147842 0 3
 147843 0 3
 147854 0 3
 147855 0 3
 147858 0 3
 147859 0 3
 147902 0 3
 147903 0 3
 147906 0 3
 147907 0 3
 147918 0 3
 147919 0 3
 147922 0 3
 147923 0 3
 148094 0 3
 148095 0 3
 148098 0 3
 148099 0 3
 148110 0 3
 148111 0 3
 148114 0 3
 148115 0 3
 148158 0 3
 148159 0 3
 148162 0 3
 148163 0 3
 148174 0 3
 148175 0 3
 148178 0 3
 148179 0 3
 148222 0 3
 148223 0 3
 148226 0 3
 148227 0 3
 148238 0 3
 148239 0 3
 148242 0 3
 148243 0 3
 148414 0 3
 148415 0 3
 148418 0 3
 148419 0 3
 148430 0 3
 148431 0 3
 148434 0 3
 148435 0 3
 148478 0 3
 148479 0 3
 148482 0 3
 148483 0 3
 148494 0 3
 148495 0 3
 148498 0 3
 148499 0 3
 150718 1 3
 150719 1 3
 150722 1 3
 150723 1 3
 150734 1 3
 150735 1 3
 150738 1 3
 150739 1 3
 150910 1 3
 150911 1 3
 150914 1 3
 150915 1 3
 150926 1 3
 150927 1 3
 150930 1 3
 150931 1 3
 150974 0 3
 150975 0 3
 150978 0 3
 150979 0 3
 150990 0 3
 150991 0 3
 150994 0 3
 150995 0 3
 151038 0 3
 151039 0 3
 151042 0 3
 151043 0 3
 151054 0 3
 151055 0 3
 151058 0 3
 151059 0 3
 151256 0 4
 151257 0 4
 151260 0 4
 151261 0 4
 155064 0 4
 155065 0 4
 155068 0 4
 155069 0 4
 155080 0 4
 155081 0 4
 155084 0 4
 155085 0 4
 155464 0 4
 155465 0 4
 155468 0 4
 155469 0 4
 155480 0 4
 155481 0 4
 155484 0 4
 155485 0 4
 155528 0 4
 155529 0 4
 155532 0 4
 155533 0 4
 155544 0 4
 155545 0 4
 155548 0 4
 155549 0 4
 155550 0 1
 155552 0 1
 155558 0 1
 155560 0 1
 155582 0 1
 155584 0 1
 155590 0 1
 155592 0 1
 155678 0 1
 155680 0 1
 155686 0 1
 155688 0 1
 