675 2 1
 676 2 1
 685 0 4
 686 0 4
 834 0 1
 835 0 1
 925 0 2
 926 0 2
 1017 2 1
 1017 0 4
 1018 2 1
 1020 0 4
 1045 0 1
 1046 0 1
 1085 0 3
 1086 0 3
 1121 0 3
 1124 0 3
 1285 2 3
 1288 2 3
 1299 0 1
 1300 0 1
 1361 0 2
 1362 0 2
 1377 0 2
 1380 0 2
 1523 0 3
 1524 0 3
 1525 0 1
 1526 0 1
 1526 1 3
 1527 1 3
 1719 0 1
 1720 0 1
 1850 0 4
 1851 0 4
 1911 0 2
 1912 0 2
 1975 0 4
 1976 0 4
 2006 0 4
 2007 0 4
 2083 2 1
 2084 2 1
 2241 1 3
 2242 1 3
 2246 0 2
 2247 0 2
 2309 2 1
 2309 0 3
 2310 0 3
 2312 2 1
 2326 0 3
 2327 0 3
 2374 0 1
 2375 0 1
 2707 0 2
 2708 0 2
 2737 0 1
 2738 0 1
 2891 2 1
 2892 2 1
 3226 0 2
 3227 0 2
 3314 0 4
 3315 0 4
 3319 0 1
 3320 0 1
 3330 0 1
 3331 0 1
 3378 0 1
 3379 0 1
 3382 0 2
 3383 0 2
 3390 0 2
 3391 0 2
 3438 0 1
 3439 0 1
 3442 0 3
 3443 0 3
 3458 0 2
 3459 0 2
 3642 0 2
 3643 0 2
 3706 0 4
 3707 0 4
 3914 0 2
 3915 0 2
 3918 0 4
 3919 0 4
 3970 0 1
 3971 0 1
 4035 0 4
 4036 0 4
 4139 0 4
 4140 0 4
 4530 0 2
 4531 0 2
 4535 0 2
 4536 0 2
 4551 0 3
 4552 0 3
 4938 0 4
 4939 0 4
 4993 0 1
 4996 0 1
 5346 0 3
 5347 0 3
 5411 0 3
 5412 0 3
 5415 0 1
 5416 0 1
 5427 0 3
 5428 0 3
 5439 0 3
 5440 0 3
 5489 0 4
 5492 0 4
 5530 0 1
 5531 0 1
 5535 0 1
 5536 0 1
 5563 0 3
 5564 0 3
 5599 0 1
 5600 0 1
 5659 0 3
 5660 0 3
 5663 0 3
 5664 0 3
 5667 0 1
 5668 0 1
 5671 0 1
 5672 0 1
 5735 0 1
 5736 0 1
 5751 0 1
 5752 0 1
 5814 0 3
 5815 0 3
 5819 0 3
 5820 0 3
 5887 0 1
 5888 0 1
 5899 0 2
 5900 0 2
 5907 0 2
 5908 0 2
 5926 0 1
 5927 0 1
 5931 0 1
 5932 0 1
 5939 0 2
 5940 0 2
 5943 0 2
 5944 0 2
 5947 0 2
 5948 0 2
 5954 0 2
 5955 0 2
 5975 0 4
 5976 0 4
 5979 0 1
 5980 0 1
 5982 0 3
 5983 0 3
 5987 0 2
 5988 0 2
 5991 0 2
 5992 0 2
 6003 0 4
 6004 0 4
 6007 0 2
 6008 0 2
 6015 0 2
 6016 0 2
 6018 0 2
 6019 0 2
 6023 0 2
 6024 0 2
 6026 0 3
 6027 0 3
 6030 0 4
 6031 0 4
 6035 0 4
 6036 0 4
 6039 0 2
 6040 0 2
 6042 0 2
 6043 0 2
 6047 0 1
 6048 0 1
 6055 0 1
 6056 0 1
 6066 0 3
 6067 0 3
 6075 0 1
 6076 0 1
 6079 0 1
 6080 0 1
 6095 0 3
 6096 0 3
 6099 0 3
 6100 0 3
 6115 0 4
 6116 0 4
 6119 0 2
 6120 0 2
 6123 0 4
 6124 0 4
 6127 0 2
 6128 0 2
 6131 0 2
 6132 0 2
 6134 0 2
 6135 0 2
 6138 0 2
 6139 0 2
 6143 0 2
 6144 0 2
 6146 0 4
 6147 0 4
 6155 0 3
 6156 0 3
 6159 0 3
 6160 0 3
 6166 1 3
 6167 1 3
 6171 1 3
 6172 1 3
 6182 0 2
 6183 0 2
 6202 0 1
 6203 0 1
 6214 0 2
 6215 0 2
 6218 0 2
 6219 0 2
 6223 0 4
 6224 0 4
 6227 0 2
 6228 0 2
 6230 0 1
 6231 0 1
 6247 0 2
 6248 0 2
 6255 0 1
 6256 0 1
 6262 0 4
 6263 0 4
 6267 0 2
 6268 0 2
 6303 0 2
 6304 0 2
 6307 0 2
 6308 0 2
 6311 0 2
 6312 0 2
 6315 0 2
 6316 0 2
 6319 0 2
 6320 0 2
 6323 0 2
 6324 0 2
 6327 0 4
 6328 0 4
 6331 0 4
 6332 0 4
 6343 0 2
 6344 0 2
 6347 0 2
 6348 0 2
 6387 0 3
 6388 0 3
 6391 0 3
 6392 0 3
 6402 0 4
 6403 0 4
 6415 0 1
 6416 0 1
 6418 0 3
 6419 0 3
 6427 0 2
 6428 0 2
 6431 0 3
 6432 0 3
 6451 0 3
 6452 0 3
 6455 0 1
 6456 0 1
 6518 0 1
 6519 0 1
 6530 0 1
 6531 0 1
 6545 1 3
 6548 1 3
 6558 0 3
 6559 0 3
 6582 0 3
 6583 0 3
 6635 0 4
 6636 0 4
 6711 0 3
 6712 0 3
 6734 0 1
 6735 0 1
 6737 0 3
 6738 0 3
 6783 0 1
 6784 0 1
 6886 0 3
 6887 0 3
 6891 0 1
 6892 0 1
 6967 0 3
 6968 0 3
 6974 0 1
 6975 0 1
 7002 0 3
 7003 0 3
 7026 0 1
 7027 0 1
 7031 0 1
 7032 0 1
 7042 0 3
 7043 0 3
 7075 0 2
 7076 0 2
 7114 0 4
 7115 0 4
 7119 0 4
 7120 0 4
 7123 0 3
 7124 0 3
 7127 0 3
 7128 0 3
 7142 0 1
 7143 0 1
 7147 0 1
 7148 0 1
 7166 0 1
 7167 0 1
 7171 0 3
 7172 0 3
 7175 0 1
 7176 0 1
 7182 0 1
 7183 0 1
 7194 0 1
 7195 0 1
 7211 0 1
 7212 0 1
 7219 0 1
 7220 0 1
 7239 0 3
 7240 0 3
 7275 0 3
 7276 0 3
 7291 0 3
 7292 0 3
 7299 0 3
 7300 0 3
 7303 0 1
 7304 0 1
 7307 0 4
 7308 0 4
 7315 0 3
 7316 0 3
 7322 0 2
 7323 0 2
 7327 0 2
 7328 0 2
 7331 0 3
 7332 0 3
 7335 0 3
 7336 0 3
 7343 0 1
 7344 0 1
 7351 0 3
 7352 0 3
 7406 0 3
 7407 0 3
 7414 0 1
 7415 0 1
 7419 0 3
 7420 0 3
 7430 0 4
 7431 0 4
 7435 0 4
 7436 0 4
 7459 0 4
 7460 0 4
 7463 1 3
 7464 1 3
 7477 0 3
 7480 0 3
 7489 0 4
 7492 0 4
 7495 0 1
 7496 0 1
 7517 0 2
 7520 0 2
 7541 0 4
 7542 0 4
 7593 0 1
 7594 0 1
 7637 0 4
 7638 0 4
 7657 0 2
 7660 0 2
 7682 0 2
 7683 0 2
 7737 0 4
 7740 0 4
 7761 0 1
 7764 0 1
 7777 0 1
 7780 0 1
 7785 0 2
 7788 0 2
 7813 0 3
 7816 0 3
 7833 0 1
 7836 0 1
 7894 0 1
 7895 0 1
 7902 0 3
 7903 0 3
 7926 0 3
 7927 0 3
 7934 0 1
 7935 0 1
 7939 0 1
 7940 0 1
 7946 0 1
 7947 0 1
 7950 0 3
 7951 0 3
 7954 0 1
 7955 0 1
 8063 0 1
 8064 0 1
 8067 0 3
 8068 0 3
 8094 2 1
 8095 2 1
 8099 2 1
 8100 2 1
 8221 0 2
 8224 0 2
 8230 2 3
 8231 2 3
 8237 0 2
 8238 0 2
 8249 0 3
 8250 0 3
 8257 0 1
 8260 0 1
 8325 0 4
 8328 0 4
 8329 0 4
 8332 0 4
 8345 0 4
 8348 0 4
 8349 0 4
 8352 0 4
 8381 0 1
 8384 0 1
 8417 0 4
 8420 0 4
 8437 0 4
 8440 0 4
 8445 0 2
 8448 0 2
 8481 0 3
 8482 0 3
 8485 0 3
 8486 0 3
 8489 0 1
 8492 0 1
 8493 0 3
 8494 0 3
 8637 0 1
 8640 0 1
 8669 0 3
 8672 0 3
 8681 0 3
 8682 0 3
 8734 2 1
 8735 2 1
 8737 1 1
 8738 1 1
 8738 0 3
 8739 0 3
 8789 1 3
 8792 1 3
 8813 0 3
 8816 0 3
 8834 0 3
 8835 0 3
 8838 0 1
 8839 0 1
 8842 0 1
 8843 0 1
 8846 0 1
 8847 0 1
 8851 0 1
 8852 0 1
 8854 0 3
 8855 0 3
 8858 0 3
 8859 0 3
 8918 0 3
 8919 0 3
 8922 0 1
 8923 0 1
 8926 0 1
 8927 0 1
 8930 0 1
 8931 0 1
 8934 0 1
 8935 0 1
 8950 0 4
 8951 0 4
 8983 0 1
 8984 0 1
 9005 0 4
 9008 0 4
 9026 0 2
 9027 0 2
 9031 0 4
 9032 0 4
 9047 2 1
 9048 2 1
 9059 0 2
 9060 0 2
 9111 0 2
 9112 0 2
 9114 0 2
 9115 0 2
 9118 0 2
 9119 0 2
 9135 0 1
 9136 0 1
 9147 0 3
 9148 0 3
 9151 0 3
 9152 0 3
 9155 0 1
 9156 0 1
 9159 0 1
 9160 0 1
 9162 0 1
 9163 0 1
 9166 0 1
 9167 0 1
 9170 0 1
 9171 0 1
 9174 0 1
 9175 0 1
 9179 0 1
 9180 0 1
 9182 0 1
 9183 0 1
 9187 0 1
 9188 0 1
 9190 0 1
 9191 0 1
 9195 0 3
 9196 0 3
 9199 0 3
 9200 0 3
 9214 0 2
 9215 0 2
 9250 0 2
 9251 0 2
 9322 0 2
 9323 0 2
 9358 0 2
 9359 0 2
 9382 0 3
 9383 0 3
 9458 0 4
 9459 0 4
 9474 0 4
 9475 0 4
 9623 0 4
 9624 0 4
 10015 0 3
 10016 0 3
 10019 0 1
 10020 0 1
 10023 0 1
 10024 0 1
 10027 0 1
 10028 0 1
 10031 0 1
 10032 0 1
 10035 0 1
 10036 0 1
 10039 0 1
 10040 0 1
 10042 0 1
 10043 0 1
 10047 0 1
 10048 0 1
 10051 0 1
 10052 0 1
 10055 0 1
 10056 0 1
 10059 0 1
 10060 0 1
 10405 0 3
 10406 0 3
 10494 0 1
 10495 0 1
 10507 0 1
 10508 0 1
 10530 0 1
 10531 0 1
 10534 0 1
 10535 0 1
 10543 0 1
 10544 0 1
 10546 0 3
 10547 0 3
 10551 0 3
 10552 0 3
 10558 0 1
 10559 0 1
 10567 2 3
 10568 2 3
 10597 2 1
 10600 2 1
 10627 0 3
 10628 0 3
 10649 0 3
 10650 0 3
 10682 2 1
 10683 2 1
 10697 0 4
 10698 0 4
 10713 0 4
 10714 0 4
 10717 0 2
 10720 0 2
 10721 0 2
 10724 0 2
 10741 0 4
 10742 0 4
 10749 0 2
 10750 0 2
 10753 0 4
 10756 0 4
 10765 0 1
 10768 0 1
 10809 0 3
 10812 0 3
 10813 0 1
 10816 0 1
 10817 0 3
 10818 0 3
 10821 0 1
 10824 0 1
 10857 1 3
 10858 1 3
 10877 0 1
 10878 0 1
 10881 0 1
 10882 0 1
 10885 0 1
 10886 0 1
 10897 0 1
 10898 0 1
 10950 2 3
 10951 2 3
 10955 2 3
 10956 2 3
 10973 0 3
 10974 0 3
 10983 0 4
 10984 0 4
 10989 0 3
 10990 0 3
 10995 0 3
 10996 0 3
 10998 2 3
 10999 2 3
 11001 0 3
 11004 0 3
 11005 0 3
 11006 0 3
 11009 0 3
 11010 0 3
 11017 2 1
 11020 2 1
 11073 1 3
 11076 1 3
 11077 2 3
 11080 2 3
 11081 0 3
 11082 0 3
 11093 0 3
 11094 0 3
 11097 0 4
 11100 0 4
 11109 2 3
 11112 2 3
 11125 0 2
 11126 0 2
 11134 0 2
 11135 0 2
 11153 0 2
 11154 0 2
 11154 0 4
 11155 0 4
 11169 0 2
 11172 0 2
 11173 0 4
 11174 0 4
 