3 2 3
 4 2 3
 33 0 3
 34 0 3
 44 0 1
 47 0 1
 70 2 1
 71 2 1
 73 0 1
 74 0 1
 89 2 3
 90 2 3
 92 0 1
 93 0 1
 111 2 3
 112 2 3
 113 2 1
 114 2 1
 130 0 1
 133 0 1
 163 0 3
 166 0 3
 201 0 3
 202 0 3
 206 0 1
 207 0 1
 213 2 1
 214 2 1
 214 0 3
 215 0 3
 222 0 3
 223 0 3
 227 2 3
 228 2 3
 229 0 1
 230 0 1
 230 2 3
 231 2 3
 233 0 3
 234 0 3
 237 2 3
 240 2 3
 249 2 3
 252 2 3
 341 0 1
 343 0 1
 369 0 3
 370 0 3
 453 0 3
 454 0 3
 473 0 1
 475 0 1
 633 0 3
 634 0 3
 765 0 1
 767 0 1
 881 1 1
 883 1 1
 885 1 1
 887 1 1
 1037 1 3
 1038 1 3
 1041 1 3
 1042 1 3
 1597 1 3
 1598 1 3
 1601 1 3
 1602 1 3
 1645 1 3
 1646 1 3
 1649 1 3
 1650 1 3
 1661 1 1
 1663 1 1
 1669 1 1
 1671 1 1
 1709 1 1
 1711 1 1
 1717 1 1
 1719 1 1
 1741 1 1
 1743 1 1
 1749 1 1
 1751 1 1
 1757 1 1
 1759 1 1
 1765 1 1
 1767 1 1
 1895 3 4
 1896 3 4
 1899 3 4
 1900 3 4
 1911 3 4
 1912 3 4
 1915 3 4
 1916 3 4
 2157 1 1
 2159 1 1
 2165 1 1
 2167 1 1
 2279 3 4
 2280 3 4
 2283 3 4
 2284 3 4
 2295 3 4
 2296 3 4
 2299 3 4
 2300 3 4
 2413 1 3
 2414 1 3
 2417 1 3
 2418 1 3
 2461 1 3
 2462 1 3
 2465 1 3
 2466 1 3
 2797 1 1
 2799 1 1
 2805 1 1
 2807 1 1
 2845 1 1
 2847 1 1
 2853 1 1
 2855 1 1
 3453 0 1
 3455 0 1
 3461 0 1
 3463 0 1
 3517 1 1
 3519 1 1
 3525 1 1
 3527 1 1
 3533 1 1
 3535 1 1
 3541 1 1
 3543 1 1
 3693 1 1
 3695 1 1
 3701 1 1
 3703 1 1
 3741 1 1
 3743 1 1
 3749 1 1
 3751 1 1
 3997 1 1
 3999 1 1
 4005 1 1
 4007 1 1
 4013 1 1
 4015 1 1
 4021 1 1
 4023 1 1
 4109 1 3
 4110 1 3
 4113 1 3
 4114 1 3
 4157 1 3
 4158 1 3
 4161 1 3
 4162 1 3
 4269 1 3
 4270 1 3
 4273 1 3
 4274 1 3
 4317 1 3
 4318 1 3
 4321 1 3
 4322 1 3
 4573 1 3
 4574 1 3
 4577 1 3
 4578 1 3
 4589 1 3
 4590 1 3
 4593 1 3
 4594 1 3
 4701 1 3
 4702 1 3
 4705 1 3
 4706 1 3
 4717 1 3
 4718 1 3
 4721 1 3
 4722 1 3
 4893 1 1
 4895 1 1
 4901 1 1
 4903 1 1
 4909 1 1
 4911 1 1
 4917 1 1
 4919 1 1
 4951 3 4
 4952 3 4
 4955 3 4
 4956 3 4
 4967 3 4
 4968 3 4
 4971 3 4
 4972 3 4
 5021 1 3
 5022 1 3
 5025 1 3
 5026 1 3
 5085 1 1
 5087 1 1
 5093 1 1
 5095 1 1
 5101 1 1
 5103 1 1
 5109 1 1
 5111 1 1
 5405 1 3
 5406 1 3
 5409 1 3
 5410 1 3
 5453 1 3
 5454 1 3
 5457 1 3
 5458 1 3
 5469 1 1
 5471 1 1
 5477 1 1
 5479 1 1
 5485 1 1
 5487 1 1
 5493 1 1
 5495 1 1
 5549 1 3
 5550 1 3
 5553 1 3
 5554 1 3
 5565 1 3
 5566 1 3
 5569 1 3
 5570 1 3
 5613 1 1
 5615 1 1
 5621 1 1
 5623 1 1
 5629 1 1
 5631 1 1
 5637 1 1
 5639 1 1
 5661 1 1
 5663 1 1
 5669 1 1
 5671 1 1
 5709 1 1
 5711 1 1
 5717 1 1
 5719 1 1
 5741 1 1
 5743 1 1
 5749 1 1
 5751 1 1
 5757 1 1
 5759 1 1
 5765 1 1
 5767 1 1
 5805 1 3
 5806 1 3
 5809 1 3
 5810 1 3
 5821 1 3
 5822 1 3
 5825 1 3
 5826 1 3
 5869 1 3
 5870 1 3
 5873 1 3
 5874 1 3
 5885 1 3
 5886 1 3
 5889 1 3
 5890 1 3
 6018 3 2
 6020 3 2
 6026 3 2
 6028 3 2
 6034 3 2
 6036 3 2
 6042 3 2
 6044 3 2
 6141 1 3
 6142 1 3
 6145 1 3
 6146 1 3
 6157 1 3
 6158 1 3
 6161 1 3
 6162 1 3
 6429 1 1
 6431 1 1
 6437 1 1
 6439 1 1
 6445 1 1
 6447 1 1
 6453 1 1
 6455 1 1
 6845 1 1
 6847 1 1
 6853 1 1
 6855 1 1
 6861 1 1
 6863 1 1
 6869 1 1
 6871 1 1
 7053 1 3
 7054 1 3
 7057 1 3
 7058 1 3
 7069 1 3
 7070 1 3
 7073 1 3
 7074 1 3
 7261 1 3
 7262 1 3
 7265 1 3
 7266 1 3
 7309 1 3
 7310 1 3
 7313 1 3
 7314 1 3
 8173 1 1
 8175 1 1
 8181 1 1
 8183 1 1
 8189 1 1
 8191 1 1
 8197 1 1
 8199 1 1
 8333 1 3
 8334 1 3
 8337 1 3
 8338 1 3
 8349 1 3
 8350 1 3
 8353 1 3
 8354 1 3
 8445 1 1
 8447 1 1
 8453 1 1
 8455 1 1
 8461 1 1
 8463 1 1
 8469 1 1
 8471 1 1
 8509 0 3
 8510 0 3
 8513 0 3
 8514 0 3
 8557 1 3
 8558 1 3
 8561 1 3
 8562 1 3
 8605 1 3
 8606 1 3
 8609 1 3
 8610 1 3
 8925 1 1
 8927 1 1
 8933 1 1
 8935 1 1
 8941 1 1
 8943 1 1
 8949 1 1
 8951 1 1
 9245 1 3
 9246 1 3
 9249 1 3
 9250 1 3
 9293 1 3
 9294 1 3
 9297 1 3
 9298 1 3
 9517 1 3
 9518 1 3
 9521 1 3
 9522 1 3
 9533 1 3
 9534 1 3
 9537 1 3
 9538 1 3
 9709 1 3
 9710 1 3
 9713 1 3
 9714 1 3
 9725 1 3
 9726 1 3
 9729 1 3
 9730 1 3
 9810 3 2
 9812 3 2
 9818 3 2
 9820 3 2
 9826 3 2
 9828 3 2
 9834 3 2
 9836 3 2
 9901 1 1
 9903 1 1
 9909 1 1
 9911 1 1
 9917 1 1
 9919 1 1
 9925 1 1
 9927 1 1
 9975 3 4
 9976 3 4
 9979 3 4
 9980 3 4
 9991 3 4
 9992 3 4
 9995 3 4
 9996 3 4
 10733 1 1
 10735 1 1
 10741 1 1
 10743 1 1
 10973 1 3
 10974 1 3
 10977 1 3
 10978 1 3
 14029 1 3
 14030 1 3
 14033 1 3
 14034 1 3
 14045 1 3
 14046 1 3
 14049 1 3
 14050 1 3
 14167 3 4
 14168 3 4
 14171 3 4
 14172 3 4
 14173 1 1
 14175 1 1
 14181 1 1
 14183 1 1
 14183 3 4
 14184 3 4
 14187 3 4
 14188 3 4
 14189 1 1
 14191 1 1
 14197 1 1
 14199 1 1
 14605 1 3
 14606 1 3
 14609 1 3
 14610 1 3
 14621 1 3
 14622 1 3
 14625 1 3
 14626 3 2
 14626 1 3
 14628 3 2
 14634 3 2
 14636 3 2
 14642 3 2
 14644 3 2
 14650 3 2
 14652 3 2
 15159 3 4
 15160 3 4
 15163 3 4
 15164 3 4
 15175 3 4
 15176 3 4
 15179 3 4
 15180 3 4
 15309 1 3
 15310 1 3
 15313 1 3
 15314 1 3
 15357 1 3
 15358 1 3
 15361 1 3
 15362 1 3
 15421 1 3
 15422 1 3
 15425 1 3
 15426 1 3
 15469 1 3
 15470 1 3
 15473 1 3
 15474 1 3
 15933 0 1
 15935 0 1
 15941 0 1
 15943 0 1
 17149 1 1
 17151 1 1
 17157 1 1
 17159 1 1
 17197 1 1
 17199 1 1
 17205 1 1
 17207 1 1
 17357 1 3
 17358 1 3
 17361 1 3
 17362 1 3
 17373 1 3
 17374 1 3
 17377 1 3
 17378 1 3
 17517 1 1
 17519 1 1
 17525 1 1
 17527 1 1
 17565 1 1
 17567 1 1
 17573 1 1
 17575 1 1
 17949 1 3
 17950 1 3
 17953 1 3
 17954 1 3
 17965 1 3
 17966 1 3
 17969 1 3
 17970 1 3
 18781 1 3
 18782 1 3
 18785 1 3
 18786 1 3
 18797 1 3
 18798 1 3
 18801 1 3
 18802 1 3
 18893 1 1
 18895 1 1
 18901 1 1
 18903 1 1
 18925 1 1
 18927 1 1
 18933 1 1
 18935 1 1
 19965 1 3
 19966 1 3
 19969 1 3
 19970 1 3
 20013 1 3
 20014 1 3
 20017 1 3
 20018 1 3
 20045 1 3
 20046 1 3
 20049 1 3
 20050 1 3
 20061 1 3
 20062 1 3
 20065 1 3
 20066 1 3
 20157 1 1
 20159 1 1
 20165 1 1
 20167 1 1
 20189 1 3
 20190 1 3
 20193 1 3
 20194 1 3
 20205 1 3
 20206 1 3
 20209 1 3
 20210 1 3
 20253 1 3
 20254 1 3
 20257 1 3
 20258 1 3
 20269 1 3
 20270 1 3
 20273 1 3
 20274 1 3
 20445 1 3
 20446 1 3
 20449 1 3
 20450 1 3
 20461 1 3
 20462 1 3
 20465 1 3
 20466 1 3
 20509 1 3
 20510 1 3
 20513 1 3
 20514 1 3
 20525 1 3
 20526 1 3
 20529 1 3
 20530 1 3
 20685 1 3
 20686 1 3
 20689 1 3
 20690 1 3
 20701 1 3
 20702 1 3
 20705 1 3
 20706 1 3
 20989 1 3
 20990 1 3
 20993 1 3
 20994 1 3
 21005 1 3
 21006 1 3
 21009 1 3
 21010 1 3
 21901 1 1
 21903 1 1
 21909 1 1
 21911 1 1
 21917 1 1
 21919 1 1
 21925 1 1
 21927 1 1
 22061 1 1
 22063 1 1
 22069 1 1
 22071 1 1
 22077 1 1
 22079 1 1
 22085 1 1
 22087 1 1
 22957 0 3
 22958 0 3
 22961 0 3
 22962 0 3
 23085 1 1
 23087 1 1
 23093 1 1
 23095 1 1
 23133 1 1
 23135 1 1
 23141 1 1
 23143 1 1
 23469 1 1
 23471 1 1
 23477 1 1
 23479 1 1
 23485 1 1
 23487 1 1
 23493 1 1
 23495 1 1
 23517 1 3
 23518 1 3
 23521 1 3
 23522 1 3
 23533 1 3
 23534 1 3
 23537 1 3
 23538 1 3
 23725 1 1
 23727 1 1
 23733 1 1
 23735 1 1
 23741 1 1
 23743 1 1
 23749 1 1
 23751 1 1
 23789 1 1
 23791 1 1
 23797 1 1
 23799 1 1
 23805 1 1
 23807 1 1
 23813 1 1
 23815 1 1
 23847 3 4
 23848 3 4
 23851 3 4
 23852 3 4
 23863 3 4
 23864 3 4
 23867 3 4
 23868 3 4
 24125 1 1
 24127 1 1
 24133 1 1
 24135 1 1
 24141 1 1
 24143 1 1
 24149 1 1
 24151 1 1
 24269 1 1
 24271 1 1
 24277 1 1
 24279 1 1
 24285 1 1
 24287 1 1
 24293 1 1
 24295 1 1
 24317 1 1
 24319 1 1
 24325 1 1
 24327 1 1
 24333 1 1
 24335 1 1
 24341 1 1
 24343 1 1
 24845 1 1
 24847 1 1
 24853 1 1
 24855 1 1
 24861 1 1
 24863 1 1
 24869 1 1
 24871 1 1
 25085 1 3
 25086 1 3
 25089 1 3
 25090 1 3
 25101 1 3
 25102 1 3
 25105 1 3
 25106 1 3
 25293 1 3
 25294 1 3
 25297 1 3
 25298 1 3
 25325 1 3
 25326 1 3
 25329 1 3
 25330 1 3
 25341 1 3
 25342 1 3
 25345 1 3
 25346 1 3
 25517 1 1
 25519 1 1
 25525 1 1
 25527 1 1
 25565 1 1
 25567 1 1
 25573 1 1
 25575 1 1
 25581 1 1
 25583 1 1
 25589 1 1
 25591 1 1
 25629 1 1
 25631 1 1
 25637 1 1
 25639 1 1
 25661 1 1
 25663 1 1
 25669 1 1
 25671 1 1
 25677 1 1
 25679 1 1
 25685 1 1
 25687 1 1
 25741 1 1
 25743 1 1
 25749 1 1
 25751 1 1
 25757 1 1
 25759 1 1
 25765 1 1
 25767 1 1
 25925 1 1
 25927 1 1
 25929 1 1
 25931 1 1
 25937 1 1
 25939 1 1
 26041 1 3
 26042 1 3
 26045 1 3
 26046 1 3
 26049 1 3
 26050 1 3
 26133 1 3
 26134 1 3
 26137 1 3
 26138 1 3
 26273 0 3
 26274 0 3
 26277 0 3
 26278 0 3
 26397 1 1
 26399 1 1
 26405 1 1
 26407 1 1
 26489 0 1
 26491 0 1
 26497 0 1
 26499 0 1
 27813 1 3
 27814 1 3
 27817 1 3
 27818 1 3
 27829 1 3
 27830 1 3
 27833 1 3
 27834 1 3
 27877 1 3
 27878 1 3
 27881 1 3
 27882 1 3
 27989 0 1
 27991 0 1
 27997 0 1
 27999 0 1
 28021 0 1
 28023 0 1
 28029 0 1
 28031 0 1
 28357 1 1
 28359 1 1
 28365 1 1
 28367 1 1
 28389 1 1
 28391 1 1
 28397 1 1
 28399 1 1
 28421 1 1
 28423 1 1
 28429 1 1
 28431 1 1
 28613 0 3
 28614 0 3
 28617 0 3
 28618 0 3
 28629 0 3
 28630 0 3
 28633 0 3
 28634 0 3
 28725 1 1
 28727 1 1
 28733 1 1
 28735 1 1
 28757 1 1
 28759 1 1
 28765 1 1
 28767 1 1
 28853 1 1
 28855 1 1
 28861 1 1
 28863 1 1
 28885 1 1
 28887 1 1
 28893 1 1
 28895 1 1
 29077 1 1
 29079 1 1
 29085 1 1
 29087 1 1
 29253 1 3
 29254 1 3
 29257 1 3
 29258 1 3
 29269 1 3
 29270 1 3
 29273 1 3
 29274 1 3
 29317 1 3
 29318 1 3
 29321 1 3
 29322 1 3
 29333 1 3
 29334 1 3
 29337 1 3
 29338 1 3
 29509 1 3
 29510 1 3
 29513 1 3
 29514 1 3
 29653 0 3
 29654 0 3
 29657 0 3
 29658 0 3
 29669 0 3
 29670 0 3
 29673 0 3
 29674 0 3
 29717 0 3
 29718 0 3
 29721 0 3
 29722 0 3
 29733 0 3
 29734 0 3
 29737 0 3
 29738 0 3
 29925 0 3
 29926 0 3
 29929 0 3
 29930 0 3
 29941 0 3
 29942 0 3
 29945 0 3
 29946 0 3
 30037 0 1
 30039 0 1
 30045 0 1
 30047 0 1
 30069 0 1
 30071 0 1
 30077 0 1
 30079 0 1
 30149 0 1
 30151 0 1
 30157 0 1
 30159 0 1
 30181 0 1
 30183 0 1
 30189 0 1
 30191 0 1
 30277 0 1
 30279 0 1
 30285 0 1
 30287 0 1
 30309 0 1
 30311 0 1
 30317 0 1
 30319 0 1
 