3 2 3
 4 2 3
 78 0 3
 79 0 3
 241 0 1
 244 0 1
 307 1 3
 308 1 3
 321 3 4
 322 1 1
 322 3 4
 323 1 1
 333 1 3
 336 1 3
 337 1 1
 340 1 1
 341 1 1
 344 1 1
 350 1 1
 351 1 1
 391 3 4
 392 3 4
 399 2 1
 400 2 1
 413 1 3
 414 3 2
 414 1 3
 415 3 2
 422 0 1
 423 0 1
 441 1 1
 444 1 1
 463 3 4
 464 3 4
 489 1 3
 492 1 3
 503 2 3
 504 2 3
 506 0 1
 507 0 1
 539 3 4
 540 3 4
 553 1 1
 556 1 1
 561 1 3
 564 1 3
 573 1 3
 576 1 3
 590 1 3
 591 1 3
 622 0 1
 623 0 1
 654 1 3
 655 1 3
 677 0 3
 680 0 3
 686 0 1
 687 0 1
 694 1 1
 695 1 1
 733 1 1
 736 1 1
 769 1 1
 772 1 1
 794 1 3
 795 1 3
 802 1 1
 803 1 1
 817 1 1
 820 1 1
 825 1 3
 828 1 3
 858 1 3
 859 1 3
 869 1 3
 872 1 3
 918 1 3
 919 1 3
 926 1 3
 927 1 3
 950 1 1
 951 1 1
 953 3 4
 954 3 4
 962 1 3
 963 1 3
 969 1 1
 972 1 1
 983 2 3
 984 2 3
 989 1 3
 992 1 3
 1002 1 1
 1003 1 1
 1009 2 1
 1010 2 1
 1085 1 3
 1088 1 3
 1089 1 1
 1090 1 1
 1093 0 3
 1096 0 3
 1102 1 3
 1103 1 3
 1109 1 3
 1112 1 3
 1114 1 1
 1115 1 1
 1117 1 1
 1120 1 1
 1126 1 1
 1127 1 1
 1134 1 3
 1135 1 3
 1138 1 3
 1139 1 3
 1142 1 3
 1143 1 3
 1155 3 2
 1156 3 2
 1166 1 1
 1167 1 1
 1170 1 3
 1171 1 3
 1174 1 3
 1175 1 3
 1194 1 3
 1195 1 3
 1197 0 1
 1200 0 1
 1202 1 3
 1203 1 3
 1210 1 3
 1211 1 3
 1225 1 3
 1226 1 3
 1258 1 3
 1259 1 3
 1310 1 1
 1311 1 1
 1326 1 1
 1327 1 1
 1386 1 1
 1387 1 1
 1389 0 3
 1392 0 3
 1421 1 1
 1422 1 1
 1477 1 1
 1478 1 1
 1526 1 3
 1527 1 3
 1538 0 3
 1539 0 3
 1561 1 3
 1564 1 3
 1573 1 1
 1576 1 1
 1623 1 1
 1624 1 1
 1630 1 3
 1631 1 3
 1643 1 1
 1644 1 1
 1651 1 1
 1652 1 1
 1654 3 4
 1655 3 4
 1686 1 1
 1687 1 1
 1695 1 1
 1696 1 1
 1703 1 1
 1704 1 1
 1706 1 1
 1707 1 1
 1723 1 3
 1724 1 3
 1730 1 1
 1731 1 1
 1747 0 3
 1748 0 3
 1750 0 1
 1751 0 1
 1765 1 3
 1768 1 3
 1777 0 1
 1780 0 1
 1791 1 1
 1792 1 1
 1810 1 3
 1811 1 3
 1834 1 1
 1835 1 1
 1837 0 3
 1838 0 3
 1855 1 3
 1856 1 3
 1858 1 3
 1859 1 3
 1869 1 3
 1872 1 3
 1878 0 1
 1879 0 1
 1897 1 3
 1898 1 3
 1901 1 1
 1904 1 1
 1913 1 1
 1916 1 1
 1925 2 1
 1926 2 1
 1926 0 3
 1927 0 3
 1933 1 3
 1934 1 3
 1939 3 2
 1940 3 2
 1942 0 3
 1943 0 3
 1947 2 3
 1948 2 3
 1954 1 1
 1955 1 1
 1959 1 1
 1960 1 1
 1961 0 1
 1962 0 1
 1962 2 3
 1963 2 3
 1965 1 1
 1966 1 1
 1973 0 3
 1974 0 3
 1977 3 4
 1980 3 4
 1985 2 3
 1988 2 3
 1997 2 3
 2000 2 3
 