3 2 3
 4 2 3
 76 0 3
 77 0 3
 226 0 1
 229 0 1
 274 1 3
 275 1 3
 282 3 4
 283 1 1
 283 3 4
 284 1 1
 324 2 1
 325 2 1
 330 1 3
 331 3 2
 331 1 3
 332 3 2
 338 0 1
 339 0 1
 372 2 3
 373 2 3
 375 0 1
 376 0 1
 396 3 4
 397 3 4
 406 1 3
 409 1 3
 416 1 3
 419 1 3
 449 0 1
 450 0 1
 536 1 1
 539 1 1
 553 1 3
 554 1 3
 572 1 1
 575 1 1
 599 1 3
 600 1 3
 651 1 3
 652 1 3
 658 1 1
 661 1 1
 671 2 3
 672 2 3
 683 2 1
 684 2 1
 742 0 3
 745 0 3
 751 1 3
 754 1 3
 764 1 3
 765 1 3
 779 1 1
 782 1 3
 783 1 3
 786 1 3
 787 1 3
 801 0 1
 804 0 1
 806 1 3
 807 1 3
 810 1 3
 811 1 3
 825 1 3
 826 1 3
 856 1 3
 857 1 3
 963 1 1
 964 1 1
 966 0 3
 969 0 3
 980 1 1
 981 1 1
 1069 0 3
 1070 0 3
 1082 1 1
 1085 1 1
 1106 1 1
 1107 1 1
 1109 1 3
 1110 1 3
 1122 1 1
 1123 1 1
 1126 1 1
 1127 1 1
 1129 3 4
 1130 3 4
 1147 1 1
 1148 1 1
 1156 1 1
 1157 1 1
 1159 1 1
 1160 1 1
 1194 0 1
 1197 0 1
 1204 1 1
 1205 1 1
 1219 1 3
 1220 1 3
 1236 0 3
 1237 0 3
 1241 1 3
 1243 1 3
 1244 1 3
 1251 0 1
 1252 0 1
 1261 1 1
 1264 1 1
 1269 1 1
 1272 1 1
 1277 2 1
 1278 2 1
 1278 0 3
 1279 0 3
 1286 0 3
 1287 0 3
 1291 2 3
 1292 2 3
 1294 1 1
 1295 1 1
 1299 1 1
 1300 1 1
 1301 0 1
 1302 0 1
 1302 2 3
 1303 2 3
 1305 0 3
 1306 0 3
 1309 2 3
 1312 2 3
 1321 2 3
 1324 2 3
 1481 1 3
 1482 1 3
 1493 1 3
 1494 1 3
 1497 1 1
 1499 1 1
 1509 1 1
 1511 1 1
 1513 1 1
 1515 1 1
 1525 1 1
 1527 1 1
 1533 1 1
 1535 1 1
 1537 1 1
 1539 1 1
 1603 3 4
 1604 3 4
 1607 3 4
 1608 3 4
 1677 1 1
 1679 1 1
 1689 1 1
 1691 1 1
 1759 3 4
 1760 3 4
 1763 3 4
 1764 3 4
 1801 1 3
 1802 1 3
 1813 1 3
 1814 1 3
 1913 1 1
 1915 1 1
 1925 1 1
 1927 1 1
 1973 1 3
 1974 1 3
 1977 1 3
 1978 1 3
 2081 1 3
 2082 1 3
 2085 1 3
 2086 1 3
 2125 0 3
 2126 0 3
 2137 0 3
 2138 0 3
 2145 0 1
 2147 0 1
 2149 0 1
 2151 0 1
 2169 1 1
 2171 1 1
 2173 1 1
 2175 1 1
 2217 1 1
 2219 1 1
 2229 1 1
 2231 1 1
 2293 1 1
 2295 1 1
 2297 1 1
 2299 1 1
 2321 1 3
 2322 1 3
 2333 1 3
 2334 1 3
 2361 1 3
 2362 1 3
 2373 1 3
 2374 1 3
 2445 1 3
 2446 1 3
 2449 1 3
 2450 1 3
 2477 1 3
 2478 1 3
 2481 1 3
 2482 1 3
 2525 1 1
 2527 1 1
 2529 1 1
 2531 1 1
 2539 3 4
 2540 3 4
 2543 3 4
 2544 3 4
 2573 1 3
 2574 1 3
 2585 1 3
 2586 1 3
 2601 1 1
 2603 1 1
 2605 1 1
 2607 1 1
 2697 1 3
 2698 1 3
 2709 1 3
 2710 1 3
 2713 1 1
 2715 1 1
 2717 1 1
 2719 1 1
 2745 1 3
 2746 1 3
 2749 1 3
 2750 1 3
 2761 1 1
 2763 1 1
 2765 1 1
 2767 1 1
 2773 1 1
 2775 1 1
 2785 1 1
 2787 1 1
 2793 1 1
 2795 1 1
 2797 1 1
 2799 1 1
 2809 1 3
 2810 1 3
 2813 1 3
 2814 1 3
 2825 1 3
 2826 1 3
 2829 1 3
 2830 1 3
 2862 3 2
 2864 3 2
 2866 3 2
 2868 3 2
 2873 1 1
 2875 1 1
 2897 1 3
 2898 1 3
 2901 1 3
 2902 1 3
 2969 1 1
 2971 1 1
 2973 1 1
 2975 1 1
 2985 1 1
 2987 1 1
 2989 1 1
 2991 1 1
 3121 1 1
 3123 1 1
 3125 1 1
 3127 1 1
 3173 1 3
 3174 1 3
 3177 1 3
 3178 1 3
 3241 1 3
 3242 1 3
 3253 1 3
 3254 1 3
 3505 1 1
 3507 1 1
 3509 1 1
 3511 1 1
 3545 1 3
 3546 1 3
 3549 1 3
 3550 1 3
 3573 1 1
 3575 1 1
 3577 1 1
 3579 1 1
 3593 0 3
 3594 0 3
 3597 0 3
 3598 0 3
 3605 0 1
 3607 0 1
 3609 0 1
 3611 0 1
 3625 1 3
 3626 1 3
 3637 1 3
 3638 1 3
 3717 1 1
 3719 1 1
 3721 1 1
 3723 1 1
 3781 1 3
 3782 1 3
 3801 1 3
 3802 1 3
 3813 1 3
 3814 1 3
 3869 1 3
 3870 1 3
 3873 1 3
 3874 1 3
 3917 1 3
 3918 1 3
 3921 1 3
 3922 1 3
 3942 3 2
 3944 3 2
 3946 3 2
 3948 3 2
 3965 1 1
 3967 1 1
 3969 1 1
 3971 1 1
 3999 3 4
 4000 3 4
 4011 3 4
 4012 3 4
 