3 2 3
 4 2 3
 74 0 3
 75 0 3
 211 0 1
 214 0 1
 287 2 1
 288 2 1
 293 0 1
 294 0 1
 320 2 3
 321 2 3
 323 0 1
 324 0 1
 357 0 1
 358 0 1
 373 0 1
 457 3 4
 466 2 3
 467 2 3
 476 2 1
 477 2 1
 496 0 3
 499 0 3
 513 3 2
 524 0 1
 527 0 1
 630 0 3
 633 0 3
 710 0 3
 711 0 3
 763 0 3
 776 0 1
 779 0 1
 794 0 3
 795 0 3
 805 0 1
 806 0 1
 820 2 1
 821 2 1
 821 0 3
 822 0 3
 829 0 3
 830 0 3
 834 2 3
 835 2 3
 836 0 1
 837 0 1
 837 2 3
 838 2 3
 840 0 3
 841 0 3
 844 2 3
 847 2 3
 856 2 3
 859 2 3
 924 1 3
 925 1 3
 936 1 3
 937 1 3
 940 1 1
 942 1 1
 952 1 1
 954 1 1
 960 1 1
 962 1 1
 964 1 1
 966 1 1
 1128 1 1
 1130 1 1
 1132 1 1
 1134 1 1
 1144 1 3
 1145 1 3
 1156 1 3
 1157 1 3
 1240 1 1
 1242 1 1
 1244 1 1
 1246 1 1
 1276 1 1
 1278 1 1
 1288 1 1
 1290 1 1
 1304 1 3
 1305 1 3
 1308 1 3
 1309 1 3
 1320 1 1
 1322 1 1
 1324 1 1
 1326 1 1
 1332 1 1
 1334 1 1
 1344 1 1
 1346 1 1
 1372 1 3
 1373 1 3
 1376 1 3
 1377 1 3
 1448 1 3
 1449 1 3
 1452 1 3
 1453 1 3
 1484 1 1
 1486 1 1
 1488 1 1
 1490 1 1
 1512 1 1
 1514 1 1
 1524 1 1
 1526 1 1
 1668 1 3
 1669 1 3
 1672 1 3
 1673 1 3
 1684 1 1
 1686 1 1
 1696 1 1
 1698 1 1
 1700 1 3
 1701 1 3
 1704 1 3
 1705 1 3
 1712 1 3
 1713 1 3
 1716 1 3
 1717 1 3
 1728 1 3
 1729 1 3
 1732 1 3
 1733 1 3
 1764 1 1
 1766 1 1
 1768 1 1
 1770 1 1
 1780 1 3
 1781 1 3
 1784 1 3
 1785 1 3
 1796 1 3
 1797 1 3
 1800 1 3
 1801 1 3
 1836 1 3
 1837 1 3
 1840 1 3
 1841 1 3
 1892 1 3
 1893 1 3
 1920 1 1
 1922 1 1
 1924 1 1
 1926 1 1
 2016 1 1
 2018 1 1
 2020 1 1
 2022 1 1
 2032 1 3
 2033 1 3
 2036 1 3
 2037 1 3
 2060 1 3
 2061 1 3
 2072 1 3
 2073 1 3
 2116 1 1
 2118 1 1
 2120 1 1
 2122 1 1
 2128 1 3
 2129 1 3
 2132 1 3
 2133 1 3
 2164 1 1
 2166 1 1
 2168 1 1
 2170 1 1
 2176 1 1
 2178 1 1
 2208 1 1
 2210 1 1
 2212 1 1
 2214 1 1
 2244 1 1
 2246 1 1
 2248 1 1
 2250 1 1
 2260 1 1
 2262 1 1
 2264 1 1
 2266 1 1
 2272 1 1
 2274 1 1
 2276 1 1
 2278 1 1
 2316 1 3
 2317 1 3
 2320 1 3
 2321 1 3
 2332 1 1
 2334 1 1
 2336 1 1
 2338 1 1
 2368 1 3
 2369 1 3
 2380 1 3
 2381 1 3
 2408 1 1
 2410 1 1
 2412 1 1
 2414 1 1
 2444 1 3
 2445 1 3
 2448 1 3
 2449 1 3
 2528 1 3
 2529 1 3
 2532 1 3
 2533 1 3
 2540 1 3
 2541 1 3
 2544 1 3
 2545 1 3
 2552 1 3
 2553 1 3
 2556 1 3
 2557 1 3
 2600 1 3
 2601 1 3
 2604 1 3
 2605 1 3
 2616 1 1
 2618 1 1
 2628 1 1
 2630 1 1
 2632 1 3
 2633 1 3
 2636 1 3
 2637 1 3
 2664 1 1
 2666 1 1
 2668 1 1
 2670 1 1
 2808 1 3
 2809 1 3
 2812 1 3
 2813 1 3
 2826 3 4
 2827 3 4
 2828 1 1
 2830 1 1
 2830 3 4
 2831 3 4
 2832 1 1
 2834 1 1
 2894 3 4
 2895 3 4
 2898 3 4
 2899 3 4
 2916 1 3
 2917 1 3
 2920 1 3
 2921 3 2
 2921 1 3
 2923 3 2
 2925 3 2
 2927 3 2
 2978 3 4
 2979 3 4
 2982 3 4
 2983 3 4
 3066 3 4
 3067 3 4
 3070 3 4
 3071 3 4
 3096 1 3
 3097 1 3
 3108 1 3
 3109 1 3
 3276 0 1
 3278 0 1
 3606 3 4
 3607 3 4
 3624 1 3
 3625 1 3
 3628 1 3
 3629 1 3
 3776 1 3
 3777 1 3
 3788 1 3
 3789 1 3
 3805 3 2
 3807 3 2
 3828 1 3
 3829 1 3
 3832 1 3
 3833 1 3
 3840 1 3
 3841 1 3
 3844 1 3
 3845 1 3
 3896 1 3
 3897 1 3
 4004 1 1
 4006 1 1
 4008 1 1
 4010 1 1
 4068 1 1
 4070 1 1
 4072 1 1
 4074 1 1
 4208 1 1
 4210 1 1
 4220 1 1
 4222 1 1
 4312 1 1
 4314 1 1
 4322 3 4
 4323 3 4
 4326 3 4
 4327 3 4
 4368 0 3
 4369 0 3
 4452 1 1
 4454 1 1
 4464 1 1
 4466 1 1
 4477 3 2
 4479 3 2
 4481 3 2
 4483 3 2
 4488 1 1
 4490 1 1
 4492 1 1
 4494 1 1
 4508 1 1
 4510 1 1
 4512 1 1
 4514 1 1
 4534 3 4
 4535 3 4
 4546 3 4
 4547 3 4
 4756 1 1
 4758 1 1
 4764 1 1
 4766 1 1
 4804 1 1
 4806 1 1
 4812 1 1
 4814 1 1
 5012 1 1
 5014 1 1
 5020 1 1
 5022 1 1
 5060 1 1
 5062 1 1
 5068 1 1
 5070 1 1
 5204 1 3
 5205 1 3
 5208 1 3
 5209 1 3
 5252 1 3
 5253 1 3
 5256 1 3
 5257 1 3
 5428 1 3
 5429 1 3
 5432 1 3
 5433 1 3
 5444 1 3
 5445 1 3
 5448 1 3
 5449 1 3
 5620 1 3
 5621 1 3
 5624 1 3
 5625 1 3
 5636 1 3
 5637 1 3
 5640 1 3
 5641 1 3
 5668 0 3
 5669 0 3
 5672 0 3
 5673 0 3
 5716 0 3
 5717 0 3
 5720 0 3
 5721 0 3
 5764 1 1
 5766 1 1
 5772 1 1
 5774 1 1
 5812 1 1
 5814 1 1
 5820 1 1
 5822 1 1
 5892 1 3
 5893 1 3
 5896 1 3
 5897 1 3
 5940 1 3
 5941 1 3
 5944 1 3
 5945 1 3
 6020 1 3
 6021 1 3
 6024 1 3
 6025 1 3
 6068 1 3
 6069 1 3
 6072 1 3
 6073 1 3
 6196 1 3
 6197 1 3
 6200 1 3
 6201 1 3
 6212 1 3
 6213 1 3
 6216 1 3
 6217 1 3
 6308 1 3
 6309 1 3
 6312 1 3
 6313 1 3
 6356 1 3
 6357 1 3
 6360 1 3
 6361 1 3
 6388 1 1
 6390 1 1
 6396 1 1
 6398 1 1
 6404 1 1
 6406 1 1
 6412 1 1
 6414 1 1
 6516 1 3
 6517 1 3
 6520 1 3
 6521 1 3
 6564 1 3
 6565 1 3
 6568 1 3
 6569 1 3
 6580 1 1
 6582 1 1
 6588 1 1
 6590 1 1
 6596 1 1
 6598 1 1
 6604 1 1
 6606 1 1
 6692 1 1
 6694 1 1
 6700 1 1
 6702 1 1
 6708 1 1
 6710 1 1
 6716 1 1
 6718 1 1
 6756 1 1
 6758 1 1
 6764 1 1
 6766 1 1
 6772 1 1
 6774 1 1
 6780 1 1
 6782 1 1
 6868 1 3
 6869 1 3
 6872 1 3
 6873 1 3
 6884 1 3
 6885 1 3
 6888 1 3
 6889 1 3
 6932 1 1
 6934 1 1
 6940 1 1
 6942 1 1
 6948 1 1
 6950 1 1
 6956 1 1
 6958 1 1
 7652 0 1
 7654 0 1
 7660 0 1
 7662 0 1
 7668 0 1
 7670 0 1
 7676 0 1
 7678 0 1
 7844 1 1
 7846 1 1
 7852 1 1
 7854 1 1
 7860 1 1
 7862 1 1
 7868 1 1
 7870 1 1
 