3 2 3
 4 2 3
 42 0 3
 43 0 3
 72 0 1
 75 0 1
 104 2 1
 105 2 1
 107 0 1
 108 0 1
 126 2 3
 127 2 3
 129 0 1
 130 0 1
 139 0 1
 162 2 3
 163 2 3
 164 2 1
 165 2 1
 178 0 3
 181 0 3
 202 0 1
 205 0 1
 264 0 3
 267 0 3
 301 0 3
 313 0 1
 316 0 1
 321 0 3
 322 0 3
 326 0 1
 327 0 1
 337 2 1
 338 2 1
 338 0 3
 339 0 3
 346 0 3
 347 0 3
 351 2 3
 352 2 3
 353 0 1
 354 0 1
 354 2 3
 355 2 3
 357 0 3
 358 0 3
 361 2 3
 364 2 3
 373 2 3
 376 2 3
 509 1 3
 510 1 3
 521 1 3
 522 1 3
 525 1 1
 527 1 1
 537 1 1
 539 1 1
 545 1 1
 547 1 1
 549 1 1
 551 1 1
 599 3 4
 600 3 4
 603 3 4
 604 3 4
 665 1 1
 667 1 1
 703 3 4
 704 3 4
 707 3 4
 708 3 4
 737 1 3
 738 1 3
 749 1 3
 750 1 3
 833 1 1
 835 1 1
 845 1 1
 847 1 1
 997 0 1
 999 0 1
 1013 1 1
 1015 1 1
 1017 1 1
 1019 1 1
 1061 1 1
 1063 1 1
 1073 1 1
 1075 1 1
 1137 1 1
 1139 1 1
 1141 1 1
 1143 1 1
 1165 1 3
 1166 1 3
 1177 1 3
 1178 1 3
 1205 1 3
 1206 1 3
 1217 1 3
 1218 1 3
 1289 1 3
 1290 1 3
 1293 1 3
 1294 1 3
 1321 1 3
 1322 1 3
 1325 1 3
 1326 1 3
 1369 1 1
 1371 1 1
 1373 1 1
 1375 1 1
 1383 3 4
 1384 3 4
 1387 3 4
 1388 3 4
 1417 1 3
 1418 1 3
 1433 1 1
 1435 1 1
 1437 1 1
 1439 1 1
 1513 1 3
 1514 1 3
 1525 1 3
 1526 1 3
 1529 1 1
 1531 1 1
 1533 1 1
 1535 1 1
 1561 1 3
 1562 1 3
 1565 1 3
 1566 1 3
 1577 1 1
 1579 1 1
 1581 1 1
 1583 1 1
 1589 1 1
 1591 1 1
 1601 1 1
 1603 1 1
 1609 1 1
 1611 1 1
 1613 1 1
 1615 1 1
 1625 1 3
 1626 1 3
 1629 1 3
 1630 1 3
 1641 1 3
 1642 1 3
 1645 1 3
 1646 1 3
 1678 3 2
 1680 3 2
 1682 3 2
 1684 3 2
 1689 1 1
 1691 1 1
 1713 1 3
 1714 1 3
 1717 1 3
 1718 1 3
 1785 1 1
 1787 1 1
 1789 1 1
 1791 1 1
 1913 1 1
 1915 1 1
 1917 1 1
 1919 1 1
 1965 1 3
 1966 1 3
 1969 1 3
 1970 1 3
 2033 1 3
 2034 1 3
 2045 1 3
 2046 1 3
 2277 1 1
 2279 1 1
 2281 1 1
 2283 1 1
 2317 1 3
 2318 1 3
 2321 1 3
 2322 1 3
 2345 1 1
 2347 1 1
 2349 1 1
 2351 1 1
 2361 0 3
 2362 0 3
 2373 1 3
 2374 1 3
 2385 1 3
 2386 1 3
 2465 1 1
 2467 1 1
 2469 1 1
 2471 1 1
 2529 1 3
 2530 1 3
 2549 1 3
 2550 1 3
 2561 1 3
 2562 1 3
 2617 1 3
 2618 1 3
 2621 1 3
 2622 1 3
 2665 1 3
 2666 1 3
 2669 1 3
 2670 1 3
 2690 3 2
 2692 3 2
 2694 3 2
 2696 3 2
 2713 1 1
 2715 1 1
 2717 1 1
 2719 1 1
 2747 3 4
 2748 3 4
 2759 3 4
 2760 3 4
 3529 1 3
 3530 1 3
 3533 1 3
 3534 1 3
 3563 3 4
 3564 3 4
 3565 1 1
 3567 1 1
 3567 3 4
 3568 3 4
 3569 1 1
 3571 1 1
 3673 1 3
 3674 1 3
 3677 1 3
 3678 3 2
 3678 1 3
 3680 3 2
 3682 3 2
 3684 3 2
 3819 3 4
 3820 3 4
 3823 3 4
 3824 3 4
 3857 1 3
 3858 1 3
 3869 1 3
 3870 1 3
 3889 1 3
 3890 1 3
 3901 1 3
 3902 1 3
 4017 0 1
 4019 0 1
 4329 1 1
 4331 1 1
 4341 1 1
 4343 1 1
 4381 1 3
 4382 1 3
 4385 1 3
 4386 1 3
 4425 1 1
 4427 1 1
 4437 1 1
 4439 1 1
 4533 1 3
 4534 1 3
 4537 1 3
 4538 1 3
 4741 1 3
 4742 1 3
 4745 1 3
 4746 1 3
 4769 1 1
 4771 1 1
 4781 1 1
 4783 1 1
 5053 1 3
 5054 1 3
 5065 1 3
 5066 1 3
 5073 1 3
 5074 1 3
 5077 1 3
 5078 1 3
 5101 1 1
 5103 1 1
 5113 1 3
 5114 1 3
 5117 1 3
 5118 1 3
 5129 1 3
 5130 1 3
 5133 1 3
 5134 1 3
 5177 1 3
 5178 1 3
 5181 1 3
 5182 1 3
 5193 1 3
 5194 1 3
 5197 1 3
 5198 1 3
 5237 1 3
 5238 1 3
 5241 1 3
 5242 1 3
 5313 1 3
 5314 1 3
 5317 1 3
 5318 1 3
 5573 1 1
 5575 1 1
 5577 1 1
 5579 1 1
 5621 1 1
 5623 1 1
 5625 1 1
 5627 1 1
 5849 0 3
 5850 0 3
 5885 1 1
 5887 1 1
 5897 1 1
 5899 1 1
 5981 1 1
 5983 1 1
 5985 1 1
 5987 1 1
 5993 1 3
 5994 1 3
 5997 1 3
 5998 1 3
 6045 1 1
 6047 1 1
 6049 1 1
 6051 1 1
 6061 1 1
 6063 1 1
 6065 1 1
 6067 1 1
 6075 3 4
 6076 3 4
 6079 3 4
 6080 3 4
 6145 1 1
 6147 1 1
 6149 1 1
 6151 1 1
 6181 1 1
 6183 1 1
 6185 1 1
 6187 1 1
 6193 1 1
 6195 1 1
 6197 1 1
 6199 1 1
 6325 1 1
 6327 1 1
 6329 1 1
 6331 1 1
 6385 1 3
 6386 1 3
 6389 1 3
 6390 1 3
 6441 1 3
 6442 1 3
 6449 1 3
 6450 1 3
 6453 1 3
 6454 1 3
 6505 1 1
 6507 1 1
 6517 1 1
 6519 1 1
 6521 1 1
 6523 1 1
 6533 1 1
 6535 1 1
 6541 1 1
 6543 1 1
 6545 1 1
 6547 1 1
 6561 1 1
 6563 1 1
 6565 1 1
 6567 1 1
 6665 1 1
 6667 1 1
 6673 1 1
 6675 1 1
 6713 1 1
 6715 1 1
 6721 1 1
 6723 1 1
 6825 1 1
 6827 1 1
 6833 1 1
 6835 1 1
 7161 1 3
 7162 1 3
 7165 1 3
 7166 1 3
 7177 1 3
 7178 1 3
 7181 1 3
 7182 1 3
 7257 1 3
 7258 1 3
 7261 1 3
 7262 1 3
 7273 1 3
 7274 1 3
 7277 1 3
 7278 1 3
 7305 0 3
 7306 0 3
 7309 0 3
 7310 0 3
 7353 0 3
 7354 0 3
 7357 0 3
 7358 0 3
 7369 0 1
 7371 0 1
 7377 0 1
 7379 0 1
 7433 1 3
 7434 1 3
 7437 1 3
 7438 1 3
 7529 1 1
 7531 1 1
 7537 1 1
 7539 1 1
 7545 1 1
 7547 1 1
 7553 1 1
 7555 1 1
 7705 0 3
 7706 0 3
 7709 0 3
 7710 0 3
 7737 0 1
 7739 0 1
 7745 0 1
 7747 0 1
 7753 0 1
 7755 0 1
 7761 0 1
 7763 0 1
 