3 2 3
 4 2 3
 42 0 3
 43 0 3
 67 0 1
 70 0 1
 97 2 1
 98 2 1
 100 0 1
 101 0 1
 117 2 3
 118 2 3
 120 0 1
 121 0 1
 147 2 3
 148 2 3
 149 2 1
 150 2 1
 160 0 3
 175 0 1
 178 0 1
 225 0 3
 228 0 3
 269 0 1
 275 0 3
 276 0 3
 280 0 1
 281 0 1
 291 2 1
 292 2 1
 292 0 3
 293 0 3
 300 0 3
 301 0 3
 305 2 3
 306 2 3
 307 0 1
 308 0 1
 308 2 3
 309 2 3
 311 0 3
 312 0 3
 315 2 3
 318 2 3
 327 2 3
 330 2 3
 419 1 1
 421 1 1
 479 1 3
 480 1 3
 1255 1 3
 1256 1 3
 1259 1 3
 1260 1 3
 1289 3 4
 1290 3 4
 1291 1 1
 1293 1 1
 1293 3 4
 1294 3 4
 1295 1 1
 1297 1 1
 1399 1 3
 1400 1 3
 1403 1 3
 1404 3 2
 1404 1 3
 1406 3 2
 1408 3 2
 1410 3 2
 1541 3 4
 1542 3 4
 1545 3 4
 1546 3 4
 1579 1 3
 1580 1 3
 1591 1 3
 1592 1 3
 1611 1 3
 1612 1 3
 1623 1 3
 1624 1 3
 1739 0 1
 1741 0 1
 2047 1 1
 2049 1 1
 2059 1 1
 2061 1 1
 2099 1 3
 2100 1 3
 2103 1 3
 2104 1 3
 2139 1 1
 2141 1 1
 2151 1 1
 2153 1 1
 2247 1 3
 2248 1 3
 2251 1 3
 2252 1 3
 2455 1 3
 2456 1 3
 2459 1 3
 2460 1 3
 2483 1 1
 2485 1 1
 2491 1 1
 2493 1 1
 2755 1 3
 2756 1 3
 2767 1 3
 2768 1 3
 2775 1 3
 2776 1 3
 2779 1 3
 2780 1 3
 2803 1 1
 2805 1 1
 2811 1 3
 2812 1 3
 2815 1 3
 2816 1 3
 2827 1 3
 2828 1 3
 2831 1 3
 2832 1 3
 2875 1 3
 2876 1 3
 2879 1 3
 2880 1 3
 2891 1 3
 2892 1 3
 2895 1 3
 2896 1 3
 2935 1 3
 2936 1 3
 2939 1 3
 2940 1 3
 3011 1 3
 3012 1 3
 3015 1 3
 3016 1 3
 3247 1 1
 3249 1 1
 3251 1 1
 3253 1 1
 3287 1 1
 3289 1 1
 3291 1 1
 3293 1 1
 3511 0 3
 3512 0 3
 3547 1 1
 3549 1 1
 3559 1 1
 3561 1 1
 3643 1 1
 3645 1 1
 3647 1 1
 3649 1 1
 3655 1 3
 3656 1 3
 3659 1 3
 3660 1 3
 3707 1 1
 3709 1 1
 3711 1 1
 3713 1 1
 3723 1 1
 3725 1 1
 3727 1 1
 3729 1 1
 3737 3 4
 3738 3 4
 3741 3 4
 3742 3 4
 3807 1 1
 3809 1 1
 3811 1 1
 3813 1 1
 3843 1 1
 3845 1 1
 3847 1 1
 3849 1 1
 3855 1 1
 3857 1 1
 3859 1 1
 3861 1 1
 3987 1 1
 3989 1 1
 3991 1 1
 3993 1 1
 4047 1 3
 4048 1 3
 4051 1 3
 4052 1 3
 4099 1 3
 4100 1 3
 4107 1 3
 4108 1 3
 4111 1 3
 4112 1 3
 4155 1 1
 4157 1 1
 4167 1 1
 4169 1 1
 4171 1 1
 4173 1 1
 4183 1 1
 4185 1 1
 4191 1 1
 4193 1 1
 4195 1 1
 4197 1 1
 4211 1 1
 4213 1 1
 4215 1 1
 4217 1 1
 4267 0 1
 4269 0 1
 4295 0 3
 4296 0 3
 4379 0 3
 4380 0 3
 4399 0 1
 4401 0 1
 4583 1 1
 4585 1 1
 4591 1 1
 4593 1 1
 4943 1 3
 4944 1 3
 4947 1 3
 4948 1 3
 4959 1 3
 4960 1 3
 4987 0 1
 4989 0 1
 4995 0 1
 4997 0 1
 5051 1 3
 5052 1 3
 5055 1 3
 5056 1 3
 5127 1 1
 5129 1 1
 5135 1 1
 5137 1 1
 5143 1 1
 5145 1 1
 5295 0 3
 5296 0 3
 5299 0 3
 5300 0 3
 5755 1 3
 5756 1 3
 5759 1 3
 5760 1 3
 5803 1 3
 5804 1 3
 5807 1 3
 5808 1 3
 5819 1 1
 5821 1 1
 5827 1 1
 5829 1 1
 5867 1 1
 5869 1 1
 5875 1 1
 5877 1 1
 5899 1 1
 5901 1 1
 5907 1 1
 5909 1 1
 5915 1 1
 5917 1 1
 5923 1 1
 5925 1 1
 6053 3 4
 6054 3 4
 6057 3 4
 6058 3 4
 6069 3 4
 6070 3 4
 6073 3 4
 6074 3 4
 6315 1 1
 6317 1 1
 6323 1 1
 6325 1 1
 6437 3 4
 6438 3 4
 6441 3 4
 6442 3 4
 6453 3 4
 6454 3 4
 6457 3 4
 6458 3 4
 6571 1 3
 6572 1 3
 6575 1 3
 6576 1 3
 6619 1 3
 6620 1 3
 6623 1 3
 6624 1 3
 6955 1 1
 6957 1 1
 6963 1 1
 6965 1 1
 7003 1 1
 7005 1 1
 7011 1 1
 7013 1 1
 7611 0 1
 7613 0 1
 7619 0 1
 7621 0 1
 7675 1 1
 7677 1 1
 7683 1 1
 7685 1 1
 7691 1 1
 7693 1 1
 7699 1 1
 7701 1 1
 7851 1 1
 7853 1 1
 7859 1 1
 7861 1 1
 7899 1 1
 7901 1 1
 7907 1 1
 7909 1 1
 8155 1 1
 8157 1 1
 8163 1 1
 8165 1 1
 8171 1 1
 8173 1 1
 8179 1 1
 8181 1 1
 8267 1 3
 8268 1 3
 8271 1 3
 8272 1 3
 8315 1 3
 8316 1 3
 8319 1 3
 8320 1 3
 8427 1 3
 8428 1 3
 8431 1 3
 8432 1 3
 8475 1 3
 8476 1 3
 8479 1 3
 8480 1 3
 8731 1 3
 8732 1 3
 8735 1 3
 8736 1 3
 8747 1 3
 8748 1 3
 8751 1 3
 8752 1 3
 8859 1 3
 8860 1 3
 8863 1 3
 8864 1 3
 8875 1 3
 8876 1 3
 8879 1 3
 8880 1 3
 9051 1 1
 9053 1 1
 9059 1 1
 9061 1 1
 9067 1 1
 9069 1 1
 9075 1 1
 9077 1 1
 9109 3 4
 9110 3 4
 9113 3 4
 9114 3 4
 9125 3 4
 9126 3 4
 9129 3 4
 9130 3 4
 9179 1 3
 9180 1 3
 9183 1 3
 9184 1 3
 9243 1 1
 9245 1 1
 9251 1 1
 9253 1 1
 9259 1 1
 9261 1 1
 9267 1 1
 9269 1 1
 9563 1 3
 9564 1 3
 9567 1 3
 9568 1 3
 9611 1 3
 9612 1 3
 9615 1 3
 9616 1 3
 9627 1 1
 9629 1 1
 9635 1 1
 9637 1 1
 9643 1 1
 9645 1 1
 9651 1 1
 9653 1 1
 9707 1 3
 9708 1 3
 9711 1 3
 9712 1 3
 9723 1 3
 9724 1 3
 9727 1 3
 9728 1 3
 9771 1 1
 9773 1 1
 9779 1 1
 9781 1 1
 9787 1 1
 9789 1 1
 9795 1 1
 9797 1 1
 9819 1 1
 9821 1 1
 9827 1 1
 9829 1 1
 9867 1 1
 9869 1 1
 9875 1 1
 9877 1 1
 9899 1 1
 9901 1 1
 9907 1 1
 9909 1 1
 9915 1 1
 9917 1 1
 9923 1 1
 9925 1 1
 9963 1 3
 9964 1 3
 9967 1 3
 9968 1 3
 9979 1 3
 9980 1 3
 9983 1 3
 9984 1 3
 10027 1 3
 10028 1 3
 10031 1 3
 10032 1 3
 10043 1 3
 10044 1 3
 10047 1 3
 10048 1 3
 10176 3 2
 10178 3 2
 10184 3 2
 10186 3 2
 10192 3 2
 10194 3 2
 10200 3 2
 10202 3 2
 10299 1 3
 10300 1 3
 10303 1 3
 10304 1 3
 10315 1 3
 10316 1 3
 10319 1 3
 10320 1 3
 10587 1 1
 10589 1 1
 10595 1 1
 10597 1 1
 10603 1 1
 10605 1 1
 10611 1 1
 10613 1 1
 11003 1 1
 11005 1 1
 11011 1 1
 11013 1 1
 11019 1 1
 11021 1 1
 11027 1 1
 11029 1 1
 11211 1 3
 11212 1 3
 11215 1 3
 11216 1 3
 11227 1 3
 11228 1 3
 11231 1 3
 11232 1 3
 11419 1 3
 11420 1 3
 11423 1 3
 11424 1 3
 11467 1 3
 11468 1 3
 11471 1 3
 11472 1 3
 12331 1 1
 12333 1 1
 12339 1 1
 12341 1 1
 12347 1 1
 12349 1 1
 12355 1 1
 12357 1 1
 12491 1 3
 12492 1 3
 12495 1 3
 12496 1 3
 12507 1 3
 12508 1 3
 12511 1 3
 12512 1 3
 12603 1 1
 12605 1 1
 12611 1 1
 12613 1 1
 12619 1 1
 12621 1 1
 12627 1 1
 12629 1 1
 12667 0 3
 12668 0 3
 12671 0 3
 12672 0 3
 12715 1 3
 12716 1 3
 12719 1 3
 12720 1 3
 12763 1 3
 12764 1 3
 12767 1 3
 12768 1 3
 13083 1 1
 13085 1 1
 13091 1 1
 13093 1 1
 13099 1 1
 13101 1 1
 13107 1 1
 13109 1 1
 13403 1 3
 13404 1 3
 13407 1 3
 13408 1 3
 13451 1 3
 13452 1 3
 13455 1 3
 13456 1 3
 13675 1 3
 13676 1 3
 13679 1 3
 13680 1 3
 13691 1 3
 13692 1 3
 13695 1 3
 13696 1 3
 13867 1 3
 13868 1 3
 13871 1 3
 13872 1 3
 13883 1 3
 13884 1 3
 13887 1 3
 13888 1 3
 13968 3 2
 13970 3 2
 13976 3 2
 13978 3 2
 13984 3 2
 13986 3 2
 13992 3 2
 13994 3 2
 14059 1 1
 14061 1 1
 14067 1 1
 14069 1 1
 14075 1 1
 14077 1 1
 14083 1 1
 14085 1 1
 14133 3 4
 14134 3 4
 14137 3 4
 14138 3 4
 14149 3 4
 14150 3 4
 14153 3 4
 14154 3 4
 14587 1 1
 14589 1 1
 14595 1 1
 14597 1 1
 14619 1 1
 14621 1 1
 14627 1 1
 14629 1 1
 14779 1 1
 14781 1 1
 14787 1 1
 14789 1 1
 14811 1 1
 14813 1 1
 14819 1 1
 14821 1 1
 14939 1 3
 14940 1 3
 14943 1 3
 14944 1 3
 14955 1 3
 14956 1 3
 14959 1 3
 14960 1 3
 15003 1 3
 15004 1 3
 15007 1 3
 15008 1 3
 15019 1 3
 15020 1 3
 15023 1 3
 15024 1 3
 15131 1 3
 15132 1 3
 15135 1 3
 15136 1 3
 15195 0 3
 15196 0 3
 15199 0 3
 15200 0 3
 15211 0 3
 15212 0 3
 15215 0 3
 15216 0 3
 15339 0 3
 15340 0 3
 15343 0 3
 15344 0 3
 15355 0 3
 15356 0 3
 15359 0 3
 15360 0 3
 15483 1 1
 15485 1 1
 15491 1 1
 15493 1 1
 15579 0 1
 15581 0 1
 15587 0 1
 15589 0 1
 15611 0 1
 15613 0 1
 15619 0 1
 15621 0 1
 15643 0 1
 15645 0 1
 15651 0 1
 15653 0 1
 15675 0 1
 15677 0 1
 15683 0 1
 15685 0 1
 