3 2 3
 4 2 3
 62 0 3
 63 0 3
 146 0 1
 149 0 1
 200 2 1
 201 2 1
 203 0 1
 204 0 1
 225 2 3
 226 2 3
 228 0 1
 229 0 1
 242 0 1
 297 2 3
 298 2 3
 307 2 1
 308 2 1
 325 0 3
 328 0 3
 349 0 1
 352 0 1
 428 0 3
 431 0 3
 486 0 3
 516 0 1
 519 0 1
 526 0 3
 527 0 3
 533 0 1
 534 0 1
 547 2 1
 548 2 1
 548 0 3
 549 0 3
 556 0 3
 557 0 3
 561 2 3
 562 2 3
 563 0 1
 564 0 1
 564 2 3
 565 2 3
 567 0 3
 568 0 3
 571 2 3
 574 2 3
 583 2 3
 586 2 3
 801 3 4
 802 3 4
 820 3 2
 822 3 2
 1271 0 1
 1273 0 1
 1315 0 1
 1317 0 1
 1535 0 3
 1536 0 3
 1635 0 3
 1636 0 3
 1739 1 3
 1740 1 3
 1743 1 3
 1744 1 3
 1747 1 3
 1748 1 3
 1751 1 3
 1752 1 3
 1835 1 3
 1836 1 3
 1839 1 3
 1840 1 3
 1843 1 3
 1844 1 3
 1847 1 3
 1848 1 3
 1879 1 3
 1880 1 3
 1883 1 1
 1885 1 1
 1887 1 1
 1889 1 1
 1891 1 1
 1893 1 1
 1895 1 1
 1897 1 1
 1899 1 1
 1901 1 1
 1987 1 1
 1989 1 1
 1991 1 1
 1993 1 1
 1995 1 1
 1997 1 1
 1999 1 1
 2001 1 1
 2243 1 3
 2244 1 3
 2247 1 3
 2248 1 3
 2291 1 3
 2292 1 3
 2295 1 3
 2296 1 3
 2307 1 1
 2309 1 1
 2315 1 1
 2317 1 1
 2355 1 1
 2357 1 1
 2363 1 1
 2365 1 1
 2387 1 1
 2389 1 1
 2395 1 1
 2397 1 1
 2403 1 1
 2405 1 1
 2411 1 1
 2413 1 1
 3007 1 1
 3009 1 1
 3015 1 1
 3017 1 1
 3023 1 1
 3025 1 1
 3031 1 1
 3033 1 1
 3055 1 3
 3056 1 3
 3059 1 3
 3060 1 3
 3103 1 3
 3104 1 3
 3107 1 3
 3108 1 3
 3423 1 1
 3425 1 1
 3431 1 1
 3433 1 1
 3439 1 1
 3441 1 1
 3447 1 1
 3449 1 1
 3647 1 3
 3648 1 3
 3651 1 3
 3652 1 3
 3663 1 3
 3664 1 3
 3667 1 3
 3668 1 3
 3711 1 1
 3713 1 1
 3719 1 1
 3721 1 1
 3727 1 1
 3729 1 1
 3735 1 1
 3737 1 1
 3759 1 1
 3761 1 1
 3767 1 1
 3769 1 1
 3807 1 1
 3809 1 1
 3815 1 1
 3817 1 1
 3903 1 3
 3904 1 3
 3907 1 3
 3908 1 3
 3919 1 3
 3920 1 3
 3923 1 3
 3924 1 3
 4191 1 3
 4192 1 3
 4195 1 3
 4196 1 3
 4207 1 3
 4208 1 3
 4211 1 3
 4212 1 3
 4335 1 1
 4337 1 1
 4343 1 1
 4345 1 1
 4351 1 1
 4353 1 1
 4359 1 1
 4361 1 1
 4447 1 1
 4449 1 1
 4455 1 1
 4457 1 1
 4495 1 1
 4497 1 1
 4503 1 1
 4505 1 1
 5071 1 3
 5072 1 3
 5075 1 3
 5076 1 3
 5087 1 3
 5088 1 3
 5091 1 3
 5092 1 3
 5135 1 1
 5137 1 1
 5143 1 1
 5145 1 1
 5183 1 1
 5185 1 1
 5191 1 1
 5193 1 1
 5199 1 3
 5200 1 3
 5203 1 3
 5204 1 3
 5215 1 3
 5216 1 3
 5219 1 3
 5220 1 3
 5239 1 3
 5240 1 3
 5243 1 3
 5244 1 3
 5255 1 3
 5256 1 3
 5259 1 3
 5260 1 3
 5299 1 3
 5300 1 3
 5303 1 3
 5304 1 3
 5315 1 3
 5316 1 3
 5319 1 3
 5320 1 3
 5427 1 1
 5429 1 1
 5435 1 1
 5437 1 1
 5443 1 1
 5445 1 1
 5451 1 1
 5453 1 1
 5491 1 3
 5492 1 3
 5495 1 3
 5496 1 3
 5507 1 3
 5508 1 3
 5511 1 3
 5512 1 3
 5971 1 1
 5973 1 1
 5975 1 1
 5977 1 1
 5979 1 1
 5981 1 1
 5987 1 1
 5989 1 1
 6347 1 1
 6349 1 1
 6355 1 1
 6357 1 1
 6363 1 1
 6365 1 1
 6371 1 1
 6373 1 1
 6395 1 3
 6396 1 3
 6399 1 3
 6400 1 3
 6411 1 3
 6412 1 3
 6415 1 3
 6416 1 3
 6491 1 3
 6492 1 3
 6495 1 3
 6496 1 3
 6539 1 3
 6540 1 3
 6543 1 3
 6544 1 3
 6843 1 1
 6845 1 1
 6851 1 1
 6853 1 1
 6859 1 1
 6861 1 1
 6867 1 1
 6869 1 1
 6987 1 1
 6989 1 1
 6995 1 1
 6997 1 1
 7003 1 1
 7005 1 1
 7011 1 1
 7013 1 1
 7131 1 1
 7133 1 1
 7139 1 1
 7141 1 1
 7147 1 1
 7149 1 1
 7155 1 1
 7157 1 1
 7179 1 1
 7181 1 1
 7187 1 1
 7189 1 1
 7195 1 1
 7197 1 1
 7203 1 1
 7205 1 1
 7227 1 1
 7229 1 1
 7235 1 1
 7237 1 1
 7243 1 1
 7245 1 1
 7251 1 1
 7253 1 1
 7403 1 3
 7404 1 3
 7407 1 3
 7408 1 3
 7419 1 3
 7420 1 3
 7423 1 3
 7424 1 3
 7467 1 1
 7469 1 1
 7475 1 1
 7477 1 1
 7483 1 1
 7485 1 1
 7491 1 1
 7493 1 1
 7607 1 3
 7608 1 3
 7611 1 3
 7612 1 3
 7655 1 3
 7656 1 3
 7659 1 3
 7660 1 3
 7767 1 1
 7769 1 1
 7775 1 1
 7777 1 1
 7783 1 1
 7785 1 1
 7791 1 1
 7793 1 1
 7903 1 3
 7904 1 3
 7907 1 3
 7908 1 3
 7919 1 3
 7920 1 3
 7923 1 3
 7924 1 3
 8223 1 3
 8224 1 3
 8227 1 3
 8228 1 3
 8239 1 3
 8240 1 3
 8243 1 3
 8244 1 3
 8271 1 3
 8272 1 3
 8275 1 3
 8276 1 3
 8287 1 3
 8288 1 3
 8291 1 3
 8292 1 3
 8319 1 3
 8320 1 3
 8323 1 3
 8324 1 3
 8335 1 3
 8336 1 3
 8339 1 3
 8340 1 3
 8483 1 3
 8484 1 3
 8487 1 3
 8488 1 3
 8499 1 3
 8500 1 3
 8503 1 3
 8504 1 3
 8579 1 3
 8580 1 3
 8583 1 3
 8584 1 3
 8595 1 3
 8596 1 3
 8599 1 3
 8600 1 3
 8707 1 1
 8709 1 1
 8715 1 1
 8717 1 1
 8723 1 1
 8725 1 1
 8731 1 1
 8733 1 1
 10339 1 1
 10341 1 1
 10347 1 1
 10349 1 1
 10355 1 1
 10357 1 1
 10363 1 1
 10365 1 1
 10371 1 3
 10372 1 3
 10375 1 3
 10376 1 3
 10387 1 3
 10388 1 3
 10391 1 3
 10392 1 3
 10403 1 3
 10404 1 3
 10407 1 3
 10408 1 3
 10419 1 3
 10420 1 3
 10423 1 3
 10424 1 3
 10435 1 3
 10436 1 3
 10439 1 3
 10440 1 3
 10467 1 1
 10469 1 1
 10475 1 1
 10477 1 1
 10483 1 1
 10485 1 1
 10491 1 1
 10493 1 1
 10499 1 3
 10500 1 3
 10503 1 3
 10504 1 3
 10515 1 3
 10516 1 3
 10519 1 3
 10520 1 3
 10531 1 1
 10533 1 1
 10539 1 1
 10541 1 1
 10563 1 1
 10565 1 1
 10571 1 1
 10573 1 1
 10579 1 1
 10581 1 1
 10587 1 1
 10589 1 1
 10947 1 3
 10948 1 3
 10951 1 3
 10952 1 3
 10963 1 3
 10964 1 3
 10967 1 3
 10968 1 3
 10989 3 4
 10990 3 4
 10993 3 4
 10994 3 4
 10995 1 1
 10997 1 1
 11003 1 1
 11005 1 1
 11005 3 4
 11006 3 4
 11009 3 4
 11010 3 4
 11011 1 1
 11013 1 1
 11019 1 1
 11021 1 1
 11165 3 4
 11166 3 4
 11169 3 4
 11170 3 4
 11181 3 4
 11182 3 4
 11185 3 4
 11186 3 4
 11187 1 3
 11188 1 3
 11191 1 3
 11192 1 3
 11203 1 3
 11204 1 3
 11207 1 3
 11208 3 2
 11208 1 3
 11210 3 2
 11216 3 2
 11218 3 2
 11224 3 2
 11226 3 2
 11232 3 2
 11234 3 2
 11421 3 4
 11422 3 4
 11425 3 4
 11426 3 4
 11437 3 4
 11438 3 4
 11441 3 4
 11442 3 4
 11661 3 4
 11662 3 4
 11665 3 4
 11666 3 4
 11677 3 4
 11678 3 4
 11681 3 4
 11682 3 4
 11779 1 3
 11780 1 3
 11783 1 3
 11784 1 3
 11827 1 3
 11828 1 3
 11831 1 3
 11832 1 3
 12323 0 1
 12325 0 1
 12331 0 1
 12333 0 1
 13437 3 4
 13438 3 4
 13441 3 4
 13442 3 4
 13491 1 3
 13492 1 3
 13495 1 3
 13496 1 3
 13507 1 3
 13508 1 3
 13511 1 3
 13512 1 3
 13843 1 3
 13844 1 3
 13847 1 3
 13848 1 3
 13891 1 3
 13892 1 3
 13895 1 3
 13896 1 3
 13960 3 2
 13962 3 2
 13968 3 2
 13970 3 2
 14019 1 3
 14020 1 3
 14023 1 3
 14024 1 3
 14035 1 3
 14036 1 3
 14039 1 3
 14040 1 3
 14067 1 3
 14068 1 3
 14071 1 3
 14072 1 3
 14083 1 3
 14084 1 3
 14087 1 3
 14088 1 3
 14291 1 3
 14292 1 3
 14295 1 3
 14296 1 3
 14707 1 1
 14709 1 1
 14715 1 1
 14717 1 1
 14723 1 1
 14725 1 1
 14731 1 1
 14733 1 1
 14851 1 1
 14853 1 1
 14859 1 1
 14861 1 1
 14867 1 1
 14869 1 1
 14875 1 1
 14877 1 1
 15299 1 1
 15301 1 1
 15307 1 1
 15309 1 1
 15347 1 1
 15349 1 1
 15355 1 1
 15357 1 1
 15587 1 1
 15589 1 1
 15595 1 1
 15597 1 1
 15629 3 4
 15630 3 4
 15633 3 4
 15634 3 4
 15645 3 4
 15646 3 4
 15649 3 4
 15650 3 4
 15779 0 3
 15780 0 3
 15783 0 3
 15784 0 3
 16003 1 1
 16005 1 1
 16011 1 1
 16013 1 1
 16019 1 1
 16021 1 1
 16027 1 1
 16029 1 1
 16072 3 2
 16074 3 2
 16080 3 2
 16082 3 2
 16088 3 2
 16090 3 2
 16096 3 2
 16098 3 2
 16115 1 1
 16117 1 1
 16123 1 1
 16125 1 1
 16131 1 1
 16133 1 1
 16139 1 1
 16141 1 1
 16195 1 1
 16197 1 1
 16203 1 1
 16205 1 1
 16211 1 1
 16213 1 1
 16219 1 1
 16221 1 1
 16301 3 4
 16302 3 4
 16305 3 4
 16306 3 4
 16349 3 4
 16350 3 4
 16353 3 4
 16354 3 4
 17147 1 3
 17148 1 3
 17151 1 3
 17152 1 3
 17163 1 3
 17164 1 3
 17167 1 3
 17168 1 3
 17183 1 3
 17184 1 3
 17187 1 3
 17188 1 3
 17191 1 3
 17192 1 3
 17219 0 3
 17220 0 3
 17223 0 3
 17224 0 3
 17867 1 1
 17869 1 1
 17871 1 1
 17873 1 1
 17875 1 1
 17877 1 1
 17879 1 1
 17881 1 1
 17887 1 1
 17889 1 1
 17899 1 1
 17901 1 1
 17907 1 1
 17909 1 1
 18163 0 1
 18165 0 1
 18171 0 1
 18173 0 1
 19395 1 1
 19397 1 1
 19403 1 1
 19405 1 1
 19411 1 1
 19413 1 1
 19419 1 1
 19421 1 1
 19427 1 1
 19429 1 1
 19435 1 1
 19437 1 1
 19443 1 1
 19445 1 1
 19451 1 1
 19453 1 1
 20931 0 3
 20932 0 3
 20935 0 3
 20936 0 3
 21027 1 1
 21029 1 1
 21035 1 1
 21037 1 1
 21059 1 1
 21061 1 1
 21067 1 1
 21069 1 1
 21139 1 1
 21141 1 1
 21147 1 1
 21149 1 1
 21171 1 1
 21173 1 1
 21179 1 1
 21181 1 1
 21363 1 3
 21364 1 3
 21367 1 3
 21368 1 3
 21379 1 3
 21380 1 3
 21383 1 3
 21384 1 3
 21411 1 3
 21412 1 3
 21415 1 3
 21416 1 3
 21427 1 3
 21428 1 3
 21431 1 3
 21432 1 3
 21731 1 3
 21732 1 3
 21735 1 3
 21736 1 3
 21747 1 3
 21748 1 3
 21751 1 3
 21752 1 3
 21923 1 3
 21924 1 3
 21927 1 3
 21928 1 3
 21939 1 3
 21940 1 3
 21943 1 3
 21944 1 3
 22755 1 3
 22756 1 3
 22759 1 3
 22760 1 3
 22771 1 3
 22772 1 3
 22775 1 3
 22776 1 3
 22787 1 3
 22788 1 3
 22791 1 3
 22792 1 3
 22803 1 3
 22804 1 3
 22807 1 3
 22808 1 3
 22819 1 1
 22821 1 1
 22827 1 1
 22829 1 1
 22851 1 1
 22853 1 1
 22859 1 1
 22861 1 1
 22867 1 1
 22869 1 1
 22875 1 1
 22877 1 1
 22899 1 1
 22901 1 1
 22907 1 1
 22909 1 1
 23139 1 3
 23140 1 3
 23143 1 3
 23144 1 3
 23315 1 3
 23316 1 3
 23319 1 3
 23320 1 3
 23331 1 3
 23332 1 3
 23335 1 3
 23336 1 3
 23763 1 1
 23765 1 1
 23771 1 1
 23773 1 1
 23795 1 1
 23797 1 1
 23803 1 1
 23805 1 1
 23827 1 1
 23829 1 1
 23835 1 1
 23837 1 1
 23859 1 1
 23861 1 1
 23867 1 1
 23869 1 1
 24019 1 1
 24021 1 1
 24027 1 1
 24029 1 1
 24067 1 1
 24069 1 1
 24075 1 1
 24077 1 1
 24099 1 1
 24101 1 1
 24107 1 1
 24109 1 1
 24387 1 3
 24388 1 3
 24391 1 3
 24392 1 3
 24403 1 3
 24404 1 3
 24407 1 3
 24408 1 3
 24451 1 3
 24452 1 3
 24455 1 3
 24456 1 3
 24467 1 3
 24468 1 3
 24471 1 3
 24472 1 3
 26723 0 1
 26725 0 1
 26731 0 1
 26733 0 1
 28899 1 1
 28901 1 1
 28907 1 1
 28909 1 1
 28931 1 1
 28933 1 1
 28939 1 1
 28941 1 1
 29027 1 1
 29029 1 1
 29035 1 1
 29037 1 1
 29059 1 1
 29061 1 1
 29067 1 1
 29069 1 1
 29427 1 1
 29429 1 1
 29435 1 1
 29437 1 1
 29459 1 1
 29461 1 1
 29467 1 1
 29469 1 1
 29555 1 1
 29557 1 1
 29563 1 1
 29565 1 1
 29587 1 1
 29589 1 1
 29595 1 1
 29597 1 1
 30291 1 3
 30292 1 3
 30295 1 3
 30296 1 3
 30307 1 3
 30308 1 3
 30311 1 3
 30312 1 3
 30355 1 3
 30356 1 3
 30359 1 3
 30360 1 3
 30371 1 3
 30372 1 3
 30375 1 3
 30376 1 3
 30547 1 3
 30548 1 3
 30551 1 3
 30552 1 3
 30563 1 3
 30564 1 3
 30567 1 3
 30568 1 3
 30611 1 3
 30612 1 3
 30615 1 3
 30616 1 3
 30627 1 3
 30628 1 3
 30631 1 3
 30632 1 3
 31379 1 3
 31380 1 3
 31383 1 3
 31384 1 3
 31811 0 3
 31812 0 3
 31815 0 3
 31816 0 3
 31827 0 3
 31828 0 3
 31831 0 3
 31832 0 3
 31875 0 3
 31876 0 3
 31879 0 3
 31880 0 3
 31891 0 3
 31892 0 3
 31895 0 3
 31896 0 3
 32819 1 1
 32821 1 1
 32827 1 1
 32829 1 1
 33283 0 1
 33285 0 1
 33291 0 1
 33293 0 1
 33315 0 1
 33317 0 1
 33323 0 1
 33325 0 1
 33379 0 1
 33381 0 1
 33387 0 1
 33389 0 1
 33411 0 1
 33413 0 1
 33419 0 1
 33421 0 1
 