3 2 3
 4 2 3
 74 0 3
 75 0 3
 186 0 1
 189 0 1
 259 2 1
 260 2 1
 265 0 1
 266 0 1
 292 2 3
 293 2 3
 295 0 1
 296 0 1
 323 0 1
 324 0 1
 339 0 1
 417 2 3
 418 2 3
 427 2 1
 428 2 1
 447 0 3
 450 0 3
 471 0 1
 474 0 1
 567 0 3
 570 0 3
 633 0 3
 634 0 3
 678 0 3
 691 0 1
 694 0 1
 703 0 3
 704 0 3
 714 0 1
 715 0 1
 729 2 1
 730 2 1
 730 0 3
 731 0 3
 738 0 3
 739 0 3
 743 2 3
 744 2 3
 745 0 1
 746 0 1
 746 2 3
 747 2 3
 749 0 3
 750 0 3
 753 2 3
 756 2 3
 765 2 3
 768 2 3
 785 1 1
 787 1 1
 789 1 1
 791 1 1
 793 1 3
 794 1 3
 797 1 3
 798 1 3
 801 1 3
 802 1 3
 805 1 3
 806 1 3
 809 1 3
 810 1 3
 817 1 1
 819 1 1
 821 1 1
 823 1 1
 825 1 3
 826 1 3
 829 1 3
 830 1 3
 833 1 1
 835 1 1
 841 1 1
 843 1 1
 845 1 1
 847 1 1
 937 1 3
 938 1 3
 941 1 3
 942 1 3
 955 3 4
 956 3 4
 957 1 1
 959 1 1
 959 3 4
 960 3 4
 961 1 1
 963 1 1
 999 3 4
 1000 3 4
 1003 3 4
 1004 3 4
 1005 1 3
 1006 1 3
 1009 1 3
 1010 3 2
 1010 1 3
 1012 3 2
 1014 3 2
 1016 3 2
 1067 3 4
 1068 3 4
 1071 3 4
 1072 3 4
 1135 3 4
 1136 3 4
 1139 3 4
 1140 3 4
 1165 1 3
 1166 1 3
 1177 1 3
 1178 1 3
 1313 0 1
 1315 0 1
 1591 3 4
 1592 3 4
 1605 1 3
 1606 1 3
 1609 1 3
 1610 1 3
 1705 1 3
 1706 1 3
 1717 1 3
 1718 1 3
 1734 3 2
 1736 3 2
 1749 1 3
 1750 1 3
 1753 1 3
 1754 1 3
 1761 1 3
 1762 1 3
 1765 1 3
 1766 1 3
 1817 1 3
 1818 1 3
 1921 1 1
 1923 1 1
 1925 1 1
 1927 1 1
 1961 1 1
 1963 1 1
 1965 1 1
 1967 1 1
 2073 1 1
 2075 1 1
 2085 1 1
 2087 1 1
 2149 1 1
 2151 1 1
 2159 3 4
 2160 3 4
 2163 3 4
 2164 3 4
 2197 0 3
 2198 0 3
 2253 1 1
 2255 1 1
 2257 1 1
 2259 1 1
 2270 3 2
 2272 3 2
 2274 3 2
 2276 3 2
 2281 1 1
 2283 1 1
 2285 1 1
 2287 1 1
 2301 1 1
 2303 1 1
 2305 1 1
 2307 1 1
 2327 3 4
 2328 3 4
 2339 3 4
 2340 3 4
 2523 3 4
 2524 3 4
 2542 3 2
 2544 3 2
 3057 1 1
 3059 1 1
 3061 1 1
 3063 1 1
 3065 1 1
 3067 1 1
 3069 1 1
 3071 1 1
 3169 1 3
 3170 1 3
 3173 1 3
 3174 1 3
 3217 1 3
 3218 1 3
 3221 1 3
 3222 1 3
 3517 0 3
 3518 0 3
 3561 1 1
 3563 1 1
 3569 1 1
 3571 1 1
 3589 1 1
 3591 1 1
 3597 1 1
 3599 1 1
 3645 1 3
 3646 1 3
 3649 1 3
 3650 1 3
 3657 1 3
 3658 1 3
 3661 1 3
 3662 1 3
 3737 1 3
 3738 1 3
 3741 1 3
 3742 1 3
 3785 1 3
 3786 1 3
 3789 1 3
 3790 1 3
 3913 1 3
 3914 1 3
 3917 1 3
 3918 1 3
 3929 1 3
 3930 1 3
 3933 1 3
 3934 1 3
 4025 1 3
 4026 1 3
 4029 1 3
 4030 1 3
 4033 1 3
 4034 1 3
 4037 1 3
 4038 1 3
 4041 1 1
 4043 1 1
 4049 1 1
 4051 1 1
 4053 1 1
 4055 1 1
 4061 1 1
 4063 1 1
 4149 1 3
 4150 1 3
 4153 1 3
 4154 1 3
 4197 1 3
 4198 1 3
 4201 1 3
 4202 1 3
 4213 1 1
 4215 1 1
 4221 1 1
 4223 1 1
 4229 1 1
 4231 1 1
 4237 1 1
 4239 1 1
 4325 1 1
 4327 1 1
 4333 1 1
 4335 1 1
 4341 1 1
 4343 1 1
 4349 1 1
 4351 1 1
 4389 1 1
 4391 1 1
 4397 1 1
 4399 1 1
 4405 1 1
 4407 1 1
 4413 1 1
 4415 1 1
 4493 1 3
 4494 1 3
 4497 1 3
 4498 1 3
 4509 1 3
 4510 1 3
 4513 1 3
 4514 1 3
 5141 0 1
 5143 0 1
 5313 1 1
 5315 1 1
 5321 1 1
 5323 1 1
 5329 1 1
 5331 1 1
 5337 1 1
 5339 1 1
 5777 1 3
 5778 1 3
 5781 1 3
 5782 1 3
 5825 1 3
 5826 1 3
 5829 1 3
 5830 1 3
 5841 1 1
 5843 1 1
 5849 1 1
 5851 1 1
 5889 1 1
 5891 1 1
 5897 1 1
 5899 1 1
 5921 1 1
 5923 1 1
 5929 1 1
 5931 1 1
 5937 1 1
 5939 1 1
 5945 1 1
 5947 1 1
 6545 1 1
 6547 1 1
 6553 1 1
 6555 1 1
 6561 1 1
 6563 1 1
 6569 1 1
 6571 1 1
 6609 1 3
 6610 1 3
 6613 1 3
 6614 1 3
 6657 1 3
 6658 1 3
 6661 1 3
 6662 1 3
 6977 1 1
 6979 1 1
 6985 1 1
 6987 1 1
 6993 1 1
 6995 1 1
 7001 1 1
 7003 1 1
 7201 1 3
 7202 1 3
 7205 1 3
 7206 1 3
 7217 1 3
 7218 1 3
 7221 1 3
 7222 1 3
 7265 1 1
 7267 1 1
 7273 1 1
 7275 1 1
 7281 1 1
 7283 1 1
 7289 1 1
 7291 1 1
 7313 1 1
 7315 1 1
 7321 1 1
 7323 1 1
 7361 1 1
 7363 1 1
 7369 1 1
 7371 1 1
 7473 1 3
 7474 1 3
 7477 1 3
 7478 1 3
 7489 1 3
 7490 1 3
 7493 1 3
 7494 1 3
 7777 1 3
 7778 1 3
 7781 1 3
 7782 1 3
 7793 1 3
 7794 1 3
 7797 1 3
 7798 1 3
 7921 1 1
 7923 1 1
 7929 1 1
 7931 1 1
 7937 1 1
 7939 1 1
 7945 1 1
 7947 1 1
 8033 1 1
 8035 1 1
 8041 1 1
 8043 1 1
 8081 1 1
 8083 1 1
 8089 1 1
 8091 1 1
 8657 1 3
 8658 1 3
 8661 1 3
 8662 1 3
 8673 1 3
 8674 1 3
 8677 1 3
 8678 1 3
 8721 1 1
 8723 1 1
 8729 1 1
 8731 1 1
 8769 1 1
 8771 1 1
 8777 1 1
 8779 1 1
 8785 1 3
 8786 1 3
 8789 1 3
 8790 1 3
 8801 1 3
 8802 1 3
 8805 1 3
 8806 1 3
 8833 1 3
 8834 1 3
 8837 1 3
 8838 1 3
 8849 1 3
 8850 1 3
 8853 1 3
 8854 1 3
 8897 1 3
 8898 1 3
 8901 1 3
 8902 1 3
 8913 1 3
 8914 1 3
 8917 1 3
 8918 1 3
 9041 1 1
 9043 1 1
 9049 1 1
 9051 1 1
 9057 1 1
 9059 1 1
 9065 1 1
 9067 1 1
 9105 1 3
 9106 1 3
 9109 1 3
 9110 1 3
 9121 1 3
 9122 1 3
 9125 1 3
 9126 1 3
 9585 1 1
 9587 1 1
 9593 1 1
 9595 1 1
 9601 1 1
 9603 1 1
 9609 1 1
 9611 1 1
 9969 1 1
 9971 1 1
 9977 1 1
 9979 1 1
 9985 1 1
 9987 1 1
 9993 1 1
 9995 1 1
 10017 1 3
 10018 1 3
 10021 1 3
 10022 1 3
 10033 1 3
 10034 1 3
 10037 1 3
 10038 1 3
 10129 1 3
 10130 1 3
 10133 1 3
 10134 1 3
 10177 1 3
 10178 1 3
 10181 1 3
 10182 1 3
 10481 1 1
 10483 1 1
 10489 1 1
 10491 1 1
 10497 1 1
 10499 1 1
 10505 1 1
 10507 1 1
 10641 1 1
 10643 1 1
 10649 1 1
 10651 1 1
 10657 1 1
 10659 1 1
 10665 1 1
 10667 1 1
 10785 1 1
 10787 1 1
 10793 1 1
 10795 1 1
 10801 1 1
 10803 1 1
 10809 1 1
 10811 1 1
 10833 1 1
 10835 1 1
 10841 1 1
 10843 1 1
 10849 1 1
 10851 1 1
 10857 1 1
 10859 1 1
 10881 1 1
 10883 1 1
 10889 1 1
 10891 1 1
 10897 1 1
 10899 1 1
 10905 1 1
 10907 1 1
 11057 1 3
 11058 1 3
 11061 1 3
 11062 1 3
 11073 1 3
 11074 1 3
 11077 1 3
 11078 1 3
 11121 1 1
 11123 1 1
 11129 1 1
 11131 1 1
 11137 1 1
 11139 1 1
 11145 1 1
 11147 1 1
 11265 1 3
 11266 1 3
 11269 1 3
 11270 1 3
 11313 1 3
 11314 1 3
 11317 1 3
 11318 1 3
 11425 1 1
 11427 1 1
 11433 1 1
 11435 1 1
 11441 1 1
 11443 1 1
 11449 1 1
 11451 1 1
 11569 1 3
 11570 1 3
 11573 1 3
 11574 1 3
 11585 1 3
 11586 1 3
 11589 1 3
 11590 1 3
 11905 1 3
 11906 1 3
 11909 1 3
 11910 1 3
 11921 1 3
 11922 1 3
 11925 1 3
 11926 1 3
 11953 1 3
 11954 1 3
 11957 1 3
 11958 1 3
 11969 1 3
 11970 1 3
 11973 1 3
 11974 1 3
 12001 1 3
 12002 1 3
 12005 1 3
 12006 1 3
 12017 1 3
 12018 1 3
 12021 1 3
 12022 1 3
 12193 1 3
 12194 1 3
 12197 1 3
 12198 1 3
 12209 1 3
 12210 1 3
 12213 1 3
 12214 1 3
 12289 1 3
 12290 1 3
 12293 1 3
 12294 1 3
 12305 1 3
 12306 1 3
 12309 1 3
 12310 1 3
 12417 1 1
 12419 1 1
 12425 1 1
 12427 1 1
 12433 1 1
 12435 1 1
 12441 1 1
 12443 1 1
 13985 1 1
 13987 1 1
 13993 1 1
 13995 1 1
 14017 1 1
 14019 1 1
 14025 1 1
 14027 1 1
 14161 1 1
 14163 1 1
 14169 1 1
 14171 1 1
 14193 1 1
 14195 1 1
 14201 1 1
 14203 1 1
 14881 1 3
 14882 1 3
 14885 1 3
 14886 1 3
 14897 1 3
 14898 1 3
 14901 1 3
 14902 1 3
 14945 1 3
 14946 1 3
 14949 1 3
 14950 1 3
 14961 1 3
 14962 1 3
 14965 1 3
 14966 1 3
 15137 1 3
 15138 1 3
 15141 1 3
 15142 1 3
 15153 1 3
 15154 1 3
 15157 1 3
 15158 1 3
 15201 1 3
 15202 1 3
 15205 1 3
 15206 1 3
 15217 1 3
 15218 1 3
 15221 1 3
 15222 1 3
 15329 0 3
 15330 0 3
 15333 0 3
 15334 0 3
 15345 0 3
 15346 0 3
 15349 0 3
 15350 0 3
 15409 0 3
 15410 0 3
 15413 0 3
 15414 0 3
 16225 1 1
 16227 1 1
 16233 1 1
 16235 1 1
 16257 1 1
 16259 1 1
 16265 1 1
 16267 1 1
 16289 1 1
 16291 1 1
 16297 1 1
 16299 1 1
 16321 1 1
 16323 1 1
 16329 1 1
 16331 1 1
 16657 0 1
 16659 0 1
 16665 0 1
 16667 0 1
 16689 0 1
 16691 0 1
 16697 0 1
 16699 0 1
 16721 0 1
 16723 0 1
 16729 0 1
 16731 0 1
 