3 2 3
 4 2 3
 78 0 3
 79 0 3
 227 0 1
 230 0 1
 281 1 3
 282 1 3
 293 3 4
 294 1 1
 294 3 4
 295 1 1
 334 3 4
 335 3 4
 338 2 1
 339 2 1
 344 1 3
 345 3 2
 345 1 3
 346 3 2
 353 0 1
 354 0 1
 376 3 4
 377 3 4
 400 2 3
 401 2 3
 403 0 1
 404 0 1
 424 3 4
 425 3 4
 444 1 3
 447 1 3
 479 0 1
 480 0 1
 518 0 1
 519 0 1
 684 3 4
 685 3 4
 693 1 3
 694 1 3
 702 2 3
 703 2 3
 716 2 1
 717 2 1
 760 0 3
 763 0 3
 770 1 3
 773 1 3
 790 3 2
 791 3 2
 806 0 1
 809 0 1
 813 1 3
 814 1 3
 820 1 3
 821 1 3
 852 1 3
 957 1 1
 958 1 1
 960 0 3
 963 0 3
 986 1 1
 987 1 1
 1082 0 3
 1083 0 3
 1101 1 1
 1104 1 1
 1138 1 1
 1140 3 4
 1141 3 4
 1181 0 3
 1182 0 3
 1195 0 1
 1198 0 1
 1221 0 3
 1222 0 3
 1240 0 1
 1241 0 1
 1251 1 1
 1254 1 1
 1263 2 1
 1264 2 1
 1264 0 3
 1265 0 3
 1273 3 2
 1274 3 2
 1276 0 3
 1277 0 3
 1281 2 3
 1282 2 3
 1284 1 1
 1285 1 1
 1289 1 1
 1290 1 1
 1291 0 1
 1292 0 1
 1292 2 3
 1293 2 3
 1299 0 3
 1300 0 3
 1303 3 4
 1306 3 4
 1307 2 3
 1310 2 3
 1319 2 3
 1322 2 3
 1439 1 3
 1440 1 3
 1451 1 3
 1452 1 3
 1455 1 1
 1457 1 1
 1467 1 1
 1469 1 1
 1471 1 1
 1473 1 1
 1483 1 1
 1485 1 1
 1491 1 1
 1493 1 1
 1495 1 1
 1497 1 1
 1615 1 1
 1617 1 1
 1627 1 1
 1629 1 1
 1687 1 3
 1688 1 3
 1699 1 3
 1700 1 3
 1799 1 1
 1801 1 1
 1811 1 1
 1813 1 1
 1823 1 3
 1824 1 3
 1835 1 3
 1836 1 3
 1843 1 3
 1844 1 3
 1847 1 3
 1848 1 3
 1943 1 3
 1944 1 3
 1947 1 3
 1948 1 3
 1979 0 3
 1980 0 3
 1991 0 3
 1992 0 3
 1999 1 1
 2001 1 1
 2003 1 1
 2005 1 1
 2043 1 1
 2045 1 1
 2055 1 1
 2057 1 1
 2059 1 1
 2061 1 1
 2071 1 1
 2073 1 1
 2103 1 3
 2104 1 3
 2107 1 3
 2108 1 3
 2119 1 1
 2121 1 1
 2123 1 1
 2125 1 1
 2131 1 1
 2133 1 1
 2143 1 1
 2145 1 1
 2155 1 3
 2156 1 3
 2167 1 3
 2168 1 3
 2203 1 3
 2204 1 3
 2207 1 3
 2208 1 3
 2239 1 3
 2240 1 3
 2251 1 3
 2252 1 3
 2315 1 3
 2316 1 3
 2319 1 3
 2320 1 3
 2347 1 3
 2348 1 3
 2351 1 3
 2352 1 3
 2387 1 1
 2389 1 1
 2391 1 1
 2393 1 1
 2415 1 1
 2417 1 1
 2427 1 1
 2429 1 1
 2455 1 3
 2456 1 3
 2467 1 3
 2468 1 3
 2475 1 1
 2477 1 1
 2479 1 1
 2481 1 1
 2623 1 3
 2624 1 3
 2635 1 3
 2636 1 3
 2639 1 1
 2641 1 1
 2643 1 1
 2645 1 1
 2659 1 3
 2660 1 3
 2663 1 3
 2664 1 3
 2683 1 1
 2685 1 1
 2687 1 1
 2689 1 1
 2695 1 1
 2697 1 1
 2707 1 1
 2709 1 1
 2715 1 1
 2717 1 1
 2719 1 1
 2721 1 1
 2731 1 3
 2732 1 3
 2735 1 3
 2736 1 3
 2747 1 3
 2748 1 3
 2751 1 3
 2752 1 3
 2763 1 3
 2764 1 3
 2767 1 3
 2768 1 3
 2803 1 1
 2805 1 1
 2807 1 1
 2809 1 1
 2819 1 3
 2820 1 3
 2823 1 3
 2824 1 3
 2835 1 3
 2836 1 3
 2839 1 3
 2840 1 3
 2875 1 3
 2876 1 3
 2879 1 3
 2880 1 3
 2891 1 3
 2892 1 3
 2895 1 3
 2896 1 3
 2947 1 3
 2948 1 3
 2971 1 1
 2973 1 1
 2975 1 1
 2977 1 1
 2995 1 1
 2997 1 1
 2999 1 1
 3001 1 1
 3095 1 1
 3097 1 1
 3099 1 1
 3101 1 1
 3135 1 3
 3136 1 3
 3139 1 3
 3140 1 3
 3163 1 3
 3164 1 3
 3175 1 3
 3176 1 3
 3283 1 1
 3285 1 1
 3287 1 1
 3289 1 1
 3311 1 3
 3312 1 3
 3315 1 3
 3316 1 3
 3347 1 1
 3349 1 1
 3351 1 1
 3353 1 1
 3375 1 1
 3377 1 1
 3423 1 1
 3425 1 1
 3427 1 1
 3429 1 1
 3459 1 1
 3461 1 1
 3463 1 1
 3465 1 1
 3483 1 1
 3485 1 1
 3487 1 1
 3489 1 1
 3495 1 1
 3497 1 1
 3499 1 1
 3501 1 1
 3539 1 3
 3540 1 3
 3543 1 3
 3544 1 3
 3567 1 1
 3569 1 1
 3571 1 1
 3573 1 1
 3591 0 1
 3593 0 1
 3595 0 1
 3597 0 1
 3619 1 3
 3620 1 3
 3631 1 3
 3632 1 3
 3675 1 1
 3677 1 1
 3679 1 1
 3681 1 1
 3711 1 3
 3712 1 3
 3715 1 3
 3716 1 3
 3775 1 1
 3777 1 1
 3779 1 1
 3781 1 1
 3827 1 3
 3828 1 3
 3831 1 3
 3832 1 3
 3839 1 3
 3840 1 3
 3843 1 3
 3844 1 3
 3851 1 3
 3852 1 3
 3863 1 3
 3864 1 3
 3907 1 3
 3908 1 3
 3911 1 3
 3912 1 3
 3939 1 1
 3941 1 1
 3951 1 1
 3953 1 1
 3971 1 3
 3972 1 3
 3975 1 3
 3976 1 3
 4003 1 1
 4005 1 1
 4007 1 1
 4009 1 1
 