0 0.000000 0.000000 1925 
 1 0.200000 0.000000 589 676 
 2 1.000000 0.000000 413 
 3 1.000000 0.200000 321 
 4 0.200000 0.200000 340 1749 
 5 0.000000 0.200000 1961 
 6 0.010000 0.000000 1925 1926 
 7 0.020000 0.000000 1877 1926 
 8 0.030000 0.000000 1877 1878 
 9 0.040000 0.000000 1836 1878 
 10 0.050000 0.000000 1836 1837 
 11 0.060000 0.000000 1837 1941 
 12 0.070000 0.000000 1941 1942 
 13 0.080000 0.000000 1942 1972 
 14 0.090000 0.000000 1972 1973 
 15 0.100000 0.000000 1199 1973 
 16 0.110000 0.000000 1196 1199 
 17 0.120000 0.000000 1095 1196 
 18 0.130000 0.000000 1092 1095 
 19 0.140000 0.000000 621 1092 
 20 0.150000 0.000000 621 622 
 21 0.160000 0.000000 622 685 
 22 0.170000 0.000000 685 686 
 23 0.180000 0.000000 679 686 
 24 0.190000 0.000000 676 679 
 25 0.210000 0.000000 589 590 
 26 0.220000 0.000000 590 1309 
 27 0.230000 0.000000 1309 1310 
 28 0.240000 0.000000 991 1310 
 29 0.250000 0.000000 988 991 
 30 0.260000 0.000000 988 1001 
 31 0.270000 0.000000 1001 1002 
 32 0.280000 0.000000 735 1002 
 33 0.290000 0.000000 732 735 
 34 0.300000 0.000000 732 1113 
 35 0.310000 0.000000 1113 1114 
 36 0.320000 0.000000 1087 1114 
 37 0.330000 0.000000 1084 1087 
 38 0.340000 0.000000 1084 1833 
 39 0.350000 0.000000 1833 1834 
 40 0.360000 0.000000 1088 1834 
 41 0.370000 0.000000 1088 1089 
 42 0.380000 0.000000 1089 1325 
 43 0.390000 0.000000 1325 1326 
 44 0.400000 0.000000 1326 1476 
 45 0.410000 0.000000 1476 1477 
 46 0.420000 0.000000 1477 1871 
 47 0.430000 0.000000 1868 1871 
 48 0.440000 0.000000 1702 1868 
 49 0.450000 0.000000 1702 1703 
 50 0.460000 0.000000 1703 1729 
 51 0.470000 0.000000 1729 1730 
 52 0.480000 0.000000 1722 1730 
 53 0.490000 0.000000 1722 1723 
 54 0.500000 0.000000 1525 1723 
 55 0.510000 0.000000 1525 1526 
 56 0.520000 0.000000 1526 1767 
 57 0.530000 0.000000 1764 1767 
 58 0.540000 0.000000 1563 1764 
 59 0.550000 0.000000 1560 1563 
 60 0.560000 0.000000 1560 1932 
 61 0.570000 0.000000 1932 1933 
 62 0.580000 0.000000 1933 1964 
 63 0.590000 0.000000 1964 1965 
 64 0.600000 0.000000 339 1965 
 65 0.610000 0.000000 336 339 
 66 0.620000 0.000000 336 1165 
 67 0.630000 0.000000 1165 1166 
 68 0.640000 0.000000 971 1166 
 69 0.650000 0.000000 968 971 
 70 0.660000 0.000000 968 1137 
 71 0.670000 0.000000 1137 1138 
 72 0.680000 0.000000 819 1138 
 73 0.690000 0.000000 816 819 
 74 0.700000 0.000000 816 857 
 75 0.710000 0.000000 857 858 
 76 0.720000 0.000000 793 858 
 77 0.730000 0.000000 793 794 
 78 0.740000 0.000000 794 1169 
 79 0.750000 0.000000 1169 1170 
 80 0.760000 0.000000 563 1170 
 81 0.770000 0.000000 560 563 
 82 0.780000 0.000000 560 1173 
 83 0.790000 0.000000 1173 1174 
 84 0.800000 0.000000 1174 1201 
 85 0.810000 0.000000 1201 1202 
 86 0.820000 0.000000 771 1202 
 87 0.830000 0.000000 768 771 
 88 0.840000 0.000000 768 1257 
 89 0.850000 0.000000 1257 1258 
 90 0.860000 0.000000 961 1258 
 91 0.870000 0.000000 961 962 
 92 0.880000 0.000000 962 1111 
 93 0.890000 0.000000 1108 1111 
 94 0.900000 0.000000 1108 1209 
 95 0.910000 0.000000 1209 1210 
 96 0.920000 0.000000 575 1210 
 97 0.930000 0.000000 572 575 
 98 0.940000 0.000000 306 572 
 99 0.950000 0.000000 306 307 
 100 0.960000 0.000000 307 1224 
 101 0.970000 0.000000 1224 1225 
 102 0.980000 0.000000 412 1225 
 103 0.990000 0.000000 412 413 
 104 1.000000 0.010000 413 414 
 105 1.000000 0.020000 414 1653 
 106 1.000000 0.030000 1653 1654 
 107 1.000000 0.040000 1654 1979 
 108 1.000000 0.050000 1976 1979 
 109 1.000000 0.060000 1938 1976 
 110 1.000000 0.070000 1938 1939 
 111 1.000000 0.080000 1154 1939 
 112 1.000000 0.090000 1154 1155 
 113 1.000000 0.100000 952 1155 
 114 1.000000 0.110000 952 953 
 115 1.000000 0.120000 390 953 
 116 1.000000 0.130000 390 391 
 117 1.000000 0.140000 391 462 
 118 1.000000 0.150000 462 463 
 119 1.000000 0.160000 463 538 
 120 1.000000 0.170000 538 539 
 121 1.000000 0.180000 320 539 
 122 1.000000 0.190000 320 321 
 123 0.990000 0.200000 321 322 
 124 0.980000 0.200000 322 1953 
 125 0.970000 0.200000 1953 1954 
 126 0.960000 0.200000 1954 1958 
 127 0.950000 0.200000 1958 1959 
 128 0.940000 0.200000 1385 1959 
 129 0.930000 0.200000 1385 1386 
 130 0.920000 0.200000 1386 1420 
 131 0.910000 0.200000 1420 1421 
 132 0.900000 0.200000 1421 1575 
 133 0.890000 0.200000 1572 1575 
 134 0.880000 0.200000 1572 1903 
 135 0.870000 0.200000 1900 1903 
 136 0.860000 0.200000 1650 1900 
 137 0.850000 0.200000 1650 1651 
 138 0.840000 0.200000 1629 1651 
 139 0.830000 0.200000 1629 1630 
 140 0.820000 0.200000 1630 1915 
 141 0.810000 0.200000 1912 1915 
 142 0.800000 0.200000 1622 1912 
 143 0.790000 0.200000 1622 1623 
 144 0.780000 0.200000 1623 1685 
 145 0.770000 0.200000 1685 1686 
 146 0.760000 0.200000 1642 1686 
 147 0.750000 0.200000 1642 1643 
 148 0.740000 0.200000 1643 1705 
 149 0.730000 0.200000 1705 1706 
 150 0.720000 0.200000 1694 1706 
 151 0.710000 0.200000 1694 1695 
 152 0.700000 0.200000 1695 1809 
 153 0.690000 0.200000 1809 1810 
 154 0.680000 0.200000 1790 1810 
 155 0.670000 0.200000 1790 1791 
 156 0.660000 0.200000 1791 1857 
 157 0.650000 0.200000 1857 1858 
 158 0.640000 0.200000 1854 1858 
 159 0.630000 0.200000 1854 1855 
 160 0.620000 0.200000 1855 1896 
 161 0.610000 0.200000 1896 1897 
 162 0.600000 0.200000 335 1897 
 163 0.590000 0.200000 332 335 
 164 0.580000 0.200000 332 349 
 165 0.570000 0.200000 349 350 
 166 0.560000 0.200000 350 949 
 167 0.550000 0.200000 949 950 
 168 0.540000 0.200000 801 950 
 169 0.530000 0.200000 801 802 
 170 0.520000 0.200000 802 1119 
 171 0.510000 0.200000 1116 1119 
 172 0.500000 0.200000 693 1116 
 173 0.490000 0.200000 693 694 
 174 0.480000 0.200000 694 1141 
 175 0.470000 0.200000 1141 1142 
 176 0.460000 0.200000 917 1142 
 177 0.450000 0.200000 917 918 
 178 0.440000 0.200000 555 918 
 179 0.430000 0.200000 552 555 
 180 0.420000 0.200000 552 1101 
 181 0.410000 0.200000 1101 1102 
 182 0.400000 0.200000 1102 1133 
 183 0.390000 0.200000 1133 1134 
 184 0.380000 0.200000 491 1134 
 185 0.370000 0.200000 488 491 
 186 0.360000 0.200000 488 925 
 187 0.350000 0.200000 925 926 
 188 0.340000 0.200000 926 1125 
 189 0.330000 0.200000 1125 1126 
 190 0.320000 0.200000 871 1126 
 191 0.310000 0.200000 868 871 
 192 0.300000 0.200000 868 1193 
 193 0.290000 0.200000 1193 1194 
 194 0.280000 0.200000 827 1194 
 195 0.270000 0.200000 824 827 
 196 0.260000 0.200000 443 824 
 197 0.250000 0.200000 440 443 
 198 0.240000 0.200000 440 653 
 199 0.230000 0.200000 653 654 
 200 0.220000 0.200000 343 654 
 201 0.210000 0.200000 340 343 
 202 0.190000 0.200000 1749 1750 
 203 0.180000 0.200000 1746 1750 
 204 0.170000 0.200000 1746 1747 
 205 0.160000 0.200000 1537 1747 
 206 0.150000 0.200000 1537 1538 
 207 0.140000 0.200000 1538 1779 
 208 0.130000 0.200000 1776 1779 
 209 0.120000 0.200000 1391 1776 
 210 0.110000 0.200000 1388 1391 
 211 0.100000 0.200000 243 1388 
 212 0.090000 0.200000 240 243 
 213 0.080000 0.200000 240 421 
 214 0.070000 0.200000 421 422 
 215 0.060000 0.200000 422 505 
 216 0.050000 0.200000 505 506 
 217 0.040000 0.200000 77 506 
 218 0.030000 0.200000 77 78 
 219 0.020000 0.200000 78 1960 
 220 0.010000 0.200000 1960 1961 
 221 0.000000 0.190000 1961 1962 
 222 0.000000 0.180000 1962 1999 
 223 0.000000 0.170000 1996 1999 
 224 0.000000 0.160000 1987 1996 
 225 0.000000 0.150000 1984 1987 
 226 0.000000 0.140000 1946 1984 
 227 0.000000 0.130000 1946 1947 
 228 0.000000 0.120000 982 1947 
 229 0.000000 0.110000 982 983 
 230 0.000000 0.100000 983 1008 
 231 0.000000 0.090000 1008 1009 
 232 0.000000 0.080000 398 1009 
 233 0.000000 0.070000 398 399 
 234 0.000000 0.060000 399 502 
 235 0.000000 0.050000 502 503 
 236 0.000000 0.040000 2 503 
 237 0.000000 0.030000 2 3 
 238 0.000000 0.020000 3 1924 
 239 0.000000 0.010000 1924 1925 
 240 0.180000 0.180000 973 1596 1745 1751 
 241 0.600000 0.180000 334 394 1843 1898 
 242 0.360000 0.020000 1091 1646 1820 1835 
 243 0.800000 0.180000 1465 1621 1662 1913 
 244 0.860000 0.180000 1649 1762 1830 1901 
 245 0.480000 0.020000 1570 1666 1721 1731 
 246 0.720000 0.180000 1213 1693 1707 1802 
 247 0.100000 0.180000 242 262 1389 1825 
 248 0.300000 0.020000 733 1112 1488 1627 
 249 0.560000 0.020000 1561 1709 1935 1950 
 250 0.240000 0.020000 377 454 990 1311 
 251 0.120000 0.020000 370 807 1094 1197 
 252 0.400000 0.180000 238 891 1103 1132 
 253 0.320000 0.180000 594 829 870 1127 
 254 0.800000 0.020000 1016 1047 1175 1200 
 255 0.880000 0.020000 181 696 963 1110 
 256 0.740000 0.020000 795 861 1036 1168 
 257 0.460000 0.180000 293 446 916 1143 
 258 0.240000 0.180000 441 451 513 652 
 259 0.520000 0.180000 549 713 803 1118 
 260 0.680000 0.020000 601 661 818 1139 
 261 0.980000 0.100000 298 955 1152 1681 
 262 0.020000 0.100000 286 367 980 1011 
 263 0.080000 0.020000 745 1943 1975 1994 
 264 0.920000 0.180000 383 1387 1423 1814 
 265 0.940000 0.020000 305 328 407 573 
 266 0.980000 0.140000 226 385 388 461 
 267 0.020000 0.060000 15 396 501 709 
 268 0.040000 0.180000 76 219 507 1756 
 269 0.980000 0.040000 700 1506 1655 1978 
 270 0.640000 0.020000 478 921 970 1167 
 271 0.200000 0.020000 584 588 677 1029 
 272 0.640000 0.180000 1271 1853 1859 1884 
 273 0.440000 0.020000 1701 1869 1910 1917 
 274 0.040000 0.020000 1839 1879 1930 1989 
 275 0.980000 0.160000 220 227 460 537 
 276 0.020000 0.180000 79 1757 1963 1998 
 277 0.020000 0.160000 1758 1921 1986 1997 
 278 0.960000 0.180000 222 852 1955 1957 
 279 0.620000 0.020000 337 495 920 1164 
 280 0.560000 0.180000 351 498 948 1349 
 281 0.160000 0.020000 417 473 623 684 
 282 0.840000 0.020000 769 976 1073 1256 
 283 0.780000 0.020000 354 561 1019 1172 
 284 0.200000 0.180000 310 341 1599 1748 
 285 0.280000 0.180000 402 785 826 1195 
 286 0.360000 0.180000 246 489 636 924 
 287 0.420000 0.180000 237 553 945 1100 
 288 0.060000 0.180000 218 373 423 504 
 289 0.920000 0.020000 406 574 965 1211 
 290 0.480000 0.180000 432 445 695 1140 
 291 0.720000 0.020000 270 792 859 1039 
 292 0.400000 0.020000 1327 1479 1606 1769 
 293 0.600000 0.020000 338 494 1966 1983 
 294 0.120000 0.180000 1390 1777 1824 1906 
 295 0.340000 0.020000 1085 1610 1645 1832 
 296 0.280000 0.020000 734 1003 1491 1565 
 297 0.540000 0.020000 1562 1708 1725 1765 
 298 0.880000 0.180000 1381 1573 1761 1902 
 299 0.820000 0.180000 1161 1464 1631 1914 
 300 0.760000 0.180000 1185 1614 1641 1687 
 301 0.680000 0.180000 1217 1690 1789 1811 
 302 0.520000 0.020000 1053 1527 1724 1766 
 303 0.140000 0.180000 1290 1539 1778 1905 
 304 0.980000 0.060000 701 1937 1968 1977 
 305 0.020000 0.140000 1370 1922 1945 1985 
 306 0.980000 0.020000 415 1226 1505 1652 
 307 0.020000 0.020000 0 1876 1927 1988 
 308 0.980000 0.180000 221 323 536 1952 
 309 0.360000 0.040000 1647 1806 1823 1848 
 310 0.560000 0.040000 1417 1576 1710 1949 
 311 0.120000 0.160000 1304 1426 1827 1907 
 312 0.800000 0.160000 1437 1466 1634 1661 
 313 0.180000 0.160000 972 1378 1549 1597 
 314 0.300000 0.040000 1489 1518 1626 1699 
 315 0.860000 0.160000 1718 1763 1782 1829 
 316 0.620000 0.040000 410 492 923 1181 
 317 0.740000 0.040000 834 860 865 1037 
 318 0.460000 0.160000 213 292 447 1004 
 319 0.800000 0.040000 873 1017 1046 1049 
 320 0.920000 0.040000 405 608 727 966 
 321 0.020000 0.040000 1 12 500 1991 
 322 0.960000 0.060000 281 702 1408 1971 
 323 0.960000 0.040000 280 330 703 1507 
 324 0.060000 0.160000 21 217 374 1255 
 325 0.040000 0.160000 22 216 1759 1920 
 326 0.960000 0.140000 225 386 484 1099 
 327 0.960000 0.160000 223 224 485 855 
 328 0.080000 0.180000 241 263 372 420 
 329 0.580000 0.180000 333 348 395 1348 
 330 0.140000 0.020000 371 472 620 1093 
 331 0.860000 0.020000 699 960 1074 1259 
 332 0.340000 0.180000 247 828 927 1124 
 333 0.300000 0.180000 595 784 869 1192 
 334 0.540000 0.180000 499 712 800 951 
 335 0.900000 0.020000 182 964 1109 1208 
 336 0.980000 0.120000 299 384 389 954 
 337 0.020000 0.080000 287 397 708 1010 
 338 0.980000 0.080000 1153 1680 1936 1969 
 339 0.020000 0.120000 366 981 1371 1944 
 340 0.700000 0.020000 269 662 817 856 
 341 0.260000 0.180000 403 442 512 825 
 342 0.220000 0.180000 309 342 448 655 
 343 0.500000 0.180000 435 550 692 1117 
 344 0.220000 0.020000 453 591 1030 1308 
 345 0.380000 0.180000 490 639 888 1135 
 346 0.260000 0.020000 378 989 1000 1564 
 347 0.440000 0.180000 294 554 919 944 
 348 0.660000 0.020000 479 600 969 1136 
 349 0.760000 0.020000 353 562 862 1171 
 350 0.820000 0.020000 770 979 1044 1203 
 351 0.180000 0.020000 418 587 678 687 
 352 0.380000 0.020000 1090 1324 1768 1821 
 353 0.320000 0.020000 1086 1115 1609 1624 
 354 0.900000 0.180000 1380 1422 1574 1815 
 355 0.420000 0.020000 1478 1607 1870 1916 
 356 0.540000 0.040000 1416 1553 1711 1726 
 357 0.500000 0.020000 1052 1524 1571 1720 
 358 0.160000 0.180000 974 1289 1536 1744 
 359 0.840000 0.180000 1160 1628 1648 1831 
 360 0.780000 0.180000 1184 1620 1663 1684 
 361 0.620000 0.180000 1268 1842 1852 1899 
 362 0.740000 0.180000 1212 1615 1640 1704 
 363 0.460000 0.020000 1665 1700 1728 1911 
 364 0.700000 0.180000 1216 1692 1803 1808 
 365 0.660000 0.180000 1691 1788 1856 1887 
 366 0.940000 0.180000 382 853 1384 1956 
 367 0.100000 0.020000 806 1198 1974 1995 
 368 0.580000 0.020000 1934 1951 1967 1982 
 369 0.060000 0.020000 744 1838 1931 1940 
 370 0.960000 0.020000 304 329 1227 1504 
 371 0.240000 0.040000 376 455 607 1398 
 372 0.580000 0.160000 392 1066 1351 1449 
 373 0.680000 0.160000 1061 1218 1689 1890 
 374 0.440000 0.040000 1873 1882 1909 1918 
 375 0.100000 0.040000 346 805 1191 1992 
 376 0.380000 0.160000 558 638 884 889 
 377 0.220000 0.160000 290 308 449 1279 
 378 0.180000 0.040000 419 564 586 1027 
 379 0.540000 0.160000 362 496 715 1033 
 380 0.860000 0.040000 526 698 893 1075 
 381 0.300000 0.160000 532 592 641 787 
 382 0.700000 0.040000 268 629 663 907 
 383 0.560000 0.060000 1273 1338 1418 1579 
 384 0.040000 0.100000 285 364 1245 1472 
 385 0.080000 0.160000 33 260 375 1254 
 386 0.820000 0.040000 614 874 978 1045 
 387 0.760000 0.040000 202 352 863 866 
 388 0.600000 0.040000 493 517 1180 1980 
 389 0.160000 0.160000 975 1159 1288 1550 
 390 0.320000 0.040000 1207 1608 1625 1696 
 391 0.640000 0.160000 675 1270 1412 1885 
 392 0.480000 0.040000 1569 1667 1786 1846 
 393 0.760000 0.160000 933 1186 1613 1734 
 394 0.840000 0.160000 1104 1163 1783 1828 
 395 0.920000 0.160000 277 380 1480 1813 
 396 0.880000 0.160000 1319 1382 1717 1760 
 397 0.940000 0.060000 282 610 788 1411 
 398 0.040000 0.040000 13 437 1929 1990 
 399 0.040000 0.140000 23 1360 1369 1923 
 400 0.100000 0.160000 32 261 1427 1826 
 401 0.960000 0.120000 296 387 1098 1533 
 402 0.340000 0.160000 111 244 783 831 
 403 0.140000 0.040000 368 475 811 1121 
 404 0.900000 0.040000 183 645 726 967 
 405 0.780000 0.040000 203 355 1018 1048 
 406 0.440000 0.160000 214 295 823 947 
 407 0.720000 0.040000 271 833 904 1038 
 408 0.040000 0.080000 284 466 711 1473 
 409 0.200000 0.160000 311 1276 1377 1598 
 410 0.580000 0.040000 516 1577 1948 1981 
 411 0.260000 0.160000 400 469 515 664 
 412 0.480000 0.160000 433 444 880 1007 
 413 0.660000 0.040000 476 522 603 1081 
 414 0.640000 0.040000 411 477 922 1080 
 415 0.500000 0.160000 434 551 633 883 
 416 0.260000 0.040000 379 604 1567 1590 
 417 0.140000 0.160000 1156 1291 1307 1904 
 418 0.960000 0.080000 958 1409 1683 1970 
 419 0.380000 0.040000 1674 1771 1822 1849 
 420 0.400000 0.040000 1544 1605 1675 1770 
 421 0.280000 0.040000 1490 1517 1566 1591 
 422 0.520000 0.040000 1054 1552 1602 1727 
 423 0.220000 0.040000 272 452 1031 1397 
 424 0.720000 0.160000 985 1214 1638 1801 
 425 0.340000 0.040000 1204 1611 1644 1805 
 426 0.620000 0.160000 672 1269 1402 1841 
 427 0.820000 0.160000 1105 1162 1436 1467 
 428 0.780000 0.160000 932 1187 1635 1660 
 429 0.940000 0.040000 283 331 404 609 
 430 0.080000 0.040000 746 1190 1236 1993 
 431 0.940000 0.160000 276 381 486 854 
 432 0.120000 0.140000 1305 1425 1498 1502 
 433 0.360000 0.060000 1754 1807 1818 1851 
 434 0.600000 0.060000 518 814 1183 1373 
 435 0.160000 0.140000 1158 1264 1447 1551 
 436 0.800000 0.140000 1365 1438 1618 1633 
 437 0.320000 0.060000 1206 1697 1714 1895 
 438 0.260000 0.060000 605 1460 1510 1589 
 439 0.200000 0.140000 1070 1277 1281 1376 
 440 0.860000 0.140000 1021 1719 1781 1798 
 441 0.760000 0.060000 201 577 867 1012 
 442 0.440000 0.140000 215 753 822 908 
 443 0.480000 0.140000 749 762 881 1006 
 444 0.640000 0.060000 408 722 1083 1177 
 445 0.720000 0.060000 598 718 832 905 
 446 0.640000 0.140000 674 1352 1413 1434 
 447 0.820000 0.060000 510 613 683 875 
 448 0.060000 0.100000 1246 1458 1469 1475 
 449 0.080000 0.060000 11 1058 1189 1237 
 450 0.420000 0.160000 236 820 946 1147 
 451 0.940000 0.080000 789 878 957 1410 
 452 0.080000 0.140000 34 1253 1284 1301 
 453 0.900000 0.060000 646 725 796 839 
 454 0.920000 0.060000 611 724 791 797 
 455 0.040000 0.060000 14 436 467 710 
 456 0.940000 0.120000 1097 1344 1407 1534 
 457 0.920000 0.140000 278 851 1346 1483 
 458 0.060000 0.140000 20 1252 1285 1363 
 459 0.880000 0.040000 180 527 644 697 
 460 0.960000 0.100000 297 959 1532 1682 
 461 0.120000 0.040000 347 369 804 1120 
 462 0.600000 0.160000 393 1403 1448 1840 
 463 0.360000 0.160000 110 245 637 885 
 464 0.840000 0.040000 615 892 977 1072 
 465 0.560000 0.160000 497 1032 1067 1350 
 466 0.320000 0.160000 535 593 780 830 
 467 0.400000 0.160000 239 557 890 1144 
 468 0.280000 0.160000 401 642 667 786 
 469 0.040000 0.120000 365 1244 1361 1368 
 470 0.200000 0.040000 275 585 1024 1028 
 471 0.520000 0.160000 363 548 632 714 
 472 0.160000 0.040000 416 474 567 808 
 473 0.240000 0.160000 289 450 470 514 
 474 0.680000 0.040000 523 602 628 660 
 475 0.580000 0.060000 519 1339 1372 1578 
 476 0.780000 0.060000 200 1013 1051 1235 
 477 0.240000 0.060000 606 1392 1399 1509 
 478 0.500000 0.040000 1055 1568 1601 1787 
 479 0.300000 0.060000 1428 1519 1698 1713 
 480 0.740000 0.160000 984 1215 1612 1735 
 481 0.420000 0.040000 1545 1604 1872 1919 
 482 0.380000 0.060000 1673 1755 1850 1860 
 483 0.940000 0.140000 279 487 1096 1345 
 484 0.540000 0.060000 1229 1272 1419 1554 
 485 0.900000 0.160000 1318 1383 1481 1812 
 486 0.060000 0.040000 438 747 1239 1928 
 487 0.460000 0.040000 1664 1845 1883 1908 
 488 0.660000 0.160000 1415 1688 1886 1891 
 489 0.820000 0.140000 765 1106 1364 1439 
 490 0.700000 0.160000 1060 1219 1639 1800 
 491 0.760000 0.140000 657 934 1594 1733 
 492 0.360000 0.080000 313 1753 1774 1819 
 493 0.560000 0.080000 1274 1337 1440 1556 
 494 0.120000 0.060000 344 774 1123 1129 
 495 0.320000 0.080000 356 845 1715 1894 
 496 0.260000 0.080000 671 1328 1463 1511 
 497 0.440000 0.060000 1581 1866 1874 1881 
 498 0.480000 0.060000 481 1542 1785 1847 
 499 0.720000 0.140000 547 757 986 1637 
 500 0.180000 0.060000 565 1026 1040 1149 
 501 0.600000 0.140000 1293 1334 1400 1451 
 502 0.560000 0.140000 626 649 1035 1064 
 503 0.380000 0.140000 559 729 887 937 
 504 0.920000 0.120000 850 1347 1404 1528 
 505 0.800000 0.120000 1341 1366 1617 1670 
 506 0.240000 0.140000 158 288 471 1263 
 507 0.280000 0.140000 643 666 843 992 
 508 0.340000 0.140000 75 108 689 782 
 509 0.420000 0.140000 570 754 821 1146 
 510 0.920000 0.080000 84 790 798 877 
 511 0.760000 0.080000 51 138 578 1015 
 512 0.880000 0.140000 1020 1316 1493 1716 
 513 0.060000 0.080000 9 465 1459 1474 
 514 0.100000 0.140000 35 1300 1424 1503 
 515 0.880000 0.060000 7 524 647 838 
 516 0.100000 0.060000 345 1059 1128 1188 
 517 0.840000 0.060000 612 680 895 1243 
 518 0.620000 0.140000 673 1292 1401 1435 
 519 0.460000 0.140000 212 750 911 1005 
 520 0.300000 0.140000 319 533 640 995 
 521 0.620000 0.060000 409 815 1176 1182 
 522 0.740000 0.060000 576 599 835 864 
 523 0.220000 0.140000 291 1069 1260 1278 
 524 0.520000 0.140000 360 635 705 940 
 525 0.180000 0.140000 1267 1282 1379 1548 
 526 0.220000 0.060000 254 273 1395 1396 
 527 0.680000 0.060000 520 631 743 1077 
 528 0.660000 0.060000 521 723 1076 1082 
 529 0.700000 0.060000 630 717 740 906 
 530 0.500000 0.140000 634 761 882 941 
 531 0.160000 0.060000 530 566 809 1043 
 532 0.580000 0.080000 1250 1336 1375 1441 
 533 0.800000 0.060000 509 872 1050 1232 
 534 0.940000 0.100000 879 956 1406 1535 
 535 0.280000 0.060000 1431 1461 1516 1588 
 536 0.400000 0.060000 1547 1672 1678 1861 
 537 0.520000 0.060000 457 1228 1555 1603 
 538 0.780000 0.140000 656 935 1619 1632 
 539 0.080000 0.120000 233 1287 1302 1471 
 540 0.840000 0.140000 764 1107 1780 1799 
 541 0.140000 0.140000 1157 1306 1444 1497 
 542 0.340000 0.060000 1205 1804 1817 1892 
 543 0.680000 0.140000 431 1062 1454 1889 
 544 0.740000 0.140000 756 987 1595 1732 
 545 0.060000 0.120000 1247 1286 1362 1468 
 546 0.660000 0.140000 428 1355 1414 1888 
 547 0.900000 0.140000 848 1317 1482 1492 
 548 0.060000 0.060000 10 439 464 1238 
 549 0.120000 0.120000 427 1499 1501 1740 
 550 0.200000 0.120000 1071 1280 1312 1359 
 551 0.860000 0.120000 777 1022 1794 1797 
 552 0.620000 0.080000 812 902 1179 1297 
 553 0.680000 0.120000 430 617 1455 1586 
 554 0.420000 0.120000 118 569 755 931 
 555 0.520000 0.120000 113 706 738 943 
 556 0.460000 0.120000 751 910 912 999 
 557 0.100000 0.080000 19 24 1056 1131 
 558 0.560000 0.100000 42 55 1443 1557 
 559 0.640000 0.120000 170 897 1353 1433 
 560 0.540000 0.080000 1230 1275 1514 1559 
 561 0.620000 0.120000 106 171 1295 1432 
 562 0.760000 0.120000 541 658 1593 1738 
 563 0.280000 0.120000 151 174 842 993 
 564 0.820000 0.080000 135 152 511 682 
 565 0.280000 0.080000 668 1430 1462 1657 
 566 0.660000 0.080000 229 258 720 1079 
 567 0.720000 0.080000 303 326 597 719 
 568 0.700000 0.080000 205 325 716 741 
 569 0.780000 0.080000 139 166 1014 1234 
 570 0.180000 0.080000 66 101 1041 1148 
 571 0.900000 0.120000 849 1484 1495 1529 
 572 0.900000 0.080000 87 144 799 836 
 573 0.100000 0.120000 232 1303 1500 1741 
 574 0.860000 0.060000 6 525 894 1240 
 575 0.080000 0.100000 17 234 1457 1470 
 576 0.740000 0.080000 50 300 579 596 
 577 0.720000 0.120000 177 264 546 758 
 578 0.400000 0.140000 556 571 936 1145 
 579 0.920000 0.100000 85 876 1405 1531 
 580 0.360000 0.140000 74 109 730 886 
 581 0.600000 0.080000 813 1251 1296 1374 
 582 0.260000 0.140000 157 468 665 840 
 583 0.580000 0.140000 648 1065 1335 1450 
 584 0.540000 0.140000 361 627 704 1034 
 585 0.220000 0.120000 91 1068 1261 1315 
 586 0.200000 0.060000 253 274 1025 1150 
 587 0.160000 0.120000 1220 1265 1446 1522 
 588 0.240000 0.080000 95 1331 1393 1508 
 589 0.320000 0.140000 318 534 690 781 
 590 0.480000 0.120000 197 748 763 915 
 591 0.140000 0.060000 529 775 810 1122 
 592 0.500000 0.060000 456 1543 1600 1784 
 593 0.700000 0.140000 544 1063 1453 1636 
 594 0.380000 0.080000 1322 1752 1775 1863 
 595 0.420000 0.060000 1546 1580 1679 1875 
 596 0.820000 0.120000 581 766 1340 1367 
 597 0.300000 0.080000 844 1429 1658 1712 
 598 0.080000 0.080000 8 18 1057 1456 
 599 0.460000 0.060000 480 1844 1867 1880 
 600 0.780000 0.120000 540 659 1616 1671 
 601 0.340000 0.080000 312 357 1816 1893 
 602 0.580000 0.100000 36 43 1249 1442 
 603 0.360000 0.100000 56 251 314 1773 
 604 0.440000 0.080000 131 184 1582 1865 
 605 0.240000 0.120000 90 97 159 1262 
 606 0.300000 0.120000 127 150 316 994 
 607 0.480000 0.080000 161 208 482 1541 
 608 0.880000 0.080000 4 141 147 837 
 609 0.840000 0.080000 153 190 681 1242 
 610 0.200000 0.080000 67 70 252 1151 
 611 0.520000 0.080000 192 458 1231 1513 
 612 0.600000 0.120000 38 107 1294 1333 
 613 0.120000 0.100000 26 29 424 1743 
 614 0.580000 0.120000 39 40 651 1332 
 615 0.120000 0.080000 25 30 773 1130 
 616 0.600000 0.100000 37 104 1248 1299 
 617 0.560000 0.120000 41 52 625 650 
 618 0.360000 0.120000 59 73 248 731 
 619 0.320000 0.120000 61 126 317 691 
 620 0.260000 0.120000 96 156 175 841 
 621 0.400000 0.120000 46 568 928 939 
 622 0.400000 0.080000 120 1323 1677 1862 
 623 0.340000 0.100000 63 250 315 358 
 624 0.640000 0.100000 169 231 898 900 
 625 0.260000 0.100000 99 172 670 1329 
 626 0.320000 0.100000 62 125 359 846 
 627 0.540000 0.100000 54 115 1515 1558 
 628 0.900000 0.100000 86 145 1487 1530 
 629 0.800000 0.100000 133 164 1342 1669 
 630 0.760000 0.100000 48 137 542 1737 
 631 0.440000 0.120000 117 752 909 996 
 632 0.300000 0.100000 124 149 847 1659 
 633 0.540000 0.120000 53 112 624 707 
 634 0.460000 0.100000 163 186 913 998 
 635 0.740000 0.100000 49 179 301 1736 
 636 0.200000 0.100000 64 69 1313 1358 
 637 0.640000 0.080000 228 721 903 1178 
 638 0.720000 0.100000 178 267 302 327 
 639 0.220000 0.080000 71 94 255 1394 
 640 0.140000 0.120000 426 1221 1445 1496 
 641 0.160000 0.080000 81 100 531 1042 
 642 0.800000 0.080000 134 167 508 1233 
 643 0.500000 0.120000 196 739 760 942 
 644 0.680000 0.080000 204 259 742 1078 
 645 0.180000 0.120000 1266 1283 1356 1521 
 646 0.740000 0.120000 176 759 1592 1739 
 647 0.660000 0.120000 429 896 1354 1587 
 648 0.840000 0.120000 580 767 1795 1796 
 649 0.100000 0.100000 16 27 235 1742 
 650 0.880000 0.120000 776 1023 1485 1494 
 651 0.700000 0.120000 265 545 616 1452 
 652 0.380000 0.100000 44 57 1321 1772 
 653 0.860000 0.080000 5 140 191 1241 
 654 0.340000 0.120000 60 72 249 688 
 655 0.140000 0.100000 28 83 425 1222 
 656 0.400000 0.100000 45 123 929 1320 
 657 0.240000 0.100000 89 92 98 1330 
 658 0.160000 0.100000 82 103 1223 1523 
 659 0.620000 0.100000 105 168 901 1298 
 660 0.860000 0.100000 143 188 778 1793 
 661 0.440000 0.100000 116 128 187 997 
 662 0.520000 0.100000 114 193 737 1512 
 663 0.820000 0.100000 132 155 582 1343 
 664 0.480000 0.100000 162 198 211 914 
 665 0.680000 0.100000 207 256 618 1585 
 666 0.660000 0.100000 230 257 899 1584 
 667 0.180000 0.100000 65 102 1357 1520 
 668 0.140000 0.080000 31 80 528 772 
 669 0.380000 0.120000 47 58 728 938 
 670 0.280000 0.100000 148 173 669 1656 
 671 0.780000 0.100000 136 165 543 1668 
 672 0.420000 0.080000 121 130 1583 1676 
 673 0.880000 0.100000 142 146 779 1486 
 674 0.460000 0.080000 160 185 483 1864 
 675 0.500000 0.080000 195 209 459 1540 
 676 0.220000 0.100000 68 88 93 1314 
 677 0.700000 0.100000 206 266 324 619 
 678 0.420000 0.100000 119 122 129 930 
 679 0.840000 0.100000 154 189 583 1792 
 680 0.500000 0.100000 194 199 210 736 
 681 0.020000 0.030000 0 1 1988 1991 
 682 0.010000 0.040000 1 2 500 503 
 683 0.010000 0.020000 0 3 1924 1927 
 684 0.010000 0.030000 0 1 2 3 
 685 0.870000 0.080000 4 5 140 141 
 686 0.860000 0.070000 5 6 1240 1241 
 687 0.870000 0.060000 6 7 524 525 
 688 0.880000 0.070000 4 7 837 838 
 689 0.870000 0.070000 4 5 6 7 
 690 0.070000 0.080000 8 9 1456 1459 
 691 0.060000 0.070000 9 10 464 465 
 692 0.070000 0.060000 10 11 1237 1238 
 693 0.080000 0.070000 8 11 1057 1058 
 694 0.070000 0.070000 8 9 10 11 
 695 0.030000 0.040000 12 13 1990 1991 
 696 0.040000 0.050000 13 14 436 437 
 697 0.030000 0.060000 14 15 709 710 
 698 0.020000 0.050000 12 15 500 501 
 699 0.030000 0.050000 12 13 14 15 
 700 0.090000 0.100000 16 17 234 235 
 701 0.080000 0.090000 17 18 1456 1457 
 702 0.090000 0.080000 18 19 1056 1057 
 703 0.100000 0.090000 16 19 24 27 
 704 0.090000 0.090000 16 17 18 19 
 705 0.060000 0.150000 20 21 1252 1255 
 706 0.050000 0.160000 21 22 216 217 
 707 0.040000 0.150000 22 23 1920 1923 
 708 0.050000 0.140000 20 23 1360 1363 
 709 0.050000 0.150000 20 21 22 23 
 710 0.110000 0.080000 24 25 1130 1131 
 711 0.120000 0.090000 25 26 29 30 
 712 0.110000 0.100000 26 27 1742 1743 
 713 0.110000 0.090000 24 25 26 27 
 714 0.130000 0.100000 28 29 424 425 
 715 0.130000 0.080000 30 31 772 773 
 716 0.140000 0.090000 28 31 80 83 
 717 0.130000 0.090000 28 29 30 31 
 718 0.090000 0.160000 32 33 260 261 
 719 0.080000 0.150000 33 34 1253 1254 
 720 0.090000 0.140000 34 35 1300 1301 
 721 0.100000 0.150000 32 35 1424 1427 
 722 0.090000 0.150000 32 33 34 35 
 723 0.590000 0.100000 36 37 1248 1249 
 724 0.600000 0.110000 37 38 104 107 
 725 0.590000 0.120000 38 39 1332 1333 
 726 0.580000 0.110000 36 39 40 43 
 727 0.590000 0.110000 36 37 38 39 
 728 0.570000 0.120000 40 41 650 651 
 729 0.560000 0.110000 41 42 52 55 
 730 0.570000 0.100000 42 43 1442 1443 
 731 0.570000 0.110000 40 41 42 43 
 732 0.390000 0.100000 44 45 1320 1321 
 733 0.400000 0.110000 45 46 928 929 
 734 0.390000 0.120000 46 47 938 939 
 735 0.380000 0.110000 44 47 57 58 
 736 0.390000 0.110000 44 45 46 47 
 737 0.750000 0.100000 48 49 1736 1737 
 738 0.740000 0.090000 49 50 300 301 
 739 0.750000 0.080000 50 51 578 579 
 740 0.760000 0.090000 48 51 137 138 
 741 0.750000 0.090000 48 49 50 51 
 742 0.550000 0.120000 52 53 624 625 
 743 0.540000 0.110000 53 54 112 115 
 744 0.550000 0.100000 54 55 1557 1558 
 745 0.550000 0.110000 52 53 54 55 
 746 0.370000 0.100000 56 57 1772 1773 
 747 0.370000 0.120000 58 59 728 731 
 748 0.360000 0.110000 56 59 248 251 
 749 0.370000 0.110000 56 57 58 59 
 750 0.330000 0.120000 60 61 688 691 
 751 0.320000 0.110000 61 62 125 126 
 752 0.330000 0.100000 62 63 358 359 
 753 0.340000 0.110000 60 63 249 250 
 754 0.330000 0.110000 60 61 62 63 
 755 0.190000 0.100000 64 65 1357 1358 
 756 0.180000 0.090000 65 66 101 102 
 757 0.190000 0.080000 66 67 1148 1151 
 758 0.200000 0.090000 64 67 69 70 
 759 0.190000 0.090000 64 65 66 67 
 760 0.210000 0.100000 68 69 1313 1314 
 761 0.210000 0.080000 70 71 252 255 
 762 0.220000 0.090000 68 71 93 94 
 763 0.210000 0.090000 68 69 70 71 
 764 0.350000 0.120000 72 73 248 249 
 765 0.360000 0.130000 73 74 730 731 
 766 0.350000 0.140000 74 75 108 109 
 767 0.340000 0.130000 72 75 688 689 
 768 0.350000 0.130000 72 73 74 75 
 769 0.040000 0.190000 76 77 506 507 
 770 0.020000 0.190000 78 79 1960 1963 
 771 0.030000 0.180000 76 79 1756 1757 
 772 0.030000 0.190000 76 77 78 79 
 773 0.150000 0.080000 80 81 528 531 
 774 0.160000 0.090000 81 82 100 103 
 775 0.150000 0.100000 82 83 1222 1223 
 776 0.150000 0.090000 80 81 82 83 
 777 0.920000 0.090000 84 85 876 877 
 778 0.910000 0.100000 85 86 1530 1531 
 779 0.900000 0.090000 86 87 144 145 
 780 0.910000 0.080000 84 87 798 799 
 781 0.910000 0.090000 84 85 86 87 
 782 0.230000 0.100000 88 89 92 93 
 783 0.240000 0.110000 89 90 97 98 
 784 0.230000 0.120000 90 91 1261 1262 
 785 0.220000 0.110000 88 91 1314 1315 
 786 0.230000 0.110000 88 89 90 91 
 787 0.230000 0.080000 94 95 1393 1394 
 788 0.240000 0.090000 92 95 1330 1331 
 789 0.230000 0.090000 92 93 94 95 
 790 0.250000 0.120000 96 97 156 159 
 791 0.250000 0.100000 98 99 1329 1330 
 792 0.260000 0.110000 96 99 172 175 
 793 0.250000 0.110000 96 97 98 99 
 794 0.170000 0.080000 100 101 1041 1042 
 795 0.170000 0.100000 102 103 1520 1523 
 796 0.170000 0.090000 100 101 102 103 
 797 0.610000 0.100000 104 105 1298 1299 
 798 0.620000 0.110000 105 106 168 171 
 799 0.610000 0.120000 106 107 1294 1295 
 800 0.610000 0.110000 104 105 106 107 
 801 0.360000 0.150000 109 110 885 886 
 802 0.350000 0.160000 110 111 244 245 
 803 0.340000 0.150000 108 111 782 783 
 804 0.350000 0.150000 108 109 110 111 
 805 0.530000 0.120000 112 113 706 707 
 806 0.520000 0.110000 113 114 737 738 
 807 0.530000 0.100000 114 115 1512 1515 
 808 0.530000 0.110000 112 113 114 115 
 809 0.440000 0.110000 116 117 996 997 
 810 0.430000 0.120000 117 118 752 755 
 811 0.420000 0.110000 118 119 930 931 
 812 0.430000 0.100000 116 119 128 129 
 813 0.430000 0.110000 116 117 118 119 
 814 0.410000 0.080000 120 121 1676 1677 
 815 0.420000 0.090000 121 122 129 130 
 816 0.410000 0.100000 122 123 929 930 
 817 0.400000 0.090000 120 123 1320 1323 
 818 0.410000 0.090000 120 121 122 123 
 819 0.310000 0.100000 124 125 846 847 
 820 0.310000 0.120000 126 127 316 317 
 821 0.300000 0.110000 124 127 149 150 
 822 0.310000 0.110000 124 125 126 127 
 823 0.430000 0.080000 130 131 1582 1583 
 824 0.440000 0.090000 128 131 184 187 
 825 0.430000 0.090000 128 129 130 131 
 826 0.810000 0.100000 132 133 1342 1343 
 827 0.800000 0.090000 133 134 164 167 
 828 0.810000 0.080000 134 135 508 511 
 829 0.820000 0.090000 132 135 152 155 
 830 0.810000 0.090000 132 133 134 135 
 831 0.770000 0.100000 136 137 542 543 
 832 0.770000 0.080000 138 139 1014 1015 
 833 0.780000 0.090000 136 139 165 166 
 834 0.770000 0.090000 136 137 138 139 
 835 0.880000 0.090000 141 142 146 147 
 836 0.870000 0.100000 142 143 778 779 
 837 0.860000 0.090000 140 143 188 191 
 838 0.870000 0.090000 140 141 142 143 
 839 0.890000 0.100000 145 146 1486 1487 
 840 0.890000 0.080000 144 147 836 837 
 841 0.890000 0.090000 144 145 146 147 
 842 0.290000 0.100000 148 149 1656 1659 
 843 0.290000 0.120000 150 151 993 994 
 844 0.280000 0.110000 148 151 173 174 
 845 0.290000 0.110000 148 149 150 151 
 846 0.830000 0.080000 152 153 681 682 
 847 0.840000 0.090000 153 154 189 190 
 848 0.830000 0.100000 154 155 582 583 
 849 0.830000 0.090000 152 153 154 155 
 850 0.260000 0.130000 156 157 840 841 
 851 0.250000 0.140000 157 158 468 471 
 852 0.240000 0.130000 158 159 1262 1263 
 853 0.250000 0.130000 156 157 158 159 
 854 0.470000 0.080000 160 161 482 483 
 855 0.480000 0.090000 161 162 208 211 
 856 0.470000 0.100000 162 163 913 914 
 857 0.460000 0.090000 160 163 185 186 
 858 0.470000 0.090000 160 161 162 163 
 859 0.790000 0.100000 164 165 1668 1669 
 860 0.790000 0.080000 166 167 1233 1234 
 861 0.790000 0.090000 164 165 166 167 
 862 0.630000 0.100000 168 169 900 901 
 863 0.640000 0.110000 169 170 897 898 
 864 0.630000 0.120000 170 171 1432 1433 
 865 0.630000 0.110000 168 169 170 171 
 866 0.270000 0.100000 172 173 669 670 
 867 0.270000 0.120000 174 175 841 842 
 868 0.270000 0.110000 172 173 174 175 
 869 0.730000 0.120000 176 177 758 759 
 870 0.720000 0.110000 177 178 264 267 
 871 0.730000 0.100000 178 179 301 302 
 872 0.740000 0.110000 176 179 1736 1739 
 873 0.730000 0.110000 176 177 178 179 
 874 0.880000 0.030000 180 181 696 697 
 875 0.890000 0.020000 181 182 1109 1110 
 876 0.900000 0.030000 182 183 964 967 
 877 0.890000 0.040000 180 183 644 645 
 878 0.890000 0.030000 180 181 182 183 
 879 0.450000 0.080000 184 185 1864 1865 
 880 0.450000 0.100000 186 187 997 998 
 881 0.450000 0.090000 184 185 186 187 
 882 0.850000 0.100000 188 189 1792 1793 
 883 0.850000 0.080000 190 191 1241 1242 
 884 0.850000 0.090000 188 189 190 191 
 885 0.520000 0.090000 192 193 1512 1513 
 886 0.510000 0.100000 193 194 736 737 
 887 0.500000 0.090000 194 195 209 210 
 888 0.510000 0.080000 192 195 458 459 
 889 0.510000 0.090000 192 193 194 195 
 890 0.490000 0.120000 196 197 760 763 
 891 0.480000 0.110000 197 198 914 915 
 892 0.490000 0.100000 198 199 210 211 
 893 0.500000 0.110000 196 199 736 739 
 894 0.490000 0.110000 196 197 198 199 
 895 0.770000 0.060000 200 201 1012 1013 
 896 0.760000 0.050000 201 202 866 867 
 897 0.770000 0.040000 202 203 352 355 
 898 0.780000 0.050000 200 203 1048 1051 
 899 0.770000 0.050000 200 201 202 203 
 900 0.690000 0.080000 204 205 741 742 
 901 0.700000 0.090000 205 206 324 325 
 902 0.690000 0.100000 206 207 618 619 
 903 0.680000 0.090000 204 207 256 259 
 904 0.690000 0.090000 204 205 206 207 
 905 0.490000 0.080000 208 209 1540 1541 
 906 0.490000 0.090000 208 209 210 211 
 907 0.460000 0.150000 212 213 1004 1005 
 908 0.450000 0.160000 213 214 292 295 
 909 0.440000 0.150000 214 215 822 823 
 910 0.450000 0.140000 212 215 908 911 
 911 0.450000 0.150000 212 213 214 215 
 912 0.060000 0.170000 217 218 373 374 
 913 0.050000 0.180000 218 219 504 507 
 914 0.040000 0.170000 216 219 1756 1759 
 915 0.050000 0.170000 216 217 218 219 
 916 0.980000 0.170000 220 221 536 537 
 917 0.970000 0.180000 221 222 1952 1955 
 918 0.960000 0.170000 222 223 852 855 
 919 0.970000 0.160000 220 223 224 227 
 920 0.970000 0.170000 220 221 222 223 
 921 0.960000 0.150000 224 225 484 485 
 922 0.970000 0.140000 225 226 385 386 
 923 0.980000 0.150000 226 227 460 461 
 924 0.970000 0.150000 224 225 226 227 
 925 0.650000 0.080000 228 229 720 721 
 926 0.660000 0.090000 229 230 257 258 
 927 0.650000 0.100000 230 231 898 899 
 928 0.640000 0.090000 228 231 900 903 
 929 0.650000 0.090000 228 229 230 231 
 930 0.090000 0.120000 232 233 1302 1303 
 931 0.080000 0.110000 233 234 1470 1471 
 932 0.100000 0.110000 232 235 1741 1742 
 933 0.090000 0.110000 232 233 234 235 
 934 0.420000 0.170000 236 237 945 946 
 935 0.410000 0.180000 237 238 1100 1103 
 936 0.400000 0.170000 238 239 890 891 
 937 0.410000 0.160000 236 239 1144 1147 
 938 0.410000 0.170000 236 237 238 239 
 939 0.080000 0.190000 240 241 420 421 
 940 0.090000 0.180000 241 242 262 263 
 941 0.100000 0.190000 242 243 1388 1389 
 942 0.090000 0.190000 240 241 242 243 
 943 0.360000 0.170000 245 246 636 637 
 944 0.350000 0.180000 246 247 924 927 
 945 0.340000 0.170000 244 247 828 831 
 946 0.350000 0.170000 244 245 246 247 
 947 0.350000 0.100000 250 251 314 315 
 948 0.350000 0.110000 248 249 250 251 
 949 0.200000 0.070000 252 253 1150 1151 
 950 0.210000 0.060000 253 254 273 274 
 951 0.220000 0.070000 254 255 1394 1395 
 952 0.210000 0.070000 252 253 254 255 
 953 0.670000 0.100000 256 257 1584 1585 
 954 0.670000 0.080000 258 259 1078 1079 
 955 0.670000 0.090000 256 257 258 259 
 956 0.100000 0.170000 261 262 1825 1826 
 957 0.080000 0.170000 260 263 372 375 
 958 0.090000 0.170000 260 261 262 263 
 959 0.710000 0.120000 264 265 545 546 
 960 0.700000 0.110000 265 266 616 619 
 961 0.710000 0.100000 266 267 324 327 
 962 0.710000 0.110000 264 265 266 267 
 963 0.700000 0.030000 268 269 662 663 
 964 0.710000 0.020000 269 270 856 859 
 965 0.720000 0.030000 270 271 1038 1039 
 966 0.710000 0.040000 268 271 904 907 
 967 0.710000 0.030000 268 269 270 271 
 968 0.220000 0.050000 272 273 1396 1397 
 969 0.200000 0.050000 274 275 1024 1025 
 970 0.210000 0.040000 272 275 1028 1031 
 971 0.210000 0.050000 272 273 274 275 
 972 0.930000 0.160000 276 277 380 381 
 973 0.920000 0.150000 277 278 1480 1483 
 974 0.930000 0.140000 278 279 1345 1346 
 975 0.940000 0.150000 276 279 486 487 
 976 0.930000 0.150000 276 277 278 279 
 977 0.960000 0.050000 280 281 702 703 
 978 0.950000 0.060000 281 282 1408 1411 
 979 0.940000 0.050000 282 283 609 610 
 980 0.950000 0.040000 280 283 330 331 
 981 0.950000 0.050000 280 281 282 283 
 982 0.040000 0.090000 284 285 1472 1473 
 983 0.030000 0.100000 285 286 364 367 
 984 0.020000 0.090000 286 287 1010 1011 
 985 0.030000 0.080000 284 287 708 711 
 986 0.030000 0.090000 284 285 286 287 
 987 0.240000 0.150000 288 289 470 471 
 988 0.230000 0.160000 289 290 449 450 
 989 0.220000 0.150000 290 291 1278 1279 
 990 0.230000 0.140000 288 291 1260 1263 
 991 0.230000 0.150000 288 289 290 291 
 992 0.460000 0.170000 292 293 446 447 
 993 0.450000 0.180000 293 294 916 919 
 994 0.440000 0.170000 294 295 944 947 
 995 0.450000 0.170000 292 293 294 295 
 996 0.960000 0.110000 296 297 1532 1533 
 997 0.970000 0.100000 297 298 1681 1682 
 998 0.980000 0.110000 298 299 954 955 
 999 0.970000 0.120000 296 299 384 387 
 1000 0.970000 0.110000 296 297 298 299 
 1001 0.720000 0.090000 302 303 326 327 
 1002 0.730000 0.080000 300 303 596 597 
 1003 0.730000 0.090000 300 301 302 303 
 1004 0.950000 0.020000 304 305 328 329 
 1005 0.940000 0.010000 305 306 572 573 
 1006 0.960000 0.010000 304 307 1224 1227 
 1007 0.950000 0.010000 304 305 306 307 
 1008 0.220000 0.170000 308 309 448 449 
 1009 0.210000 0.180000 309 310 341 342 
 1010 0.200000 0.170000 310 311 1598 1599 
 1011 0.210000 0.160000 308 311 1276 1279 
 1012 0.210000 0.170000 308 309 310 311 
 1013 0.350000 0.080000 312 313 1816 1819 
 1014 0.360000 0.090000 313 314 1773 1774 
 1015 0.340000 0.090000 312 315 357 358 
 1016 0.350000 0.090000 312 313 314 315 
 1017 0.320000 0.130000 317 318 690 691 
 1018 0.310000 0.140000 318 319 533 534 
 1019 0.300000 0.130000 316 319 994 995 
 1020 0.310000 0.130000 316 317 318 319 
 1021 0.980000 0.190000 322 323 1952 1953 
 1022 0.990000 0.180000 320 323 536 539 
 1023 0.990000 0.190000 320 321 322 323 
 1024 0.710000 0.080000 325 326 716 719 
 1025 0.710000 0.090000 324 325 326 327 
 1026 0.960000 0.030000 329 330 1504 1507 
 1027 0.940000 0.030000 328 331 404 407 
 1028 0.950000 0.030000 328 329 330 331 
 1029 0.580000 0.190000 332 333 348 349 
 1030 0.590000 0.180000 333 334 394 395 
 1031 0.600000 0.190000 334 335 1897 1898 
 1032 0.590000 0.190000 332 333 334 335 
 1033 0.620000 0.010000 336 337 1164 1165 
 1034 0.610000 0.020000 337 338 494 495 
 1035 0.600000 0.010000 338 339 1965 1966 
 1036 0.610000 0.010000 336 337 338 339 
 1037 0.200000 0.190000 340 341 1748 1749 
 1038 0.220000 0.190000 342 343 654 655 
 1039 0.210000 0.190000 340 341 342 343 
 1040 0.110000 0.060000 344 345 1128 1129 
 1041 0.100000 0.050000 345 346 1188 1191 
 1042 0.110000 0.040000 346 347 804 805 
 1043 0.120000 0.050000 344 347 1120 1123 
 1044 0.110000 0.050000 344 345 346 347 
 1045 0.560000 0.190000 350 351 948 949 
 1046 0.570000 0.180000 348 351 1348 1349 
 1047 0.570000 0.190000 348 349 350 351 
 1048 0.760000 0.030000 352 353 862 863 
 1049 0.770000 0.020000 353 354 561 562 
 1050 0.780000 0.030000 354 355 1018 1019 
 1051 0.770000 0.030000 352 353 354 355 
 1052 0.330000 0.080000 356 357 1893 1894 
 1053 0.320000 0.090000 356 359 845 846 
 1054 0.330000 0.090000 356 357 358 359 
 1055 0.530000 0.140000 360 361 704 705 
 1056 0.540000 0.150000 361 362 1033 1034 
 1057 0.530000 0.160000 362 363 714 715 
 1058 0.520000 0.150000 360 363 632 635 
 1059 0.530000 0.150000 360 361 362 363 
 1060 0.040000 0.110000 364 365 1244 1245 
 1061 0.030000 0.120000 365 366 1368 1371 
 1062 0.020000 0.110000 366 367 980 981 
 1063 0.030000 0.110000 364 365 366 367 
 1064 0.130000 0.040000 368 369 1120 1121 
 1065 0.120000 0.030000 369 370 804 807 
 1066 0.130000 0.020000 370 371 1093 1094 
 1067 0.140000 0.030000 368 371 472 475 
 1068 0.130000 0.030000 368 369 370 371 
 1069 0.070000 0.180000 372 373 420 423 
 1070 0.070000 0.160000 374 375 1254 1255 
 1071 0.070000 0.170000 372 373 374 375 
 1072 0.240000 0.030000 376 377 454 455 
 1073 0.250000 0.020000 377 378 989 990 
 1074 0.260000 0.030000 378 379 1564 1567 
 1075 0.250000 0.040000 376 379 604 607 
 1076 0.250000 0.030000 376 377 378 379 
 1077 0.940000 0.170000 381 382 853 854 
 1078 0.930000 0.180000 382 383 1384 1387 
 1079 0.920000 0.170000 380 383 1813 1814 
 1080 0.930000 0.170000 380 381 382 383 
 1081 0.980000 0.130000 384 385 388 389 
 1082 0.960000 0.130000 386 387 1098 1099 
 1083 0.970000 0.130000 384 385 386 387 
 1084 0.990000 0.120000 389 390 953 954 
 1085 0.990000 0.140000 388 391 461 462 
 1086 0.990000 0.130000 388 389 390 391 
 1087 0.590000 0.160000 392 393 1448 1449 
 1088 0.600000 0.170000 393 394 1840 1843 
 1089 0.580000 0.170000 392 395 1348 1351 
 1090 0.590000 0.170000 392 393 394 395 
 1091 0.020000 0.070000 396 397 708 709 
 1092 0.010000 0.080000 397 398 1009 1010 
 1093 0.010000 0.060000 396 399 501 502 
 1094 0.010000 0.070000 396 397 398 399 
 1095 0.270000 0.160000 400 401 664 667 
 1096 0.280000 0.170000 401 402 785 786 
 1097 0.270000 0.180000 402 403 825 826 
 1098 0.260000 0.170000 400 403 512 515 
 1099 0.270000 0.170000 400 401 402 403 
 1100 0.930000 0.040000 404 405 608 609 
 1101 0.920000 0.030000 405 406 965 966 
 1102 0.930000 0.020000 406 407 573 574 
 1103 0.930000 0.030000 404 405 406 407 
 1104 0.630000 0.060000 408 409 1176 1177 
 1105 0.620000 0.050000 409 410 1181 1182 
 1106 0.630000 0.040000 410 411 922 923 
 1107 0.640000 0.050000 408 411 1080 1083 
 1108 0.630000 0.050000 408 409 410 411 
 1109 0.990000 0.020000 414 415 1652 1653 
 1110 0.980000 0.010000 412 415 1225 1226 
 1111 0.990000 0.010000 412 413 414 415 
 1112 0.160000 0.030000 416 417 473 474 
 1113 0.170000 0.020000 417 418 684 687 
 1114 0.180000 0.030000 418 419 586 587 
 1115 0.170000 0.040000 416 419 564 567 
 1116 0.170000 0.030000 416 417 418 419 
 1117 0.060000 0.190000 422 423 504 505 
 1118 0.070000 0.190000 420 421 422 423 
 1119 0.140000 0.110000 425 426 1221 1222 
 1120 0.130000 0.120000 426 427 1496 1499 
 1121 0.120000 0.110000 424 427 1740 1743 
 1122 0.130000 0.110000 424 425 426 427 
 1123 0.660000 0.130000 428 429 1354 1355 
 1124 0.670000 0.120000 429 430 1586 1587 
 1125 0.680000 0.130000 430 431 1454 1455 
 1126 0.670000 0.140000 428 431 1888 1889 
 1127 0.670000 0.130000 428 429 430 431 
 1128 0.480000 0.170000 432 433 444 445 
 1129 0.490000 0.160000 433 434 880 883 
 1130 0.500000 0.170000 434 435 550 551 
 1131 0.490000 0.180000 432 435 692 695 
 1132 0.490000 0.170000 432 433 434 435 
 1133 0.050000 0.040000 437 438 1928 1929 
 1134 0.060000 0.050000 438 439 1238 1239 
 1135 0.050000 0.060000 436 439 464 467 
 1136 0.050000 0.050000 436 437 438 439 
 1137 0.240000 0.190000 440 441 652 653 
 1138 0.250000 0.180000 441 442 512 513 
 1139 0.260000 0.190000 442 443 824 825 
 1140 0.250000 0.190000 440 441 442 443 
 1141 0.470000 0.180000 445 446 1140 1143 
 1142 0.470000 0.160000 444 447 1004 1007 
 1143 0.470000 0.170000 444 445 446 447 
 1144 0.240000 0.170000 450 451 513 514 
 1145 0.230000 0.180000 448 451 652 655 
 1146 0.230000 0.170000 448 449 450 451 
 1147 0.220000 0.030000 452 453 1030 1031 
 1148 0.230000 0.020000 453 454 1308 1311 
 1149 0.230000 0.040000 452 455 1397 1398 
 1150 0.230000 0.030000 452 453 454 455 
 1151 0.510000 0.060000 456 457 1600 1603 
 1152 0.520000 0.070000 457 458 1228 1231 
 1153 0.500000 0.070000 456 459 1540 1543 
 1154 0.510000 0.070000 456 457 458 459 
 1155 0.990000 0.160000 460 463 537 538 
 1156 0.990000 0.150000 460 461 462 463 
 1157 0.050000 0.080000 465 466 1473 1474 
 1158 0.040000 0.070000 466 467 710 711 
 1159 0.050000 0.070000 464 465 466 467 
 1160 0.260000 0.150000 468 469 664 665 
 1161 0.250000 0.160000 469 470 514 515 
 1162 0.250000 0.150000 468 469 470 471 
 1163 0.150000 0.020000 472 473 620 623 
 1164 0.150000 0.040000 474 475 808 811 
 1165 0.150000 0.030000 472 473 474 475 
 1166 0.650000 0.040000 476 477 1080 1081 
 1167 0.640000 0.030000 477 478 921 922 
 1168 0.650000 0.020000 478 479 969 970 
 1169 0.660000 0.030000 476 479 600 603 
 1170 0.650000 0.030000 476 477 478 479 
 1171 0.470000 0.060000 480 481 1844 1847 
 1172 0.480000 0.070000 481 482 1541 1542 
 1173 0.460000 0.070000 480 483 1864 1867 
 1174 0.470000 0.070000 480 481 482 483 
 1175 0.950000 0.160000 485 486 854 855 
 1176 0.950000 0.140000 484 487 1096 1099 
 1177 0.950000 0.150000 484 485 486 487 
 1178 0.360000 0.190000 488 489 924 925 
 1179 0.370000 0.180000 489 490 636 639 
 1180 0.380000 0.190000 490 491 1134 1135 
 1181 0.370000 0.190000 488 489 490 491 
 1182 0.610000 0.040000 492 493 1180 1181 
 1183 0.600000 0.030000 493 494 1980 1983 
 1184 0.620000 0.030000 492 495 920 923 
 1185 0.610000 0.030000 492 493 494 495 
 1186 0.550000 0.160000 496 497 1032 1033 
 1187 0.560000 0.170000 497 498 1349 1350 
 1188 0.550000 0.180000 498 499 948 951 
 1189 0.540000 0.170000 496 499 712 715 
 1190 0.550000 0.170000 496 497 498 499 
 1191 0.010000 0.050000 500 501 502 503 
 1192 0.050000 0.190000 504 505 506 507 
 1193 0.800000 0.070000 508 509 1232 1233 
 1194 0.810000 0.060000 509 510 872 875 
 1195 0.820000 0.070000 510 511 682 683 
 1196 0.810000 0.070000 508 509 510 511 
 1197 0.250000 0.170000 512 513 514 515 
 1198 0.590000 0.040000 516 517 1980 1981 
 1199 0.600000 0.050000 517 518 1180 1183 
 1200 0.590000 0.060000 518 519 1372 1373 
 1201 0.580000 0.050000 516 519 1577 1578 
 1202 0.590000 0.050000 516 517 518 519 
 1203 0.670000 0.060000 520 521 1076 1077 
 1204 0.660000 0.050000 521 522 1081 1082 
 1205 0.670000 0.040000 522 523 602 603 
 1206 0.680000 0.050000 520 523 628 631 
 1207 0.670000 0.050000 520 521 522 523 
 1208 0.860000 0.050000 525 526 893 894 
 1209 0.870000 0.040000 526 527 697 698 
 1210 0.880000 0.050000 524 527 644 647 
 1211 0.870000 0.050000 524 525 526 527 
 1212 0.140000 0.070000 528 529 772 775 
 1213 0.150000 0.060000 529 530 809 810 
 1214 0.160000 0.070000 530 531 1042 1043 
 1215 0.150000 0.070000 528 529 530 531 
 1216 0.300000 0.150000 532 533 640 641 
 1217 0.320000 0.150000 534 535 780 781 
 1218 0.310000 0.160000 532 535 592 593 
 1219 0.310000 0.150000 532 533 534 535 
 1220 0.990000 0.170000 536 537 538 539 
 1221 0.770000 0.120000 540 541 658 659 
 1222 0.760000 0.110000 541 542 1737 1738 
 1223 0.780000 0.110000 540 543 1668 1671 
 1224 0.770000 0.110000 540 541 542 543 
 1225 0.700000 0.130000 544 545 1452 1453 
 1226 0.720000 0.130000 546 547 757 758 
 1227 0.710000 0.140000 544 547 1636 1637 
 1228 0.710000 0.130000 544 545 546 547 
 1229 0.520000 0.170000 548 549 713 714 
 1230 0.510000 0.180000 549 550 1117 1118 
 1231 0.510000 0.160000 548 551 632 633 
 1232 0.510000 0.170000 548 549 550 551 
 1233 0.420000 0.190000 552 553 1100 1101 
 1234 0.430000 0.180000 553 554 944 945 
 1235 0.440000 0.190000 554 555 918 919 
 1236 0.430000 0.190000 552 553 554 555 
 1237 0.400000 0.150000 556 557 1144 1145 
 1238 0.390000 0.160000 557 558 889 890 
 1239 0.380000 0.150000 558 559 884 887 
 1240 0.390000 0.140000 556 559 936 937 
 1241 0.390000 0.150000 556 557 558 559 
 1242 0.780000 0.010000 560 561 1172 1173 
 1243 0.760000 0.010000 562 563 1170 1171 
 1244 0.770000 0.010000 560 561 562 563 
 1245 0.180000 0.050000 564 565 1026 1027 
 1246 0.170000 0.060000 565 566 1040 1043 
 1247 0.160000 0.050000 566 567 808 809 
 1248 0.170000 0.050000 564 565 566 567 
 1249 0.410000 0.120000 568 569 928 931 
 1250 0.420000 0.130000 569 570 754 755 
 1251 0.410000 0.140000 570 571 1145 1146 
 1252 0.400000 0.130000 568 571 936 939 
 1253 0.410000 0.130000 568 569 570 571 
 1254 0.920000 0.010000 574 575 1210 1211 
 1255 0.930000 0.010000 572 573 574 575 
 1256 0.750000 0.060000 576 577 864 867 
 1257 0.760000 0.070000 577 578 1012 1015 
 1258 0.740000 0.070000 576 579 596 599 
 1259 0.750000 0.070000 576 577 578 579 
 1260 0.830000 0.120000 580 581 766 767 
 1261 0.820000 0.110000 581 582 1340 1343 
 1262 0.840000 0.110000 580 583 1792 1795 
 1263 0.830000 0.110000 580 581 582 583 
 1264 0.200000 0.030000 584 585 1028 1029 
 1265 0.190000 0.040000 585 586 1024 1027 
 1266 0.190000 0.020000 584 587 677 678 
 1267 0.190000 0.030000 584 585 586 587 
 1268 0.200000 0.010000 588 589 676 677 
 1269 0.220000 0.010000 590 591 1308 1309 
 1270 0.210000 0.020000 588 591 1029 1030 
 1271 0.210000 0.010000 588 589 590 591 
 1272 0.320000 0.170000 593 594 829 830 
 1273 0.310000 0.180000 594 595 869 870 
 1274 0.300000 0.170000 592 595 784 787 
 1275 0.310000 0.170000 592 593 594 595 
 1276 0.720000 0.070000 597 598 718 719 
 1277 0.730000 0.060000 598 599 832 835 
 1278 0.730000 0.070000 596 597 598 599 
 1279 0.670000 0.020000 600 601 1136 1139 
 1280 0.680000 0.030000 601 602 660 661 
 1281 0.670000 0.030000 600 601 602 603 
 1282 0.260000 0.050000 604 605 1589 1590 
 1283 0.250000 0.060000 605 606 1509 1510 
 1284 0.240000 0.050000 606 607 1398 1399 
 1285 0.250000 0.050000 604 605 606 607 
 1286 0.930000 0.060000 610 611 788 791 
 1287 0.920000 0.050000 608 611 724 727 
 1288 0.930000 0.050000 608 609 610 611 
 1289 0.830000 0.060000 612 613 680 683 
 1290 0.820000 0.050000 613 614 874 875 
 1291 0.830000 0.040000 614 615 977 978 
 1292 0.840000 0.050000 612 615 892 895 
 1293 0.830000 0.050000 612 613 614 615 
 1294 0.690000 0.120000 616 617 1452 1455 
 1295 0.680000 0.110000 617 618 1585 1586 
 1296 0.690000 0.110000 616 617 618 619 
 1297 0.140000 0.010000 620 621 1092 1093 
 1298 0.160000 0.010000 622 623 684 685 
 1299 0.150000 0.010000 620 621 622 623 
 1300 0.560000 0.130000 625 626 649 650 
 1301 0.550000 0.140000 626 627 1034 1035 
 1302 0.540000 0.130000 624 627 704 707 
 1303 0.550000 0.130000 624 625 626 627 
 1304 0.690000 0.040000 628 629 660 663 
 1305 0.700000 0.050000 629 630 906 907 
 1306 0.690000 0.060000 630 631 740 743 
 1307 0.690000 0.050000 628 629 630 631 
 1308 0.500000 0.150000 633 634 882 883 
 1309 0.510000 0.140000 634 635 940 941 
 1310 0.510000 0.150000 632 633 634 635 
 1311 0.370000 0.160000 637 638 884 885 
 1312 0.380000 0.170000 638 639 888 889 
 1313 0.370000 0.170000 636 637 638 639 
 1314 0.290000 0.160000 641 642 786 787 
 1315 0.280000 0.150000 642 643 666 667 
 1316 0.290000 0.140000 640 643 992 995 
 1317 0.290000 0.150000 640 641 642 643 
 1318 0.900000 0.050000 645 646 725 726 
 1319 0.890000 0.060000 646 647 838 839 
 1320 0.890000 0.050000 644 645 646 647 
 1321 0.570000 0.140000 648 649 1064 1065 
 1322 0.580000 0.130000 648 651 1332 1335 
 1323 0.570000 0.130000 648 649 650 651 
 1324 0.230000 0.190000 652 653 654 655 
 1325 0.770000 0.140000 656 657 934 935 
 1326 0.760000 0.130000 657 658 1593 1594 
 1327 0.780000 0.130000 656 659 1616 1619 
 1328 0.770000 0.130000 656 657 658 659 
 1329 0.690000 0.020000 661 662 817 818 
 1330 0.690000 0.030000 660 661 662 663 
 1331 0.270000 0.140000 665 666 840 843 
 1332 0.270000 0.150000 664 665 666 667 
 1333 0.280000 0.090000 668 669 1656 1657 
 1334 0.260000 0.090000 670 671 1328 1329 
 1335 0.270000 0.080000 668 671 1462 1463 
 1336 0.270000 0.090000 668 669 670 671 
 1337 0.620000 0.150000 672 673 1401 1402 
 1338 0.630000 0.140000 673 674 1434 1435 
 1339 0.640000 0.150000 674 675 1412 1413 
 1340 0.630000 0.160000 672 675 1269 1270 
 1341 0.630000 0.150000 672 673 674 675 
 1342 0.180000 0.010000 678 679 686 687 
 1343 0.190000 0.010000 676 677 678 679 
 1344 0.840000 0.070000 680 681 1242 1243 
 1345 0.830000 0.070000 680 681 682 683 
 1346 0.170000 0.010000 684 685 686 687 
 1347 0.330000 0.140000 689 690 781 782 
 1348 0.330000 0.130000 688 689 690 691 
 1349 0.500000 0.190000 692 693 1116 1117 
 1350 0.480000 0.190000 694 695 1140 1141 
 1351 0.490000 0.190000 692 693 694 695 
 1352 0.860000 0.030000 698 699 1074 1075 
 1353 0.870000 0.020000 696 699 960 963 
 1354 0.870000 0.030000 696 697 698 699 
 1355 0.980000 0.050000 700 701 1977 1978 
 1356 0.970000 0.060000 701 702 1968 1971 
 1357 0.970000 0.040000 700 703 1506 1507 
 1358 0.970000 0.050000 700 701 702 703 
 1359 0.520000 0.130000 705 706 940 943 
 1360 0.530000 0.130000 704 705 706 707 
 1361 0.030000 0.070000 708 709 710 711 
 1362 0.530000 0.180000 712 713 800 803 
 1363 0.530000 0.170000 712 713 714 715 
 1364 0.700000 0.070000 716 717 740 741 
 1365 0.710000 0.060000 717 718 905 906 
 1366 0.710000 0.070000 716 717 718 719 
 1367 0.640000 0.070000 721 722 1177 1178 
 1368 0.650000 0.060000 722 723 1082 1083 
 1369 0.660000 0.070000 720 723 1076 1079 
 1370 0.650000 0.070000 720 721 722 723 
 1371 0.910000 0.060000 724 725 796 797 
 1372 0.910000 0.040000 726 727 966 967 
 1373 0.910000 0.050000 724 725 726 727 
 1374 0.380000 0.130000 728 729 937 938 
 1375 0.370000 0.140000 729 730 886 887 
 1376 0.370000 0.130000 728 729 730 731 
 1377 0.300000 0.010000 732 733 1112 1113 
 1378 0.290000 0.020000 733 734 1488 1491 
 1379 0.280000 0.010000 734 735 1002 1003 
 1380 0.290000 0.010000 732 733 734 735 
 1381 0.510000 0.120000 738 739 942 943 
 1382 0.510000 0.110000 736 737 738 739 
 1383 0.680000 0.070000 742 743 1077 1078 
 1384 0.690000 0.070000 740 741 742 743 
 1385 0.070000 0.020000 744 745 1940 1943 
 1386 0.080000 0.030000 745 746 1993 1994 
 1387 0.070000 0.040000 746 747 1236 1239 
 1388 0.060000 0.030000 744 747 1928 1931 
 1389 0.070000 0.030000 744 745 746 747 
 1390 0.480000 0.130000 748 749 762 763 
 1391 0.470000 0.140000 749 750 1005 1006 
 1392 0.460000 0.130000 750 751 910 911 
 1393 0.470000 0.120000 748 751 912 915 
 1394 0.470000 0.130000 748 749 750 751 
 1395 0.440000 0.130000 752 753 908 909 
 1396 0.430000 0.140000 753 754 821 822 
 1397 0.430000 0.130000 752 753 754 755 
 1398 0.730000 0.140000 756 757 986 987 
 1399 0.740000 0.130000 756 759 1592 1595 
 1400 0.730000 0.130000 756 757 758 759 
 1401 0.500000 0.130000 760 761 941 942 
 1402 0.490000 0.140000 761 762 881 882 
 1403 0.490000 0.130000 760 761 762 763 
 1404 0.830000 0.140000 764 765 1106 1107 
 1405 0.820000 0.130000 765 766 1364 1367 
 1406 0.840000 0.130000 764 767 1796 1799 
 1407 0.830000 0.130000 764 765 766 767 
 1408 0.840000 0.010000 768 769 1256 1257 
 1409 0.830000 0.020000 769 770 976 979 
 1410 0.820000 0.010000 770 771 1202 1203 
 1411 0.830000 0.010000 768 769 770 771 
 1412 0.120000 0.070000 773 774 1129 1130 
 1413 0.130000 0.060000 774 775 1122 1123 
 1414 0.130000 0.070000 772 773 774 775 
 1415 0.870000 0.120000 776 777 1022 1023 
 1416 0.860000 0.110000 777 778 1793 1794 
 1417 0.880000 0.110000 776 779 1485 1486 
 1418 0.870000 0.110000 776 777 778 779 
 1419 0.330000 0.160000 780 783 830 831 
 1420 0.330000 0.150000 780 781 782 783 
 1421 0.290000 0.180000 784 785 1192 1195 
 1422 0.290000 0.170000 784 785 786 787 
 1423 0.940000 0.070000 788 789 1410 1411 
 1424 0.930000 0.080000 789 790 877 878 
 1425 0.920000 0.070000 790 791 797 798 
 1426 0.930000 0.070000 788 789 790 791 
 1427 0.720000 0.010000 792 793 858 859 
 1428 0.740000 0.010000 794 795 1168 1169 
 1429 0.730000 0.020000 792 795 1036 1039 
 1430 0.730000 0.010000 792 793 794 795 
 1431 0.900000 0.070000 796 799 836 839 
 1432 0.910000 0.070000 796 797 798 799 
 1433 0.540000 0.190000 800 801 950 951 
 1434 0.520000 0.190000 802 803 1118 1119 
 1435 0.530000 0.190000 800 801 802 803 
 1436 0.100000 0.030000 805 806 1992 1995 
 1437 0.110000 0.020000 806 807 1197 1198 
 1438 0.110000 0.030000 804 805 806 807 
 1439 0.140000 0.050000 810 811 1121 1122 
 1440 0.150000 0.050000 808 809 810 811 
 1441 0.610000 0.080000 812 813 1296 1297 
 1442 0.600000 0.070000 813 814 1373 1374 
 1443 0.610000 0.060000 814 815 1182 1183 
 1444 0.620000 0.070000 812 815 1176 1179 
 1445 0.610000 0.070000 812 813 814 815 
 1446 0.700000 0.010000 816 817 856 857 
 1447 0.680000 0.010000 818 819 1138 1139 
 1448 0.690000 0.010000 816 817 818 819 
 1449 0.420000 0.150000 820 821 1146 1147 
 1450 0.430000 0.160000 820 823 946 947 
 1451 0.430000 0.150000 820 821 822 823 
 1452 0.280000 0.190000 826 827 1194 1195 
 1453 0.270000 0.190000 824 825 826 827 
 1454 0.330000 0.180000 828 829 1124 1127 
 1455 0.330000 0.170000 828 829 830 831 
 1456 0.720000 0.050000 832 833 904 905 
 1457 0.730000 0.040000 833 834 1037 1038 
 1458 0.740000 0.050000 834 835 864 865 
 1459 0.730000 0.050000 832 833 834 835 
 1460 0.890000 0.070000 836 837 838 839 
 1461 0.280000 0.130000 842 843 992 993 
 1462 0.270000 0.130000 840 841 842 843 
 1463 0.310000 0.080000 844 845 1712 1715 
 1464 0.300000 0.090000 844 847 1658 1659 
 1465 0.310000 0.090000 844 845 846 847 
 1466 0.900000 0.130000 848 849 1492 1495 
 1467 0.910000 0.120000 849 850 1528 1529 
 1468 0.920000 0.130000 850 851 1346 1347 
 1469 0.910000 0.140000 848 851 1482 1483 
 1470 0.910000 0.130000 848 849 850 851 
 1471 0.950000 0.180000 852 853 1956 1957 
 1472 0.950000 0.170000 852 853 854 855 
 1473 0.710000 0.010000 856 857 858 859 
 1474 0.740000 0.030000 860 861 1036 1037 
 1475 0.750000 0.020000 861 862 1168 1171 
 1476 0.750000 0.040000 860 863 865 866 
 1477 0.750000 0.030000 860 861 862 863 
 1478 0.750000 0.050000 864 865 866 867 
 1479 0.300000 0.190000 868 869 1192 1193 
 1480 0.320000 0.190000 870 871 1126 1127 
 1481 0.310000 0.190000 868 869 870 871 
 1482 0.800000 0.050000 872 873 1049 1050 
 1483 0.810000 0.040000 873 874 1045 1046 
 1484 0.810000 0.050000 872 873 874 875 
 1485 0.940000 0.090000 878 879 956 957 
 1486 0.930000 0.100000 876 879 1405 1406 
 1487 0.930000 0.090000 876 877 878 879 
 1488 0.480000 0.150000 880 881 1006 1007 
 1489 0.490000 0.150000 880 881 882 883 
 1490 0.370000 0.150000 884 885 886 887 
 1491 0.390000 0.180000 888 891 1132 1135 
 1492 0.390000 0.170000 888 889 890 891 
 1493 0.850000 0.040000 892 893 1072 1075 
 1494 0.850000 0.060000 894 895 1240 1243 
 1495 0.850000 0.050000 892 893 894 895 
 1496 0.650000 0.120000 896 897 1353 1354 
 1497 0.660000 0.110000 896 899 1584 1587 
 1498 0.650000 0.110000 896 897 898 899 
 1499 0.620000 0.090000 901 902 1297 1298 
 1500 0.630000 0.080000 902 903 1178 1179 
 1501 0.630000 0.090000 900 901 902 903 
 1502 0.710000 0.050000 904 905 906 907 
 1503 0.450000 0.120000 909 910 996 999 
 1504 0.450000 0.130000 908 909 910 911 
 1505 0.460000 0.110000 912 913 998 999 
 1506 0.470000 0.110000 912 913 914 915 
 1507 0.460000 0.190000 916 917 1142 1143 
 1508 0.450000 0.190000 916 917 918 919 
 1509 0.630000 0.020000 920 921 1164 1167 
 1510 0.630000 0.030000 920 921 922 923 
 1511 0.340000 0.190000 926 927 1124 1125 
 1512 0.350000 0.190000 924 925 926 927 
 1513 0.410000 0.110000 928 929 930 931 
 1514 0.770000 0.160000 932 933 1186 1187 
 1515 0.760000 0.150000 933 934 1733 1734 
 1516 0.780000 0.150000 932 935 1632 1635 
 1517 0.770000 0.150000 932 933 934 935 
 1518 0.390000 0.130000 936 937 938 939 
 1519 0.510000 0.130000 940 941 942 943 
 1520 0.430000 0.170000 944 945 946 947 
 1521 0.550000 0.190000 948 949 950 951 
 1522 0.990000 0.100000 952 955 1152 1155 
 1523 0.990000 0.110000 952 953 954 955 
 1524 0.950000 0.080000 957 958 1409 1410 
 1525 0.960000 0.090000 958 959 1682 1683 
 1526 0.950000 0.100000 956 959 1532 1535 
 1527 0.950000 0.090000 956 957 958 959 
 1528 0.860000 0.010000 960 961 1258 1259 
 1529 0.880000 0.010000 962 963 1110 1111 
 1530 0.870000 0.010000 960 961 962 963 
 1531 0.910000 0.020000 964 965 1208 1211 
 1532 0.910000 0.030000 964 965 966 967 
 1533 0.660000 0.010000 968 969 1136 1137 
 1534 0.640000 0.010000 970 971 1166 1167 
 1535 0.650000 0.010000 968 969 970 971 
 1536 0.180000 0.170000 972 973 1596 1597 
 1537 0.170000 0.180000 973 974 1744 1745 
 1538 0.160000 0.170000 974 975 1288 1289 
 1539 0.170000 0.160000 972 975 1549 1550 
 1540 0.170000 0.170000 972 973 974 975 
 1541 0.840000 0.030000 976 977 1072 1073 
 1542 0.820000 0.030000 978 979 1044 1045 
 1543 0.830000 0.030000 976 977 978 979 
 1544 0.010000 0.120000 981 982 1944 1947 
 1545 0.010000 0.100000 980 983 1008 1011 
 1546 0.010000 0.110000 980 981 982 983 
 1547 0.730000 0.160000 984 985 1214 1215 
 1548 0.720000 0.150000 985 986 1637 1638 
 1549 0.740000 0.150000 984 987 1732 1735 
 1550 0.730000 0.150000 984 985 986 987 
 1551 0.260000 0.010000 988 989 1000 1001 
 1552 0.240000 0.010000 990 991 1310 1311 
 1553 0.250000 0.010000 988 989 990 991 
 1554 0.290000 0.130000 992 993 994 995 
 1555 0.450000 0.110000 996 997 998 999 
 1556 0.270000 0.020000 1000 1003 1564 1565 
 1557 0.270000 0.010000 1000 1001 1002 1003 
 1558 0.470000 0.150000 1004 1005 1006 1007 
 1559 0.010000 0.090000 1008 1009 1010 1011 
 1560 0.780000 0.070000 1013 1014 1234 1235 
 1561 0.770000 0.070000 1012 1013 1014 1015 
 1562 0.800000 0.030000 1016 1017 1046 1047 
 1563 0.790000 0.040000 1017 1018 1048 1049 
 1564 0.790000 0.020000 1016 1019 1172 1175 
 1565 0.790000 0.030000 1016 1017 1018 1019 
 1566 0.870000 0.140000 1020 1021 1716 1719 
 1567 0.860000 0.130000 1021 1022 1797 1798 
 1568 0.880000 0.130000 1020 1023 1493 1494 
 1569 0.870000 0.130000 1020 1021 1022 1023 
 1570 0.190000 0.060000 1025 1026 1149 1150 
 1571 0.190000 0.050000 1024 1025 1026 1027 
 1572 0.210000 0.030000 1028 1029 1030 1031 
 1573 0.560000 0.150000 1032 1035 1064 1067 
 1574 0.550000 0.150000 1032 1033 1034 1035 
 1575 0.730000 0.030000 1036 1037 1038 1039 
 1576 0.180000 0.070000 1040 1041 1148 1149 
 1577 0.170000 0.070000 1040 1041 1042 1043 
 1578 0.810000 0.020000 1044 1047 1200 1203 
 1579 0.810000 0.030000 1044 1045 1046 1047 
 1580 0.790000 0.060000 1050 1051 1232 1235 
 1581 0.790000 0.050000 1048 1049 1050 1051 
 1582 0.510000 0.020000 1052 1053 1524 1527 
 1583 0.520000 0.030000 1053 1054 1724 1727 
 1584 0.510000 0.040000 1054 1055 1601 1602 
 1585 0.500000 0.030000 1052 1055 1568 1571 
 1586 0.510000 0.030000 1052 1053 1054 1055 
 1587 0.090000 0.060000 1058 1059 1188 1189 
 1588 0.100000 0.070000 1056 1059 1128 1131 
 1589 0.090000 0.070000 1056 1057 1058 1059 
 1590 0.690000 0.160000 1060 1061 1218 1219 
 1591 0.680000 0.150000 1061 1062 1889 1890 
 1592 0.690000 0.140000 1062 1063 1453 1454 
 1593 0.700000 0.150000 1060 1063 1636 1639 
 1594 0.690000 0.150000 1060 1061 1062 1063 
 1595 0.580000 0.150000 1065 1066 1449 1450 
 1596 0.570000 0.160000 1066 1067 1350 1351 
 1597 0.570000 0.150000 1064 1065 1066 1067 
 1598 0.220000 0.130000 1068 1069 1260 1261 
 1599 0.210000 0.140000 1069 1070 1277 1278 
 1600 0.200000 0.130000 1070 1071 1280 1281 
 1601 0.210000 0.120000 1068 1071 1312 1315 
 1602 0.210000 0.130000 1068 1069 1070 1071 
 1603 0.850000 0.020000 1073 1074 1256 1259 
 1604 0.850000 0.030000 1072 1073 1074 1075 
 1605 0.670000 0.070000 1076 1077 1078 1079 
 1606 0.650000 0.050000 1080 1081 1082 1083 
 1607 0.340000 0.010000 1084 1085 1832 1833 
 1608 0.330000 0.020000 1085 1086 1609 1610 
 1609 0.320000 0.010000 1086 1087 1114 1115 
 1610 0.330000 0.010000 1084 1085 1086 1087 
 1611 0.380000 0.010000 1089 1090 1324 1325 
 1612 0.370000 0.020000 1090 1091 1820 1821 
 1613 0.360000 0.010000 1088 1091 1834 1835 
 1614 0.370000 0.010000 1088 1089 1090 1091 
 1615 0.120000 0.010000 1094 1095 1196 1197 
 1616 0.130000 0.010000 1092 1093 1094 1095 
 1617 0.940000 0.130000 1096 1097 1344 1345 
 1618 0.950000 0.120000 1097 1098 1533 1534 
 1619 0.950000 0.130000 1096 1097 1098 1099 
 1620 0.400000 0.190000 1102 1103 1132 1133 
 1621 0.410000 0.190000 1100 1101 1102 1103 
 1622 0.830000 0.160000 1104 1105 1162 1163 
 1623 0.820000 0.150000 1105 1106 1436 1439 
 1624 0.840000 0.150000 1104 1107 1780 1783 
 1625 0.830000 0.150000 1104 1105 1106 1107 
 1626 0.900000 0.010000 1108 1109 1208 1209 
 1627 0.890000 0.010000 1108 1109 1110 1111 
 1628 0.310000 0.020000 1112 1115 1624 1627 
 1629 0.310000 0.010000 1112 1113 1114 1115 
 1630 0.510000 0.190000 1116 1117 1118 1119 
 1631 0.130000 0.050000 1120 1121 1122 1123 
 1632 0.330000 0.190000 1124 1125 1126 1127 
 1633 0.110000 0.070000 1128 1129 1130 1131 
 1634 0.390000 0.190000 1132 1133 1134 1135 
 1635 0.670000 0.010000 1136 1137 1138 1139 
 1636 0.470000 0.190000 1140 1141 1142 1143 
 1637 0.410000 0.150000 1144 1145 1146 1147 
 1638 0.190000 0.070000 1148 1149 1150 1151 
 1639 0.980000 0.090000 1152 1153 1680 1681 
 1640 0.990000 0.080000 1153 1154 1936 1939 
 1641 0.990000 0.090000 1152 1153 1154 1155 
 1642 0.140000 0.150000 1156 1157 1306 1307 
 1643 0.150000 0.140000 1157 1158 1444 1447 
 1644 0.160000 0.150000 1158 1159 1550 1551 
 1645 0.150000 0.160000 1156 1159 1288 1291 
 1646 0.150000 0.150000 1156 1157 1158 1159 
 1647 0.830000 0.180000 1160 1161 1628 1631 
 1648 0.820000 0.170000 1161 1162 1464 1467 
 1649 0.840000 0.170000 1160 1163 1828 1831 
 1650 0.830000 0.170000 1160 1161 1162 1163 
 1651 0.630000 0.010000 1164 1165 1166 1167 
 1652 0.750000 0.010000 1168 1169 1170 1171 
 1653 0.800000 0.010000 1174 1175 1200 1201 
 1654 0.790000 0.010000 1172 1173 1174 1175 
 1655 0.630000 0.070000 1176 1177 1178 1179 
 1656 0.610000 0.050000 1180 1181 1182 1183 
 1657 0.770000 0.180000 1184 1185 1684 1687 
 1658 0.760000 0.170000 1185 1186 1613 1614 
 1659 0.780000 0.170000 1184 1187 1660 1663 
 1660 0.770000 0.170000 1184 1185 1186 1187 
 1661 0.080000 0.050000 1189 1190 1236 1237 
 1662 0.090000 0.040000 1190 1191 1992 1993 
 1663 0.090000 0.050000 1188 1189 1190 1191 
 1664 0.290000 0.190000 1192 1193 1194 1195 
 1665 0.100000 0.010000 1198 1199 1973 1974 
 1666 0.110000 0.010000 1196 1197 1198 1199 
 1667 0.810000 0.010000 1200 1201 1202 1203 
 1668 0.340000 0.050000 1204 1205 1804 1805 
 1669 0.330000 0.060000 1205 1206 1892 1895 
 1670 0.320000 0.050000 1206 1207 1696 1697 
 1671 0.330000 0.040000 1204 1207 1608 1611 
 1672 0.330000 0.050000 1204 1205 1206 1207 
 1673 0.910000 0.010000 1208 1209 1210 1211 
 1674 0.730000 0.180000 1212 1213 1704 1707 
 1675 0.720000 0.170000 1213 1214 1801 1802 
 1676 0.740000 0.170000 1212 1215 1612 1615 
 1677 0.730000 0.170000 1212 1213 1214 1215 
 1678 0.690000 0.180000 1216 1217 1808 1811 
 1679 0.680000 0.170000 1217 1218 1689 1690 
 1680 0.700000 0.170000 1216 1219 1800 1803 
 1681 0.690000 0.170000 1216 1217 1218 1219 
 1682 0.150000 0.120000 1220 1221 1445 1446 
 1683 0.160000 0.110000 1220 1223 1522 1523 
 1684 0.150000 0.110000 1220 1221 1222 1223 
 1685 0.970000 0.020000 1226 1227 1504 1505 
 1686 0.970000 0.010000 1224 1225 1226 1227 
 1687 0.530000 0.060000 1228 1229 1554 1555 
 1688 0.540000 0.070000 1229 1230 1272 1275 
 1689 0.530000 0.080000 1230 1231 1513 1514 
 1690 0.530000 0.070000 1228 1229 1230 1231 
 1691 0.790000 0.070000 1232 1233 1234 1235 
 1692 0.070000 0.050000 1236 1237 1238 1239 
 1693 0.850000 0.070000 1240 1241 1242 1243 
 1694 0.050000 0.100000 1245 1246 1472 1475 
 1695 0.060000 0.110000 1246 1247 1468 1469 
 1696 0.050000 0.120000 1244 1247 1361 1362 
 1697 0.050000 0.110000 1244 1245 1246 1247 
 1698 0.580000 0.090000 1249 1250 1441 1442 
 1699 0.590000 0.080000 1250 1251 1374 1375 
 1700 0.600000 0.090000 1248 1251 1296 1299 
 1701 0.590000 0.090000 1248 1249 1250 1251 
 1702 0.070000 0.140000 1252 1253 1284 1285 
 1703 0.070000 0.150000 1252 1253 1254 1255 
 1704 0.850000 0.010000 1256 1257 1258 1259 
 1705 0.230000 0.130000 1260 1261 1262 1263 
 1706 0.160000 0.130000 1264 1265 1446 1447 
 1707 0.170000 0.120000 1265 1266 1521 1522 
 1708 0.180000 0.130000 1266 1267 1282 1283 
 1709 0.170000 0.140000 1264 1267 1548 1551 
 1710 0.170000 0.130000 1264 1265 1266 1267 
 1711 0.620000 0.170000 1268 1269 1841 1842 
 1712 0.640000 0.170000 1270 1271 1884 1885 
 1713 0.630000 0.180000 1268 1271 1852 1853 
 1714 0.630000 0.170000 1268 1269 1270 1271 
 1715 0.550000 0.060000 1272 1273 1418 1419 
 1716 0.560000 0.070000 1273 1274 1337 1338 
 1717 0.550000 0.080000 1274 1275 1556 1559 
 1718 0.550000 0.070000 1272 1273 1274 1275 
 1719 0.200000 0.150000 1276 1277 1376 1377 
 1720 0.210000 0.150000 1276 1277 1278 1279 
 1721 0.190000 0.140000 1281 1282 1376 1379 
 1722 0.190000 0.120000 1280 1283 1356 1359 
 1723 0.190000 0.130000 1280 1281 1282 1283 
 1724 0.060000 0.130000 1285 1286 1362 1363 
 1725 0.070000 0.120000 1286 1287 1468 1471 
 1726 0.080000 0.130000 1284 1287 1301 1302 
 1727 0.070000 0.130000 1284 1285 1286 1287 
 1728 0.150000 0.180000 1289 1290 1536 1539 
 1729 0.140000 0.170000 1290 1291 1904 1905 
 1730 0.150000 0.170000 1288 1289 1290 1291 
 1731 0.610000 0.140000 1292 1293 1400 1401 
 1732 0.600000 0.130000 1293 1294 1333 1334 
 1733 0.620000 0.130000 1292 1295 1432 1435 
 1734 0.610000 0.130000 1292 1293 1294 1295 
 1735 0.610000 0.090000 1296 1297 1298 1299 
 1736 0.100000 0.130000 1300 1303 1500 1503 
 1737 0.090000 0.130000 1300 1301 1302 1303 
 1738 0.120000 0.150000 1304 1305 1425 1426 
 1739 0.130000 0.140000 1305 1306 1497 1498 
 1740 0.130000 0.160000 1304 1307 1904 1907 
 1741 0.130000 0.150000 1304 1305 1306 1307 
 1742 0.230000 0.010000 1308 1309 1310 1311 
 1743 0.200000 0.110000 1312 1313 1358 1359 
 1744 0.210000 0.110000 1312 1313 1314 1315 
 1745 0.890000 0.140000 1316 1317 1492 1493 
 1746 0.900000 0.150000 1317 1318 1481 1482 
 1747 0.890000 0.160000 1318 1319 1382 1383 
 1748 0.880000 0.150000 1316 1319 1716 1717 
 1749 0.890000 0.150000 1316 1317 1318 1319 
 1750 0.380000 0.090000 1321 1322 1772 1775 
 1751 0.390000 0.080000 1322 1323 1862 1863 
 1752 0.390000 0.090000 1320 1321 1322 1323 
 1753 0.400000 0.010000 1326 1327 1476 1479 
 1754 0.390000 0.020000 1324 1327 1768 1769 
 1755 0.390000 0.010000 1324 1325 1326 1327 
 1756 0.250000 0.080000 1328 1331 1508 1511 
 1757 0.250000 0.090000 1328 1329 1330 1331 
 1758 0.590000 0.140000 1334 1335 1450 1451 
 1759 0.590000 0.130000 1332 1333 1334 1335 
 1760 0.570000 0.080000 1336 1337 1440 1441 
 1761 0.570000 0.060000 1338 1339 1578 1579 
 1762 0.580000 0.070000 1336 1339 1372 1375 
 1763 0.570000 0.070000 1336 1337 1338 1339 
 1764 0.810000 0.120000 1340 1341 1366 1367 
 1765 0.800000 0.110000 1341 1342 1669 1670 
 1766 0.810000 0.110000 1340 1341 1342 1343 
 1767 0.930000 0.120000 1344 1347 1404 1407 
 1768 0.930000 0.130000 1344 1345 1346 1347 
 1769 0.570000 0.170000 1348 1349 1350 1351 
 1770 0.640000 0.130000 1352 1353 1433 1434 
 1771 0.650000 0.140000 1352 1355 1413 1414 
 1772 0.650000 0.130000 1352 1353 1354 1355 
 1773 0.180000 0.110000 1356 1357 1520 1521 
 1774 0.190000 0.110000 1356 1357 1358 1359 
 1775 0.040000 0.130000 1360 1361 1368 1369 
 1776 0.050000 0.130000 1360 1361 1362 1363 
 1777 0.810000 0.140000 1364 1365 1438 1439 
 1778 0.800000 0.130000 1365 1366 1617 1618 
 1779 0.810000 0.130000 1364 1365 1366 1367 
 1780 0.030000 0.140000 1369 1370 1922 1923 
 1781 0.020000 0.130000 1370 1371 1944 1945 
 1782 0.030000 0.130000 1368 1369 1370 1371 
 1783 0.590000 0.070000 1372 1373 1374 1375 
 1784 0.190000 0.160000 1377 1378 1597 1598 
 1785 0.180000 0.150000 1378 1379 1548 1549 
 1786 0.190000 0.150000 1376 1377 1378 1379 
 1787 0.890000 0.180000 1380 1381 1573 1574 
 1788 0.880000 0.170000 1381 1382 1760 1761 
 1789 0.900000 0.170000 1380 1383 1812 1815 
 1790 0.890000 0.170000 1380 1381 1382 1383 
 1791 0.940000 0.190000 1384 1385 1956 1959 
 1792 0.920000 0.190000 1386 1387 1420 1423 
 1793 0.930000 0.190000 1384 1385 1386 1387 
 1794 0.110000 0.180000 1389 1390 1824 1825 
 1795 0.120000 0.190000 1390 1391 1776 1777 
 1796 0.110000 0.190000 1388 1389 1390 1391 
 1797 0.240000 0.070000 1392 1393 1508 1509 
 1798 0.230000 0.060000 1392 1395 1396 1399 
 1799 0.230000 0.070000 1392 1393 1394 1395 
 1800 0.230000 0.050000 1396 1397 1398 1399 
 1801 0.610000 0.160000 1402 1403 1840 1841 
 1802 0.600000 0.150000 1400 1403 1448 1451 
 1803 0.610000 0.150000 1400 1401 1402 1403 
 1804 0.920000 0.110000 1404 1405 1528 1531 
 1805 0.940000 0.110000 1406 1407 1534 1535 
 1806 0.930000 0.110000 1404 1405 1406 1407 
 1807 0.960000 0.070000 1408 1409 1970 1971 
 1808 0.950000 0.070000 1408 1409 1410 1411 
 1809 0.660000 0.150000 1414 1415 1888 1891 
 1810 0.650000 0.160000 1412 1415 1885 1886 
 1811 0.650000 0.150000 1412 1413 1414 1415 
 1812 0.550000 0.040000 1416 1417 1710 1711 
 1813 0.560000 0.050000 1417 1418 1576 1579 
 1814 0.540000 0.050000 1416 1419 1553 1554 
 1815 0.550000 0.050000 1416 1417 1418 1419 
 1816 0.900000 0.190000 1421 1422 1574 1575 
 1817 0.910000 0.180000 1422 1423 1814 1815 
 1818 0.910000 0.190000 1420 1421 1422 1423 
 1819 0.110000 0.140000 1424 1425 1502 1503 
 1820 0.110000 0.160000 1426 1427 1826 1827 
 1821 0.110000 0.150000 1424 1425 1426 1427 
 1822 0.300000 0.070000 1428 1429 1712 1713 
 1823 0.290000 0.080000 1429 1430 1657 1658 
 1824 0.280000 0.070000 1430 1431 1461 1462 
 1825 0.290000 0.060000 1428 1431 1516 1519 
 1826 0.290000 0.070000 1428 1429 1430 1431 
 1827 0.630000 0.130000 1432 1433 1434 1435 
 1828 0.810000 0.160000 1436 1437 1466 1467 
 1829 0.800000 0.150000 1437 1438 1633 1634 
 1830 0.810000 0.150000 1436 1437 1438 1439 
 1831 0.560000 0.090000 1440 1443 1556 1557 
 1832 0.570000 0.090000 1440 1441 1442 1443 
 1833 0.140000 0.130000 1444 1445 1496 1497 
 1834 0.150000 0.130000 1444 1445 1446 1447 
 1835 0.590000 0.150000 1448 1449 1450 1451 
 1836 0.690000 0.130000 1452 1453 1454 1455 
 1837 0.070000 0.100000 1457 1458 1469 1470 
 1838 0.060000 0.090000 1458 1459 1474 1475 
 1839 0.070000 0.090000 1456 1457 1458 1459 
 1840 0.270000 0.060000 1460 1461 1588 1589 
 1841 0.260000 0.070000 1460 1463 1510 1511 
 1842 0.270000 0.070000 1460 1461 1462 1463 
 1843 0.810000 0.180000 1464 1465 1913 1914 
 1844 0.800000 0.170000 1465 1466 1661 1662 
 1845 0.810000 0.170000 1464 1465 1466 1467 
 1846 0.070000 0.110000 1468 1469 1470 1471 
 1847 0.050000 0.090000 1472 1473 1474 1475 
 1848 0.420000 0.010000 1477 1478 1870 1871 
 1849 0.410000 0.020000 1478 1479 1606 1607 
 1850 0.410000 0.010000 1476 1477 1478 1479 
 1851 0.910000 0.160000 1480 1481 1812 1813 
 1852 0.910000 0.150000 1480 1481 1482 1483 
 1853 0.890000 0.120000 1484 1485 1494 1495 
 1854 0.900000 0.110000 1484 1487 1529 1530 
 1855 0.890000 0.110000 1484 1485 1486 1487 
 1856 0.300000 0.030000 1488 1489 1626 1627 
 1857 0.290000 0.040000 1489 1490 1517 1518 
 1858 0.280000 0.030000 1490 1491 1565 1566 
 1859 0.290000 0.030000 1488 1489 1490 1491 
 1860 0.890000 0.130000 1492 1493 1494 1495 
 1861 0.120000 0.130000 1498 1499 1501 1502 
 1862 0.130000 0.130000 1496 1497 1498 1499 
 1863 0.110000 0.120000 1500 1501 1740 1741 
 1864 0.110000 0.130000 1500 1501 1502 1503 
 1865 0.980000 0.030000 1505 1506 1652 1655 
 1866 0.970000 0.030000 1504 1505 1506 1507 
 1867 0.250000 0.070000 1508 1509 1510 1511 
 1868 0.540000 0.090000 1514 1515 1558 1559 
 1869 0.530000 0.090000 1512 1513 1514 1515 
 1870 0.280000 0.050000 1516 1517 1588 1591 
 1871 0.300000 0.050000 1518 1519 1698 1699 
 1872 0.290000 0.050000 1516 1517 1518 1519 
 1873 0.170000 0.110000 1520 1521 1522 1523 
 1874 0.500000 0.010000 1524 1525 1720 1723 
 1875 0.520000 0.010000 1526 1527 1766 1767 
 1876 0.510000 0.010000 1524 1525 1526 1527 
 1877 0.910000 0.110000 1528 1529 1530 1531 
 1878 0.950000 0.110000 1532 1533 1534 1535 
 1879 0.160000 0.190000 1536 1537 1744 1747 
 1880 0.140000 0.190000 1538 1539 1778 1779 
 1881 0.150000 0.190000 1536 1537 1538 1539 
 1882 0.490000 0.060000 1542 1543 1784 1785 
 1883 0.490000 0.070000 1540 1541 1542 1543 
 1884 0.410000 0.040000 1544 1545 1604 1605 
 1885 0.420000 0.050000 1545 1546 1872 1875 
 1886 0.410000 0.060000 1546 1547 1678 1679 
 1887 0.400000 0.050000 1544 1547 1672 1675 
 1888 0.410000 0.050000 1544 1545 1546 1547 
 1889 0.170000 0.150000 1548 1549 1550 1551 
 1890 0.530000 0.040000 1552 1553 1726 1727 
 1891 0.520000 0.050000 1552 1555 1602 1603 
 1892 0.530000 0.050000 1552 1553 1554 1555 
 1893 0.550000 0.090000 1556 1557 1558 1559 
 1894 0.560000 0.010000 1560 1561 1932 1935 
 1895 0.550000 0.020000 1561 1562 1708 1709 
 1896 0.540000 0.010000 1562 1563 1764 1765 
 1897 0.550000 0.010000 1560 1561 1562 1563 
 1898 0.270000 0.040000 1566 1567 1590 1591 
 1899 0.270000 0.030000 1564 1565 1566 1567 
 1900 0.490000 0.040000 1568 1569 1786 1787 
 1901 0.480000 0.030000 1569 1570 1666 1667 
 1902 0.490000 0.020000 1570 1571 1720 1721 
 1903 0.490000 0.030000 1568 1569 1570 1571 
 1904 0.880000 0.190000 1572 1573 1902 1903 
 1905 0.890000 0.190000 1572 1573 1574 1575 
 1906 0.570000 0.040000 1576 1577 1948 1949 
 1907 0.570000 0.050000 1576 1577 1578 1579 
 1908 0.430000 0.060000 1580 1581 1874 1875 
 1909 0.440000 0.070000 1581 1582 1865 1866 
 1910 0.420000 0.070000 1580 1583 1676 1679 
 1911 0.430000 0.070000 1580 1581 1582 1583 
 1912 0.670000 0.110000 1584 1585 1586 1587 
 1913 0.270000 0.050000 1588 1589 1590 1591 
 1914 0.750000 0.120000 1592 1593 1738 1739 
 1915 0.750000 0.140000 1594 1595 1732 1733 
 1916 0.750000 0.130000 1592 1593 1594 1595 
 1917 0.190000 0.180000 1596 1599 1748 1751 
 1918 0.190000 0.170000 1596 1597 1598 1599 
 1919 0.500000 0.050000 1600 1601 1784 1787 
 1920 0.510000 0.050000 1600 1601 1602 1603 
 1921 0.400000 0.030000 1605 1606 1769 1770 
 1922 0.420000 0.030000 1604 1607 1916 1919 
 1923 0.410000 0.030000 1604 1605 1606 1607 
 1924 0.320000 0.030000 1608 1609 1624 1625 
 1925 0.340000 0.030000 1610 1611 1644 1645 
 1926 0.330000 0.030000 1608 1609 1610 1611 
 1927 0.750000 0.160000 1612 1613 1734 1735 
 1928 0.750000 0.180000 1614 1615 1640 1641 
 1929 0.750000 0.170000 1612 1613 1614 1615 
 1930 0.790000 0.120000 1616 1617 1670 1671 
 1931 0.790000 0.140000 1618 1619 1632 1633 
 1932 0.790000 0.130000 1616 1617 1618 1619 
 1933 0.790000 0.180000 1620 1621 1662 1663 
 1934 0.800000 0.190000 1621 1622 1912 1913 
 1935 0.780000 0.190000 1620 1623 1684 1685 
 1936 0.790000 0.190000 1620 1621 1622 1623 
 1937 0.310000 0.040000 1625 1626 1696 1699 
 1938 0.310000 0.030000 1624 1625 1626 1627 
 1939 0.840000 0.190000 1628 1629 1648 1651 
 1940 0.820000 0.190000 1630 1631 1914 1915 
 1941 0.830000 0.190000 1628 1629 1630 1631 
 1942 0.790000 0.160000 1634 1635 1660 1661 
 1943 0.790000 0.150000 1632 1633 1634 1635 
 1944 0.710000 0.160000 1638 1639 1800 1801 
 1945 0.710000 0.150000 1636 1637 1638 1639 
 1946 0.760000 0.190000 1641 1642 1686 1687 
 1947 0.740000 0.190000 1640 1643 1704 1705 
 1948 0.750000 0.190000 1640 1641 1642 1643 
 1949 0.350000 0.020000 1645 1646 1832 1835 
 1950 0.360000 0.030000 1646 1647 1820 1823 
 1951 0.350000 0.040000 1644 1647 1805 1806 
 1952 0.350000 0.030000 1644 1645 1646 1647 
 1953 0.850000 0.180000 1648 1649 1830 1831 
 1954 0.860000 0.190000 1649 1650 1900 1901 
 1955 0.850000 0.190000 1648 1649 1650 1651 
 1956 0.990000 0.040000 1654 1655 1978 1979 
 1957 0.990000 0.030000 1652 1653 1654 1655 
 1958 0.290000 0.090000 1656 1657 1658 1659 
 1959 0.790000 0.170000 1660 1661 1662 1663 
 1960 0.460000 0.030000 1664 1665 1908 1911 
 1961 0.470000 0.020000 1665 1666 1728 1731 
 1962 0.470000 0.040000 1664 1667 1845 1846 
 1963 0.470000 0.030000 1664 1665 1666 1667 
 1964 0.790000 0.110000 1668 1669 1670 1671 
 1965 0.390000 0.060000 1672 1673 1860 1861 
 1966 0.380000 0.050000 1673 1674 1849 1850 
 1967 0.390000 0.040000 1674 1675 1770 1771 
 1968 0.390000 0.050000 1672 1673 1674 1675 
 1969 0.400000 0.070000 1677 1678 1861 1862 
 1970 0.410000 0.070000 1676 1677 1678 1679 
 1971 0.970000 0.080000 1680 1683 1969 1970 
 1972 0.970000 0.090000 1680 1681 1682 1683 
 1973 0.770000 0.190000 1684 1685 1686 1687 
 1974 0.670000 0.160000 1688 1689 1890 1891 
 1975 0.670000 0.180000 1690 1691 1788 1789 
 1976 0.660000 0.170000 1688 1691 1886 1887 
 1977 0.670000 0.170000 1688 1689 1690 1691 
 1978 0.710000 0.180000 1692 1693 1802 1803 
 1979 0.720000 0.190000 1693 1694 1706 1707 
 1980 0.700000 0.190000 1692 1695 1808 1809 
 1981 0.710000 0.190000 1692 1693 1694 1695 
 1982 0.310000 0.060000 1697 1698 1713 1714 
 1983 0.310000 0.050000 1696 1697 1698 1699 
 1984 0.450000 0.020000 1700 1701 1910 1911 
 1985 0.440000 0.010000 1701 1702 1868 1869 
 1986 0.460000 0.010000 1700 1703 1728 1729 
 1987 0.450000 0.010000 1700 1701 1702 1703 
 1988 0.730000 0.190000 1704 1705 1706 1707 
 1989 0.560000 0.030000 1709 1710 1949 1950 
 1990 0.540000 0.030000 1708 1711 1725 1726 
 1991 0.550000 0.030000 1708 1709 1710 1711 
 1992 0.320000 0.070000 1714 1715 1894 1895 
 1993 0.310000 0.070000 1712 1713 1714 1715 
 1994 0.870000 0.160000 1717 1718 1760 1763 
 1995 0.860000 0.150000 1718 1719 1781 1782 
 1996 0.870000 0.150000 1716 1717 1718 1719 
 1997 0.480000 0.010000 1721 1722 1730 1731 
 1998 0.490000 0.010000 1720 1721 1722 1723 
 1999 0.530000 0.020000 1724 1725 1765 1766 
 2000 0.530000 0.030000 1724 1725 1726 1727 
 2001 0.470000 0.010000 1728 1729 1730 1731 
 2002 0.750000 0.150000 1732 1733 1734 1735 
 2003 0.750000 0.110000 1736 1737 1738 1739 
 2004 0.110000 0.110000 1740 1741 1742 1743 
 2005 0.180000 0.190000 1745 1746 1750 1751 
 2006 0.170000 0.190000 1744 1745 1746 1747 
 2007 0.190000 0.190000 1748 1749 1750 1751 
 2008 0.370000 0.080000 1752 1753 1774 1775 
 2009 0.360000 0.070000 1753 1754 1818 1819 
 2010 0.370000 0.060000 1754 1755 1850 1851 
 2011 0.380000 0.070000 1752 1755 1860 1863 
 2012 0.370000 0.070000 1752 1753 1754 1755 
 2013 0.020000 0.170000 1757 1758 1997 1998 
 2014 0.030000 0.160000 1758 1759 1920 1921 
 2015 0.030000 0.170000 1756 1757 1758 1759 
 2016 0.870000 0.180000 1761 1762 1901 1902 
 2017 0.860000 0.170000 1762 1763 1829 1830 
 2018 0.870000 0.170000 1760 1761 1762 1763 
 2019 0.530000 0.010000 1764 1765 1766 1767 
 2020 0.380000 0.030000 1768 1771 1821 1822 
 2021 0.390000 0.030000 1768 1769 1770 1771 
 2022 0.370000 0.090000 1772 1773 1774 1775 
 2023 0.130000 0.180000 1777 1778 1905 1906 
 2024 0.130000 0.190000 1776 1777 1778 1779 
 2025 0.850000 0.140000 1780 1781 1798 1799 
 2026 0.850000 0.160000 1782 1783 1828 1829 
 2027 0.850000 0.150000 1780 1781 1782 1783 
 2028 0.480000 0.050000 1785 1786 1846 1847 
 2029 0.490000 0.050000 1784 1785 1786 1787 
 2030 0.680000 0.190000 1789 1790 1810 1811 
 2031 0.660000 0.190000 1788 1791 1856 1857 
 2032 0.670000 0.190000 1788 1789 1790 1791 
 2033 0.850000 0.120000 1794 1795 1796 1797 
 2034 0.850000 0.110000 1792 1793 1794 1795 
 2035 0.850000 0.130000 1796 1797 1798 1799 
 2036 0.710000 0.170000 1800 1801 1802 1803 
 2037 0.360000 0.050000 1806 1807 1848 1851 
 2038 0.350000 0.060000 1804 1807 1817 1818 
 2039 0.350000 0.050000 1804 1805 1806 1807 
 2040 0.690000 0.190000 1808 1809 1810 1811 
 2041 0.910000 0.170000 1812 1813 1814 1815 
 2042 0.340000 0.070000 1816 1817 1892 1893 
 2043 0.350000 0.070000 1816 1817 1818 1819 
 2044 0.370000 0.040000 1822 1823 1848 1849 
 2045 0.370000 0.030000 1820 1821 1822 1823 
 2046 0.120000 0.170000 1824 1827 1906 1907 
 2047 0.110000 0.170000 1824 1825 1826 1827 
 2048 0.850000 0.170000 1828 1829 1830 1831 
 2049 0.350000 0.010000 1832 1833 1834 1835 
 2050 0.060000 0.010000 1837 1838 1940 1941 
 2051 0.050000 0.020000 1838 1839 1930 1931 
 2052 0.040000 0.010000 1836 1839 1878 1879 
 2053 0.050000 0.010000 1836 1837 1838 1839 
 2054 0.610000 0.180000 1842 1843 1898 1899 
 2055 0.610000 0.170000 1840 1841 1842 1843 
 2056 0.460000 0.050000 1844 1845 1880 1883 
 2057 0.470000 0.050000 1844 1845 1846 1847 
 2058 0.370000 0.050000 1848 1849 1850 1851 
 2059 0.640000 0.190000 1853 1854 1858 1859 
 2060 0.620000 0.190000 1852 1855 1896 1899 
 2061 0.630000 0.190000 1852 1853 1854 1855 
 2062 0.650000 0.180000 1856 1859 1884 1887 
 2063 0.650000 0.190000 1856 1857 1858 1859 
 2064 0.390000 0.070000 1860 1861 1862 1863 
 2065 0.450000 0.060000 1866 1867 1880 1881 
 2066 0.450000 0.070000 1864 1865 1866 1867 
 2067 0.430000 0.020000 1869 1870 1916 1917 
 2068 0.430000 0.010000 1868 1869 1870 1871 
 2069 0.430000 0.040000 1872 1873 1918 1919 
 2070 0.440000 0.050000 1873 1874 1881 1882 
 2071 0.430000 0.050000 1872 1873 1874 1875 
 2072 0.020000 0.010000 1876 1877 1926 1927 
 2073 0.030000 0.020000 1876 1879 1988 1989 
 2074 0.030000 0.010000 1876 1877 1878 1879 
 2075 0.450000 0.040000 1882 1883 1908 1909 
 2076 0.450000 0.050000 1880 1881 1882 1883 
 2077 0.650000 0.170000 1884 1885 1886 1887 
 2078 0.670000 0.150000 1888 1889 1890 1891 
 2079 0.330000 0.070000 1892 1893 1894 1895 
 2080 0.610000 0.190000 1896 1897 1898 1899 
 2081 0.870000 0.190000 1900 1901 1902 1903 
 2082 0.130000 0.170000 1904 1905 1906 1907 
 2083 0.440000 0.030000 1909 1910 1917 1918 
 2084 0.450000 0.030000 1908 1909 1910 1911 
 2085 0.810000 0.190000 1912 1913 1914 1915 
 2086 0.430000 0.030000 1916 1917 1918 1919 
 2087 0.020000 0.150000 1921 1922 1985 1986 
 2088 0.030000 0.150000 1920 1921 1922 1923 
 2089 0.010000 0.010000 1924 1925 1926 1927 
 2090 0.040000 0.030000 1929 1930 1989 1990 
 2091 0.050000 0.030000 1928 1929 1930 1931 
 2092 0.580000 0.010000 1933 1934 1964 1967 
 2093 0.570000 0.020000 1934 1935 1950 1951 
 2094 0.570000 0.010000 1932 1933 1934 1935 
 2095 0.980000 0.070000 1936 1937 1968 1969 
 2096 0.990000 0.060000 1937 1938 1976 1977 
 2097 0.990000 0.070000 1936 1937 1938 1939 
 2098 0.080000 0.010000 1942 1943 1972 1975 
 2099 0.070000 0.010000 1940 1941 1942 1943 
 2100 0.010000 0.140000 1945 1946 1984 1985 
 2101 0.010000 0.130000 1944 1945 1946 1947 
 2102 0.580000 0.030000 1948 1951 1981 1982 
 2103 0.570000 0.030000 1948 1949 1950 1951 
 2104 0.960000 0.190000 1954 1955 1957 1958 
 2105 0.970000 0.190000 1952 1953 1954 1955 
 2106 0.950000 0.190000 1956 1957 1958 1959 
 2107 0.010000 0.180000 1962 1963 1998 1999 
 2108 0.010000 0.190000 1960 1961 1962 1963 
 2109 0.590000 0.020000 1966 1967 1982 1983 
 2110 0.590000 0.010000 1964 1965 1966 1967 
 2111 0.970000 0.070000 1968 1969 1970 1971 
 2112 0.090000 0.020000 1974 1975 1994 1995 
 2113 0.090000 0.010000 1972 1973 1974 1975 
 2114 0.990000 0.050000 1976 1977 1978 1979 
 2115 0.590000 0.030000 1980 1981 1982 1983 
 2116 0.010000 0.160000 1986 1987 1996 1997 
 2117 0.010000 0.150000 1984 1985 1986 1987 
 2118 0.030000 0.030000 1988 1989 1990 1991 
 2119 0.090000 0.030000 1992 1993 1994 1995 
 2120 0.010000 0.170000 1996 1997 1998 1999 
 