550 0 1
 551 0 1
 558 0 1
 559 0 1
 562 0 3
 563 0 3
 566 0 1
 567 0 1
 570 0 1
 571 0 1
 583 2 1
 584 2 1
 594 0 3
 595 0 3
 598 0 3
 599 0 3
 618 0 1
 619 0 1
 650 0 1
 651 0 1
 654 0 3
 655 0 3
 658 0 1
 659 0 1
 664 0 3
 665 0 3
 668 0 1
 669 0 1
 680 0 3
 681 0 3
 693 0 1
 694 0 1
 697 0 1
 698 0 1
 701 0 3
 702 0 3
 705 0 3
 706 0 3
 721 0 3
 722 0 3
 725 0 1
 726 0 1
 821 0 1
 822 0 1
 845 0 3
 846 0 3
 863 0 1
 864 0 1
 871 2 1
 872 2 1
 876 2 3
 877 2 3
 899 2 3
 900 2 3
 905 0 1
 906 0 1
 913 2 1
 914 2 1
 917 2 3
 918 2 3
 920 1 1
 921 1 1
 921 0 3
 922 0 3
 933 2 1
 934 2 1
 964 0 3
 965 0 3
 968 0 3
 969 0 3
 985 2 3
 986 2 3
 1011 2 3
 1012 2 3
 1047 1 3
 1049 0 1
 1050 0 1
 1050 1 3
 1052 0 3
 1053 0 3
 1056 1 3
 1057 1 3
 1061 1 1
 1062 1 1
 1084 1 1
 1085 1 1
 1103 1 1
 1104 1 1
 1108 1 1
 1109 1 1
 1122 0 3
 1125 0 3
 1141 2 1
 1142 2 1
 1149 2 1
 1150 2 1
 1152 2 3
 1154 0 1
 1155 0 1
 1155 2 3
 1168 2 1
 1169 2 1
 1169 0 3
 1170 0 3
 1224 0 1
 1226 0 3
 1229 0 3
 1237 0 3
 1238 0 3
 1245 2 3
 1246 2 3
 1257 0 3
 1258 0 3
 1284 0 1
 1287 2 3
 1288 2 3
 1300 0 1
 1303 0 1
 1318 2 3
 1319 2 3
 1325 2 3
 1326 2 3
 1358 2 3
 1359 2 3
 1363 2 3
 1364 2 3
 1365 0 1
 1368 0 1
 1374 0 1
 1375 0 1
 1388 0 3
 1391 0 3
 1396 0 1
 1399 0 1
 1446 2 3
 1449 2 3
 2589 1 1
 2591 1 1
 2641 1 3
 2642 1 3
 2645 1 3
 2646 1 3
 2697 1 1
 2699 1 1
 2701 1 1
 2703 1 1
 4445 0 3
 4446 0 3
 4449 0 3
 4450 0 3
 4533 0 3
 4534 0 3
 4537 0 3
 4538 0 3
 5309 0 1
 5311 0 1
 5321 0 1
 5323 0 1
 6809 1 1
 6811 1 1
 6905 3 1
 6907 3 1
 8105 3 3
 8106 3 3
 8109 3 3
 8110 3 3
 8121 3 3
 8122 3 3
 8125 3 3
 8126 3 3
 8433 1 1
 8435 1 1
 8441 1 1
 8443 1 1
 10865 3 3
 10866 3 3
 10869 3 3
 10870 3 3
 10881 3 3
 10882 3 3
 10885 3 3
 10886 3 3
 10929 3 3
 10930 3 3
 10933 3 3
 10934 3 3
 10945 3 3
 10946 3 3
 10949 3 3
 10950 3 3
 17169 1 1
 17171 1 1
 17177 1 1
 17179 1 1
 17201 1 1
 17203 1 1
 17209 1 1
 17211 1 1
 17233 1 1
 17235 1 1
 17241 1 1
 17243 1 1
 17265 1 1
 17267 1 1
 17273 1 1
 17275 1 1
 17457 1 1
 17459 1 1
 17465 1 1
 17467 1 1
 17489 1 1
 17491 1 1
 17497 1 1
 17499 1 1
 17521 1 1
 17523 1 1
 17529 1 1
 17531 1 1
 18865 3 3
 18866 3 3
 18869 3 3
 18870 3 3
 18881 3 3
 18882 3 3
 18885 3 3
 18886 3 3
 18929 3 3
 18930 3 3
 18933 3 3
 18934 3 3
 18945 3 3
 18946 3 3
 18949 3 3
 18950 3 3
 19137 3 1
 19139 3 1
 19145 3 1
 19147 3 1
 19153 3 1
 19155 3 1
 19161 3 1
 19163 3 1
 19185 3 1
 19187 3 1
 19193 3 1
 19195 3 1
 20139 3 4
 20140 3 4
 20143 3 4
 20144 3 4
 20155 3 4
 20156 3 4
 20159 3 4
 20160 3 4
 20203 3 4
 20204 3 4
 20207 3 4
 20208 3 4
 20219 3 4
 20220 3 4
 20223 3 4
 20224 3 4
 20225 3 3
 20226 3 3
 20229 3 3
 20230 3 3
 20241 3 3
 20242 3 3
 20245 3 3
 20246 3 3
 20289 3 3
 20290 3 3
 20293 3 3
 20294 3 3
 20305 3 3
 20306 3 3
 20309 3 3
 20310 3 3
 20753 3 1
 20755 3 1
 20761 3 1
 20763 3 1
 20785 3 1
 20787 3 1
 20793 3 1
 20795 3 1
 20881 3 1
 20883 3 1
 20889 3 1
 20891 3 1
 20913 3 1
 20915 3 1
 20921 3 1
 20923 3 1
 22609 3 1
 22611 3 1
 22617 3 1
 22619 3 1
 22641 3 1
 22643 3 1
 22649 3 1
 22651 3 1
 22769 3 1
 22771 3 1
 22777 3 1
 22779 3 1
 22801 3 1
 22803 3 1
 22809 3 1
 22811 3 1
 