243 3 3
 244 3 3
 1110 0 1
 1111 0 1
 1118 0 1
 1119 0 1
 1122 0 3
 1123 0 3
 1126 0 1
 1127 0 1
 1134 0 1
 1135 0 1
 1151 2 1
 1152 2 1
 1170 0 3
 1171 0 3
 1174 0 3
 1175 0 3
 1214 0 1
 1215 0 1
 1250 0 1
 1251 0 1
 1254 0 3
 1255 0 3
 1258 0 1
 1259 0 1
 1266 0 3
 1267 0 3
 1270 0 1
 1271 0 1
 1282 0 3
 1283 0 3
 1314 0 1
 1315 0 1
 1318 0 1
 1319 0 1
 1322 0 3
 1323 0 3
 1326 0 3
 1327 0 3
 1354 0 3
 1355 0 3
 1362 0 1
 1363 0 1
 1494 0 1
 1495 0 1
 1530 0 3
 1531 0 3
 1554 0 1
 1555 0 1
 1566 2 1
 1567 2 1
 1571 2 3
 1572 2 3
 1575 1 1
 1576 1 1
 1578 1 1
 1579 1 1
 1614 2 3
 1615 2 3
 1630 0 1
 1631 0 1
 1638 2 1
 1639 2 1
 1642 2 3
 1643 2 3
 1645 1 1
 1646 1 1
 1646 0 3
 1647 0 3
 1662 2 1
 1663 2 1
 1698 1 3
 1699 1 3
 1710 0 3
 1711 0 3
 1714 0 3
 1715 0 3
 1734 2 3
 1735 2 3
 1750 1 1
 1751 1 1
 1782 2 3
 1783 2 3
 1826 1 1
 1827 1 1
 1845 1 3
 1847 0 1
 1848 0 1
 1848 1 3
 1850 0 3
 1851 0 3
 1854 1 3
 1855 1 3
 1859 1 1
 1860 1 1
 1882 1 1
 1883 1 1
 1890 0 3
 1891 0 3
 1906 1 1
 1907 1 1
 1911 1 1
 1912 1 1
 1925 0 3
 1928 0 3
 1954 2 1
 1955 2 1
 1962 2 1
 1963 2 1
 1969 2 3
 1971 0 1
 1972 0 1
 1972 2 3
 1989 2 1
 1990 2 1
 1990 0 3
 1991 0 3
 2062 0 1
 2063 0 1
 2065 0 3
 2068 0 3
 2086 0 3
 2087 0 3
 2094 2 3
 2095 2 3
 2110 0 3
 2111 0 3
 2137 0 1
 2138 0 1
 2142 2 3
 2143 2 3
 2162 0 3
 2163 0 3
 2169 0 1
 2172 0 1
 2195 2 3
 2196 2 3
 2210 2 3
 2211 2 3
 2250 2 3
 2251 2 3
 2255 2 3
 2256 2 3
 2257 3 3
 2258 3 3
 2263 3 1
 2264 3 1
 2265 0 1
 2268 0 1
 2274 0 1
 2275 0 1
 2297 0 3
 2300 0 3
 2305 0 1
 2308 0 1
 2377 2 3
 2380 2 3
 2523 3 4
 2524 3 4
 2542 3 3
 2543 3 3
 2697 3 1
 2700 3 1
 2841 3 1
 2844 3 1
 2866 3 3
 2867 3 3
 