217 3 4
 218 3 4
 1234 0 3
 1235 0 3
 1238 0 3
 1239 0 3
 1242 0 1
 1243 0 1
 1246 0 3
 1247 0 3
 1262 0 3
 1263 0 3
 1271 2 1
 1272 2 1
 1294 0 1
 1295 0 1
 1302 0 3
 1303 0 3
 1350 0 3
 1351 0 3
 1386 0 3
 1387 0 3
 1390 0 1
 1391 0 1
 1394 0 3
 1395 0 3
 1398 0 3
 1399 0 3
 1406 0 3
 1407 0 3
 1422 0 1
 1423 0 1
 1430 0 3
 1431 0 3
 1434 0 3
 1435 0 3
 1442 0 1
 1443 0 1
 1450 0 3
 1451 0 3
 1490 0 1
 1491 0 1
 1494 0 3
 1495 0 3
 1654 0 1
 1655 0 1
 1674 0 3
 1675 0 3
 1698 0 1
 1699 0 1
 1714 2 3
 1715 2 3
 1719 2 3
 1720 2 3
 1722 2 3
 1723 2 3
 1727 1 1
 1728 1 1
 1730 1 1
 1731 1 1
 1738 2 3
 1739 2 3
 1762 2 1
 1763 2 1
 1766 2 3
 1767 2 3
 1794 0 3
 1795 0 3
 1817 1 1
 1818 1 1
 1818 0 3
 1819 0 3
 1838 2 3
 1839 2 3
 1858 1 3
 1859 1 3
 1874 0 1
 1875 0 1
 1882 0 1
 1883 0 1
 1898 0 1
 1899 0 1
 1922 1 3
 1923 1 3
 1942 2 1
 1943 2 1
 1947 2 3
 1948 2 3
 2006 1 1
 2007 1 1
 2042 0 1
 2043 0 1
 2045 1 3
 2047 0 1
 2048 0 1
 2048 1 3
 2054 1 3
 2055 1 3
 2059 1 3
 2060 1 3
 2074 1 1
 2075 1 1
 2086 0 1
 2087 0 1
 2106 1 1
 2107 1 1
 2111 1 3
 2112 1 3
 2178 2 1
 2179 2 1
 2197 2 3
 2199 0 1
 2200 0 1
 2200 2 3
 2206 2 1
 2207 2 1
 2241 2 1
 2242 2 1
 2242 0 3
 2243 0 3
 2269 0 3
 2272 0 3
 2306 0 3
 2307 0 3
 2309 0 3
 2312 0 3
 2342 0 3
 2343 0 3
 2354 2 3
 2355 2 3
 2390 0 1
 2391 0 1
 2429 0 1
 2432 0 1
 2438 2 1
 2439 2 1
 2454 0 1
 2455 0 1
 2498 2 3
 2499 2 3
 2534 2 3
 2535 2 3
 2539 2 1
 2540 2 1
 2573 0 1
 2576 0 1
 2586 0 1
 2587 0 1
 2625 0 3
 2628 0 3
 2653 0 1
 2656 0 1
 2657 3 4
 2658 3 4
 2753 2 3
 2756 2 3
 2786 0 2
 2787 0 2
 2811 3 4
 2812 3 4
 2979 3 4
 2980 3 4
 2985 3 4
 2988 3 4
 2997 0 2
 2998 0 2
 3003 0 3
 3004 0 3
 3013 0 2
 3016 0 2
 3165 0 3
 3166 0 3
 3185 0 1
 3188 0 1
 3197 3 4
 3198 3 4
 3221 3 4
 3224 3 4
 3229 0 1
 3232 0 1
 3265 3 4
 3266 3 4
 3273 0 4
 3274 0 4
 