828 0 3
 829 0 3
 832 0 3
 833 0 3
 836 0 1
 837 0 1
 840 0 3
 841 0 3
 856 0 3
 857 0 3
 865 2 1
 866 2 1
 880 0 1
 881 0 1
 888 0 3
 889 0 3
 920 0 3
 921 0 3
 931 0 3
 932 0 3
 935 0 1
 936 0 1
 939 0 3
 940 0 3
 943 0 3
 944 0 3
 951 0 3
 952 0 3
 967 0 1
 968 0 1
 975 0 3
 976 0 3
 979 0 3
 980 0 3
 987 0 1
 988 0 1
 995 0 3
 996 0 3
 1027 0 1
 1028 0 1
 1031 0 3
 1032 0 3
 1146 0 1
 1147 0 1
 1162 0 3
 1163 0 3
 1182 0 1
 1183 0 1
 1190 2 3
 1191 2 3
 1195 2 3
 1196 2 3
 1198 2 3
 1199 2 3
 1206 2 3
 1207 2 3
 1222 2 1
 1223 2 1
 1226 2 3
 1227 2 3
 1243 0 3
 1244 0 3
 1262 1 1
 1263 1 1
 1263 0 3
 1264 0 3
 1275 2 3
 1276 2 3
 1307 0 1
 1308 0 1
 1315 0 1
 1316 0 1
 1329 0 1
 1330 0 1
 1361 2 1
 1362 2 1
 1366 2 3
 1367 2 3
 1433 0 1
 1434 0 1
 1436 1 3
 1438 0 1
 1439 0 1
 1439 1 3
 1441 1 3
 1442 1 3
 1446 1 3
 1447 1 3
 1469 0 1
 1470 0 1
 1481 1 1
 1482 1 1
 1486 1 3
 1487 1 3
 1537 2 1
 1538 2 1
 1556 2 3
 1558 0 1
 1559 0 1
 1559 2 3
 1565 2 1
 1566 2 1
 1587 2 1
 1588 2 1
 1588 0 3
 1589 0 3
 1611 0 3
 1614 0 3
 1648 0 3
 1649 0 3
 1651 0 3
 1654 0 3
 1677 0 3
 1678 0 3
 1689 2 3
 1690 2 3
 1719 0 1
 1720 0 1
 1758 0 1
 1761 0 1
 1763 2 1
 1764 2 1
 1775 0 1
 1776 0 1
 1800 2 3
 1801 2 3
 1836 2 3
 1837 2 3
 1841 2 1
 1842 2 1
 1875 0 1
 1878 0 1
 1887 0 1
 1888 0 1
 1922 0 3
 1925 0 3
 1946 0 1
 1949 0 1
 2014 2 3
 2017 2 3
 2714 3 4
 2715 3 4
 2718 3 4
 2719 3 4
 4496 1 1
 4498 1 1
 4500 1 1
 4502 1 1
 4508 1 1
 4510 1 1
 4512 1 1
 4514 1 1
 4648 1 3
 4649 1 3
 4652 1 3
 4653 1 3
 4680 1 3
 4681 1 3
 4684 1 3
 4685 1 3
 4768 1 1
 4770 1 1
 4772 1 1
 4774 1 1
 4848 1 1
 4850 1 1
 4852 1 1
 4854 1 1
 5222 3 4
 5223 3 4
 5226 3 4
 5227 3 4
 5385 0 2
 5387 0 2
 5389 0 2
 5391 0 2
 5470 3 4
 5471 3 4
 5474 3 4
 5475 3 4
 5782 3 4
 5783 3 4
 5786 3 4
 5787 3 4
 5806 3 4
 5807 3 4
 5818 3 4
 5819 3 4
 5837 0 2
 5839 0 2
 5841 0 2
 5843 0 2
 5860 0 3
 5861 0 3
 5864 0 3
 5865 0 3
 5869 0 2
 5871 0 2
 5881 0 2
 5883 0 2
 6128 0 3
 6129 0 3
 6132 0 3
 6133 0 3
 6144 0 1
 6146 0 1
 6156 0 1
 6158 0 1
 6186 3 4
 6187 3 4
 6190 3 4
 6191 3 4
 6210 3 4
 6211 3 4
 6222 3 4
 6223 3 4
 6240 0 1
 6242 0 1
 6252 0 1
 6254 0 1
 6310 3 4
 6311 3 4
 6314 3 4
 6315 3 4
 6342 0 4
 6343 0 4
 6346 0 4
 6347 0 4
 