629 0 1
 630 0 1
 637 0 1
 638 0 1
 641 0 3
 642 0 3
 645 0 1
 646 0 1
 649 0 1
 650 0 1
 664 2 1
 665 2 1
 675 0 3
 676 0 3
 679 0 3
 680 0 3
 699 0 1
 700 0 1
 731 0 1
 732 0 1
 735 0 3
 736 0 3
 739 0 1
 740 0 1
 747 0 3
 748 0 3
 751 0 1
 752 0 1
 763 0 3
 764 0 3
 777 0 1
 778 0 1
 781 0 1
 782 0 1
 785 0 3
 786 0 3
 789 0 3
 790 0 3
 809 0 3
 810 0 3
 813 0 1
 814 0 1
 913 0 1
 914 0 1
 937 0 3
 938 0 3
 957 0 1
 958 0 1
 965 2 1
 966 2 1
 970 2 3
 971 2 3
 999 2 3
 1000 2 3
 1007 0 1
 1008 0 1
 1015 2 1
 1016 2 1
 1019 2 3
 1020 2 3
 1022 1 1
 1023 1 1
 1023 0 3
 1024 0 3
 1035 2 1
 1036 2 1
 1070 0 3
 1071 0 3
 1074 0 3
 1075 0 3
 1093 2 3
 1094 2 3
 1120 2 3
 1121 2 3
 1159 1 3
 1161 0 1
 1162 0 1
 1162 1 3
 1164 0 3
 1165 0 3
 1168 1 3
 1169 1 3
 1173 1 1
 1174 1 1
 1196 1 1
 1197 1 1
 1216 1 1
 1217 1 1
 1221 1 1
 1222 1 1
 1235 0 3
 1238 0 3
 1258 2 1
 1259 2 1
 1266 2 1
 1267 2 1
 1269 2 3
 1271 0 1
 1272 0 1
 1272 2 3
 1285 2 1
 1286 2 1
 1286 0 3
 1287 0 3
 1346 0 1
 1347 0 1
 1349 0 3
 1352 0 3
 1362 0 3
 1363 0 3
 1370 2 3
 1371 2 3
 1382 0 3
 1383 0 3
 1409 0 1
 1410 0 1
 1414 2 3
 1415 2 3
 1429 0 1
 1432 0 1
 1447 2 3
 1448 2 3
 1456 2 3
 1457 2 3
 1490 2 3
 1491 2 3
 1495 2 3
 1496 2 3
 1497 0 1
 1500 0 1
 1506 0 1
 1507 0 1
 1523 0 3
 1526 0 3
 1531 0 1
 1534 0 1
 1584 2 3
 1587 2 3
 2794 1 1
 2796 1 1
 2798 1 1
 2800 1 1
 2854 1 3
 2855 1 3
 2858 1 3
 2859 1 3
 2914 1 1
 2916 1 1
 2918 1 1
 2920 1 1
 4694 0 3
 4695 0 3
 4698 0 3
 4699 0 3
 4782 0 3
 4783 0 3
 4786 0 3
 4787 0 3
 5986 3 3
 5987 3 3
 5990 3 3
 5991 3 3
 6002 3 3
 6003 3 3
 6006 3 3
 6007 3 3
 8514 1 1
 8516 1 1
 8522 1 1
 8524 1 1
 8530 1 1
 8532 1 1
 8538 1 1
 8540 1 1
 8626 1 1
 8628 1 1
 8634 1 1
 8636 1 1
 8642 1 1
 8644 1 1
 8650 1 1
 8652 1 1
 9042 3 3
 9043 3 3
 9046 3 3
 9047 3 3
 9058 3 3
 9059 3 3
 9062 3 3
 9063 3 3
 9138 3 1
 9140 3 1
 9146 3 1
 9148 3 1
 9154 3 1
 9156 3 1
 9162 3 1
 9164 3 1
 9628 3 4
 9629 3 4
 9632 3 4
 9633 3 4
 9644 3 4
 9645 3 4
 9648 3 4
 9649 3 4
 9714 3 3
 9715 3 3
 9718 3 3
 9719 3 3
 9730 3 3
 9731 3 3
 9734 3 3
 9735 3 3
 10162 3 1
 10164 3 1
 10170 3 1
 10172 3 1
 10210 3 1
 10212 3 1
 10218 3 1
 10220 3 1
 11154 3 1
 11156 3 1
 11162 3 1
 11164 3 1
 11202 3 1
 11204 3 1
 11210 3 1
 11212 3 1
 11298 3 3
 11299 3 3
 11302 3 3
 11303 3 3
 11314 3 3
 11315 3 3
 11318 3 3
 11319 3 3
 