757 0 1
 758 0 1
 765 0 1
 766 0 1
 769 0 3
 770 0 3
 773 0 1
 774 0 1
 777 0 1
 778 0 1
 794 2 1
 795 2 1
 805 0 3
 806 0 3
 809 0 3
 810 0 3
 834 0 1
 835 0 1
 866 0 1
 867 0 1
 870 0 3
 871 0 3
 874 0 1
 875 0 1
 882 0 3
 883 0 3
 886 0 1
 887 0 1
 898 0 3
 899 0 3
 920 0 1
 921 0 1
 924 0 1
 925 0 1
 928 0 3
 929 0 3
 932 0 3
 933 0 3
 956 0 3
 957 0 3
 960 0 1
 961 0 1
 1066 0 1
 1067 0 1
 1094 0 3
 1095 0 3
 1114 0 1
 1115 0 1
 1122 2 1
 1123 2 1
 1127 2 3
 1128 2 3
 1159 2 3
 1160 2 3
 1171 0 1
 1172 0 1
 1179 2 1
 1180 2 1
 1183 2 3
 1184 2 3
 1186 1 1
 1187 1 1
 1187 0 3
 1188 0 3
 1202 2 1
 1203 2 1
 1238 0 3
 1239 0 3
 1242 0 3
 1243 0 3
 1261 2 3
 1262 2 3
 1296 2 3
 1297 2 3
 1342 1 3
 1344 0 1
 1345 0 1
 1345 1 3
 1347 0 3
 1348 0 3
 1351 1 3
 1352 1 3
 1356 1 1
 1357 1 1
 1379 1 1
 1380 1 1
 1387 0 3
 1388 0 3
 1403 1 1
 1404 1 1
 1408 1 1
 1409 1 1
 1422 0 3
 1425 0 3
 1447 2 1
 1448 2 1
 1455 2 1
 1456 2 1
 1458 2 3
 1460 0 1
 1461 0 1
 1461 2 3
 1474 2 1
 1475 2 1
 1475 0 3
 1476 0 3
 1539 0 1
 1540 0 1
 1542 0 3
 1545 0 3
 1559 0 3
 1560 0 3
 1567 2 3
 1568 2 3
 1583 0 3
 1584 0 3
 1610 0 1
 1611 0 1
 1615 2 3
 1616 2 3
 1631 0 3
 1632 0 3
 1638 0 1
 1641 0 1
 1656 2 3
 1657 2 3
 1671 2 3
 1672 2 3
 1711 2 3
 1712 2 3
 1716 2 3
 1717 2 3
 1718 0 1
 1721 0 1
 1727 0 1
 1728 0 1
 1750 0 3
 1753 0 3
 1758 0 1
 1761 0 1
 1811 2 3
 1814 2 3
 2501 3 3
 2502 3 3
 2505 3 3
 2506 3 3
 3929 1 1
 3931 1 1
 3933 1 1
 3935 1 1
 3941 1 1
 3943 1 1
 3945 1 1
 3947 1 1
 4005 1 3
 4006 1 3
 4009 1 3
 4010 1 3
 4057 1 1
 4059 1 1
 4061 1 1
 4063 1 1
 4113 1 1
 4115 1 1
 4117 1 1
 4119 1 1
 4301 3 3
 4302 3 3
 4305 3 3
 4306 3 3
 4325 3 1
 4327 3 1
 4329 3 1
 4331 3 1
 4615 3 4
 4616 3 4
 4619 3 4
 4620 3 4
 4657 3 3
 4658 3 3
 4661 3 3
 4662 3 3
 5081 3 1
 5083 3 1
 5093 3 1
 5095 3 1
 5457 3 1
 5459 3 1
 5469 3 1
 5471 3 1
 5557 3 3
 5558 3 3
 5561 3 3
 5562 3 3
 