314 0 1
 315 0 1
 318 0 3
 319 0 3
 322 0 1
 323 0 1
 326 0 1
 327 0 1
 338 2 1
 339 2 1
 348 0 3
 351 0 3
 352 0 3
 364 0 1
 365 0 1
 388 0 1
 389 0 1
 392 0 3
 393 0 3
 396 0 1
 397 0 1
 400 0 3
 401 0 3
 404 0 1
 405 0 1
 411 0 3
 412 0 3
 421 0 1
 422 0 1
 425 0 1
 426 0 1
 429 0 3
 430 0 3
 433 0 3
 434 0 3
 444 0 3
 445 0 3
 448 0 1
 449 0 1
 513 0 1
 514 0 1
 533 0 3
 534 0 3
 545 0 1
 546 0 1
 549 2 1
 550 2 1
 554 2 3
 555 2 3
 571 2 3
 572 2 3
 575 0 1
 576 0 1
 583 2 1
 584 2 1
 587 2 3
 588 2 3
 590 1 1
 591 1 1
 591 0 3
 592 0 3
 600 2 1
 601 2 1
 624 0 3
 625 0 3
 628 0 3
 629 0 3
 640 2 3
 641 2 3
 660 2 3
 661 2 3
 681 1 3
 683 0 1
 684 0 1
 684 1 3
 686 0 3
 687 0 3
 690 1 3
 691 1 3
 695 1 1
 696 1 1
 714 1 1
 715 1 1
 722 1 1
 723 1 1
 727 1 1
 728 1 1
 741 0 3
 744 0 3
 754 2 1
 755 2 1
 759 2 1
 760 2 1
 762 2 3
 764 0 1
 765 0 1
 765 2 3
 772 2 1
 773 2 1
 773 0 3
 774 0 3
 814 0 3
 817 0 3
 823 0 3
 824 0 3
 827 2 3
 828 2 3
 838 0 3
 839 0 3
 862 2 3
 863 2 3
 873 0 1
 876 0 1
 891 2 3
 892 2 3
 898 2 3
 899 2 3
 926 2 3
 927 2 3
 931 2 3
 932 2 3
 933 0 1
 936 0 1
 942 0 1
 943 0 1
 953 0 3
 956 0 3
 961 0 1
 964 0 1
 997 2 3
 1000 2 3
 1825 1 1
 1827 1 1
 1857 1 3
 1858 1 3
 1861 1 3
 1862 1 3
 1893 1 1
 1895 1 1
 3221 0 3
 3222 0 3
 3281 0 3
 3282 0 3
 4973 0 1
 4975 0 1
 4977 0 1
 4979 0 1
 4993 0 3
 4994 0 3
 5649 0 1
 5651 0 1
 5701 0 1
 5703 0 1
 7289 3 1
 7291 3 1
 8041 3 3
 8042 3 3
 8045 3 3
 8046 3 3
 8285 1 1
 8287 1 1
 8293 1 1
 8295 1 1
 9417 1 1
 9419 1 1
 9425 1 1
 9427 1 1
 11097 0 3
 11098 0 3
 11101 0 3
 11102 0 3
 11209 0 3
 11210 0 3
 11213 0 3
 11214 0 3
 11849 0 1
 11851 0 1
 11857 0 1
 11859 0 1
 11897 0 1
 11899 0 1
 11905 0 1
 11907 0 1
 13441 3 3
 13442 3 3
 13445 3 3
 13446 3 3
 16553 1 1
 16555 1 1
 16569 1 1
 16571 1 1
 16577 1 1
 16579 1 1
 16601 1 1
 16603 1 1
 16721 1 1
 16723 1 1
 16737 1 1
 16739 1 1
 17033 3 3
 17034 3 3
 17037 3 3
 17038 3 3
 17065 3 3
 17066 3 3
 17073 3 3
 17074 3 3
 17261 3 1
 17263 3 1
 17269 3 1
 17271 3 1
 17277 3 1
 17279 3 1
 17285 3 1
 17287 3 1
 17309 3 1
 17311 3 1
 17317 3 1
 17319 3 1
 17813 3 3
 17814 3 3
 17817 3 3
 17818 3 3
 17829 3 3
 17830 3 3
 17873 3 3
 17874 3 3
 17877 3 3
 17878 3 3
 17889 3 3
 17890 3 3
 18305 3 1
 18307 3 1
 18313 3 1
 18315 3 1
 18337 3 1
 18339 3 1
 18345 3 1
 18347 3 1
 18433 3 1
 18435 3 1
 18441 3 1
 18443 3 1
 18465 3 1
 18467 3 1
 20117 3 1
 20119 3 1
 20141 3 1
 20143 3 1
 20261 3 1
 20263 3 1
 20285 3 1
 20287 3 1
 22497 1 1
 22499 1 1
 22505 1 1
 22507 1 1
 24417 3 3
 24418 3 3
 24421 3 3
 24422 3 3
 24433 3 3
 24434 3 3
 24437 3 3
 24438 3 3
 28065 3 3
 28066 3 3
 28069 3 3
 28070 3 3
 28081 3 3
 28082 3 3
 28085 3 3
 28086 3 3
 28129 3 3
 28130 3 3
 28133 3 3
 28134 3 3
 28145 3 3
 28146 3 3
 28149 3 3
 28150 3 3
 28193 3 3
 28194 3 3
 28197 3 3
 28198 3 3
 28209 3 3
 28210 3 3
 28213 3 3
 28214 3 3
 40833 1 1
 40835 1 1
 40841 1 1
 40843 1 1
 40897 1 1
 40899 1 1
 40905 1 1
 40907 1 1
 40929 1 1
 40931 1 1
 40937 1 1
 40939 1 1
 41025 1 1
 41027 1 1
 41033 1 1
 41035 1 1
 41313 1 1
 41315 1 1
 41321 1 1
 41323 1 1
 41377 1 1
 41379 1 1
 41385 1 1
 41387 1 1
 41409 1 1
 41411 1 1
 41417 1 1
 41419 1 1
 41505 1 1
 41507 1 1
 41513 1 1
 41515 1 1
 45697 3 3
 45698 3 3
 45701 3 3
 45702 3 3
 45745 3 3
 45746 3 3
 45749 3 3
 45750 3 3
 45825 3 3
 45826 3 3
 45829 3 3
 45830 3 3
 45857 3 3
 45858 3 3
 45861 3 3
 45862 3 3
 47819 3 4
 47820 3 4
 47823 3 4
 47824 3 4
 47835 3 4
 47836 3 4
 47839 3 4
 47840 3 4
 47883 3 4
 47884 3 4
 47887 3 4
 47888 3 4
 47899 3 4
 47900 3 4
 47903 3 4
 47904 3 4
 47931 3 4
 47932 3 4
 47935 3 4
 47936 3 4
 47947 3 4
 47948 3 4
 47951 3 4
 47952 3 4
 47995 3 4
 47996 3 4
 47999 3 4
 48000 3 4
 48011 3 4
 48012 3 4
 48015 3 4
 48016 3 4
 48017 3 3
 48018 3 3
 48021 3 3
 48022 3 3
 48033 3 3
 48034 3 3
 48037 3 3
 48038 3 3
 48161 3 1
 48163 3 1
 48169 3 1
 48171 3 1
 48353 3 1
 48355 3 1
 48361 3 1
 48363 3 1
 48369 3 1
 48371 3 1
 48377 3 1
 48379 3 1
 48401 3 1
 48403 3 1
 48409 3 1
 48411 3 1
 48433 3 1
 48435 3 1
 48441 3 1
 48443 3 1
 