81 1 3
 82 1 3
 83 2 2
 86 2 2
 97 1 3
 98 2 2
 98 1 3
 99 2 2
 104 2 4
 105 3 1
 105 2 4
 106 3 1
 127 1 3
 133 1 3
 134 1 3
 148 2 2
 149 2 2
 150 2 4
 151 2 4
 154 2 4
 155 2 4
 167 2 4
 170 2 4
 179 2 4
 180 2 4
 218 3 1
 219 3 1
 241 2 2
 242 2 2
 249 2 4
 250 2 4
 254 2 4
 255 2 4
 269 2 2
 270 2 2
 309 1 3
 310 1 3
 437 1 1
 439 1 1
 521 3 1
 523 3 1
 525 3 1
 527 3 1
 585 1 3
 586 1 3
 617 1 1
 619 1 1
 665 3 1
 667 3 1
 677 1 1
 679 1 1
 717 1 3
 718 1 3
 989 3 1
 991 3 1
 1025 1 1
 1027 1 1
 1029 1 1
 1031 1 1
 1041 1 1
 1043 1 1
 1095 0 4
 1096 0 4
 1213 3 3
 1214 3 3
 1217 3 3
 1218 3 3
 1225 3 3
 1226 3 3
 1229 3 3
 1230 3 3
 1265 1 1
 1267 1 1
 1297 3 3
 1298 3 3
 1401 3 3
 1402 3 3
 1405 3 3
 1406 3 3
 1574 0 2
 1576 0 2
 1582 0 2
 1584 0 2
 1586 0 2
 1588 0 2
 1590 0 2
 1592 0 2
 1638 0 2
 1640 0 2
 1699 0 4
 1700 0 4
 1703 0 4
 1704 0 4
 1715 0 4
 1716 0 4
 1719 0 4
 1720 0 4
 1771 0 4
 1772 0 4
 1775 0 4
 1776 0 4
 1779 0 4
 1780 0 4
 1783 0 4
 1784 0 4
 1817 1 1
 1819 1 1
 1825 1 1
 1827 1 1
 1833 1 1
 1835 1 1
 1841 1 1
 1843 1 1
 1897 3 3
 1898 3 3
 1901 3 3
 1902 3 3
 1913 1 3
 1914 1 3
 1917 1 3
 1918 1 3
 1929 1 3
 1930 1 3
 1933 1 3
 1934 1 3
 1977 3 1
 1979 3 1
 1985 3 1
 1987 3 1
 1993 3 1
 1995 3 1
 2001 3 1
 2003 3 1
 2009 1 1
 2011 1 1
 2017 1 1
 2019 1 1
 2025 1 1
 2027 1 1
 2033 1 1
 2035 1 1
 2057 3 3
 2058 3 3
 2061 3 3
 2062 3 3
 2073 3 3
 2074 3 3
 2077 3 3
 2078 3 3
 2131 0 4
 2132 0 4
 2135 0 4
 2136 0 4
 2147 0 4
 2148 0 4
 2151 0 4
 2152 0 4
 2259 0 4
 2260 0 4
 2263 0 4
 2264 0 4
 2313 3 1
 2315 3 1
 2321 3 1
 2323 3 1
 2345 3 1
 2347 3 1
 2353 3 1
 2355 3 1
 2377 3 1
 2379 3 1
 2385 3 1
 2387 3 1
 2409 3 1
 2411 3 1
 2417 3 1
 2419 3 1
 2462 0 2
 2464 0 2
 2470 0 2
 2472 0 2
 2494 0 2
 2496 0 2
 2502 0 2
 2504 0 2
 2526 0 2
 2528 0 2
 2534 0 2
 2536 0 2
 2558 0 2
 2560 0 2
 2566 0 2
 2568 0 2
 2745 1 1
 2747 1 1
 2753 1 1
 2755 1 1
 2851 0 4
 2852 0 4
 2855 0 4
 2856 0 4
 2867 0 4
 2868 0 4
 2871 0 4
 2872 0 4
 2873 1 1
 2875 1 1
 2881 1 1
 2883 1 1
 2905 1 1
 2907 1 1
 2913 1 1
 2915 1 1
 2915 0 4
 2916 0 4
 2919 0 4
 2920 0 4
 2931 0 4
 2932 0 4
 2935 0 4
 2936 0 4
 3001 3 3
 3002 3 3
 3005 3 3
 3006 3 3
 3049 3 3
 3050 3 3
 3053 3 3
 3054 3 3
 3065 3 3
 3066 3 3
 3069 3 3
 3070 3 3
 3198 0 2
 3200 0 2
 3206 0 2
 3208 0 2
 3230 0 2
 3232 0 2
 3238 0 2
 3240 0 2
 3289 3 3
 3290 3 3
 3293 3 3
 3294 3 3
 3305 3 3
 3306 3 3
 3309 3 3
 3310 3 3
 3353 3 3
 3354 3 3
 3357 3 3
 3358 3 3
 3369 3 3
 3370 3 3
 3373 3 3
 3374 0 2
 3374 3 3
 3376 0 2
 3382 0 2
 3384 0 2
 3406 0 2
 3408 0 2
 3414 0 2
 3416 0 2
 3449 3 3
 3450 3 3
 3453 3 3
 3454 3 3
 3465 3 3
 3466 3 3
 3469 3 3
 3470 3 3
 3513 3 3
 3514 3 3
 3517 3 3
 3518 3 3
 3529 3 3
 3530 3 3
 3533 3 3
 3534 3 3
 3662 0 2
 3664 0 2
 3670 0 2
 3672 0 2
 3694 0 2
 3696 0 2
 3702 0 2
 3704 0 2
 3726 0 2
 3728 0 2
 3734 0 2
 3736 0 2
 3758 0 2
 3760 0 2
 3766 0 2
 3768 0 2
 3886 0 2
 3888 0 2
 3894 0 2
 3896 0 2
 3918 0 2
 3920 0 2
 3926 0 2
 3928 0 2
 3950 0 2
 3952 0 2
 3958 0 2
 3960 0 2
 3982 0 2
 3984 0 2
 3990 0 2
 3992 0 2
 4046 0 2
 4048 0 2
 4054 0 2
 4056 0 2
 4078 0 2
 4080 0 2
 4086 0 2
 4088 0 2
 4174 0 2
 4176 0 2
 4182 0 2
 4184 0 2
 4206 0 2
 4208 0 2
 4214 0 2
 4216 0 2
 4259 0 4
 4260 0 4
 4263 0 4
 4264 0 4
 4275 0 4
 4276 0 4
 4279 0 4
 4280 0 4
 4323 0 4
 4324 0 4
 4327 0 4
 4328 0 4
 4339 0 4
 4340 0 4
 4343 0 4
 4344 0 4
 4462 0 2
 4464 0 2
 4470 0 2
 4472 0 2
 4478 0 2
 4480 0 2
 4486 0 2
 4488 0 2
 4494 0 2
 4496 0 2
 4502 0 2
 4504 0 2
 