55 1 3
 56 1 3
 57 2 2
 60 2 2
 74 1 3
 75 2 2
 75 1 3
 76 2 2
 90 2 4
 91 3 1
 91 2 4
 92 3 1
 111 1 3
 112 1 3
 118 1 3
 119 1 3
 134 2 2
 135 2 2
 139 2 4
 140 2 4
 143 2 4
 144 2 4
 149 2 4
 152 2 4
 157 2 4
 158 2 4
 202 3 1
 203 3 1
 223 2 2
 224 2 2
 227 3 1
 228 3 1
 231 3 3
 233 2 4
 234 2 4
 238 2 4
 239 2 4
 253 2 2
 254 2 2
 258 3 1
 259 3 1
 266 0 4
 267 0 4
 320 3 3
 321 3 3
 324 3 3
 325 3 3
 397 0 2
 399 0 2
 401 0 2
 403 0 2
 452 1 1
 454 1 1
 456 1 1
 458 1 1
 462 0 4
 463 0 4
 466 0 4
 467 0 4
 504 1 1
 506 1 1
 508 1 1
 510 1 1
 552 3 1
 554 3 1
 568 1 1
 570 1 1
 572 1 1
 574 1 1
 776 1 1
 778 1 1
 780 1 1
 782 1 1
 880 1 3
 881 1 3
 884 1 3
 885 1 3
 924 3 1
 926 3 1
 996 3 3
 997 3 3
 1216 1 3
 1217 1 3
 1400 3 3
 1401 3 3
 1404 3 3
 1405 3 3
 1512 3 3
 1513 3 3
 1516 3 3
 1517 3 3
 1528 3 3
 1529 3 3
 1532 3 3
 1533 3 3
 1633 0 2
 1635 0 2
 1641 0 2
 1643 0 2
 1649 0 2
 1651 0 2
 1653 0 2
 1655 0 2
 1657 0 2
 1659 0 2
 1665 0 2
 1667 0 2
 1673 0 2
 1675 0 2
 1713 0 2
 1715 0 2
 1721 0 2
 1723 0 2
 1781 0 2
 1783 0 2
 1789 0 2
 1791 0 2
 1818 0 4
 1819 0 4
 1822 0 4
 1823 0 4
 1840 1 1
 1842 1 1
 1848 1 1
 1850 1 1
 1866 0 4
 1867 0 4
 1870 0 4
 1871 0 4
 1984 3 3
 1985 3 3
 1988 3 3
 1989 3 3
 2234 0 4
 2235 0 4
 2238 0 4
 2239 0 4
 2432 1 1
 2434 1 1
 2440 1 1
 2442 1 1
 2624 1 3
 2625 1 3
 2628 1 3
 2629 1 3
 2640 1 3
 2641 1 3
 2644 1 3
 2645 1 3
 2688 1 3
 2689 1 3
 2692 1 3
 2693 1 3
 2832 3 1
 2834 3 1
 2840 3 1
 2842 3 1
 2864 3 1
 2866 3 1
 2872 3 1
 2874 3 1
 2896 3 1
 2898 3 1
 2904 3 1
 2906 3 1
 2928 3 1
 2930 3 1
 2936 3 1
 2938 3 1
 3045 0 2
 3047 0 2
 3053 0 2
 3055 0 2
 3077 0 2
 3079 0 2
 3085 0 2
 3087 0 2
 3189 0 2
 3191 0 2
 3197 0 2
 3199 0 2
 3221 0 2
 3223 0 2
 3229 0 2
 3231 0 2
 3232 1 1
 3234 1 1
 3240 1 1
 3242 1 1
 3264 1 1
 3266 1 1
 3272 1 1
 3274 1 1
 3402 0 4
 3403 0 4
 3406 0 4
 3407 0 4
 3418 0 4
 3419 0 4
 3422 0 4
 3423 0 4
 3424 1 1
 3426 1 1
 3432 1 1
 3434 1 1
 3456 1 1
 3458 1 1
 3464 1 1
 3466 1 1
 3466 0 4
 3467 0 4
 3470 0 4
 3471 0 4
 3482 0 4
 3483 0 4
 3486 0 4
 3487 0 4
 3509 0 2
 3511 0 2
 3517 0 2
 3519 0 2
 3541 0 2
 3543 0 2
 3549 0 2
 3551 0 2
 3616 3 3
 3617 3 3
 3620 3 3
 3621 3 3
 3632 3 3
 3633 3 3
 3636 3 3
 3637 3 3
 3680 3 3
 3681 3 3
 3684 3 3
 3685 3 3
 3696 3 3
 3697 3 3
 3700 3 3
 3701 0 2
 3701 3 3
 3703 0 2
 3709 0 2
 3711 0 2
 3733 0 2
 3735 0 2
 3741 0 2
 3743 0 2
 3808 3 3
 3809 3 3
 3812 3 3
 3813 3 3
 3824 3 3
 3825 3 3
 3828 3 3
 3829 3 3
 3872 3 3
 3873 3 3
 3876 3 3
 3877 3 3
 3888 3 3
 3889 3 3
 3892 3 3
 3893 3 3
 4293 0 2
 4295 0 2
 4301 0 2
 4303 0 2
 4325 0 2
 4327 0 2
 4333 0 2
 4335 0 2
 4357 0 2
 4359 0 2
 4365 0 2
 4367 0 2
 4410 0 4
 4411 0 4
 4414 0 4
 4415 0 4
 4426 0 4
 4427 0 4
 4430 0 4
 4431 0 4
 4474 0 4
 4475 0 4
 4478 0 4
 4479 0 4
 4490 0 4
 4491 0 4
 4494 0 4
 4495 0 4
 4645 0 2
 4647 0 2
 4653 0 2
 4655 0 2
 4661 0 2
 4663 0 2
 4669 0 2
 4671 0 2
 