0 0.000000 0.000000 122 
 1 1.000000 0.000000 138 
 2 0.000000 1.000000 633 
 3 1.000000 1.000000 696 
 4 0.041667 0.000000 122 123 
 5 0.083333 0.000000 123 368 
 6 0.125000 0.000000 368 369 
 7 0.166667 0.000000 340 369 
 8 0.208333 0.000000 340 341 
 9 0.250000 0.000000 341 345 
 10 0.291667 0.000000 345 346 
 11 0.333333 0.000000 224 346 
 12 0.375000 0.000000 224 225 
 13 0.416667 0.000000 225 332 
 14 0.458333 0.000000 332 333 
 15 0.500000 0.000000 103 333 
 16 0.541667 0.000000 100 103 
 17 0.583333 0.000000 100 243 
 18 0.625000 0.000000 240 243 
 19 0.666667 0.000000 215 240 
 20 0.708333 0.000000 215 216 
 21 0.750000 0.000000 216 220 
 22 0.791667 0.000000 220 221 
 23 0.833333 0.000000 221 252 
 24 0.875000 0.000000 252 253 
 25 0.916667 0.000000 137 253 
 26 0.958333 0.000000 137 138 
 27 1.000000 0.041667 138 139 
 28 1.000000 0.083333 139 303 
 29 1.000000 0.125000 303 304 
 30 1.000000 0.166667 304 373 
 31 1.000000 0.208333 373 374 
 32 1.000000 0.250000 374 969 
 33 1.000000 0.291667 967 973 
 34 1.000000 0.333333 971 987 
 35 1.000000 0.375000 988 991 
 36 1.000000 0.416667 889 992 
 37 1.000000 0.458333 887 893 
 38 1.000000 0.500000 771 891 
 39 1.000000 0.541667 772 775 
 40 1.000000 0.583333 579 776 
 41 1.000000 0.625000 580 583 
 42 1.000000 0.666667 584 671 
 43 1.000000 0.708333 672 675 
 44 1.000000 0.750000 676 703 
 45 1.000000 0.791667 704 707 
 46 1.000000 0.833333 513 708 
 47 1.000000 0.875000 511 517 
 48 1.000000 0.916667 515 691 
 49 1.000000 0.958333 692 695 
 50 0.958333 1.000000 684 698 
 51 0.916667 1.000000 540 686 
 52 0.875000 1.000000 528 542 
 53 0.833333 1.000000 530 1016 
 54 0.791667 1.000000 1018 1020 
 55 0.750000 1.000000 1022 1038 
 56 0.708333 1.000000 1037 1042 
 57 0.666667 1.000000 1000 1041 
 58 0.625000 1.000000 1002 1004 
 59 0.583333 1.000000 1006 1078 
 60 0.541667 1.000000 1077 1082 
 61 0.500000 1.000000 438 1081 
 62 0.458333 1.000000 426 437 
 63 0.416667 1.000000 425 836 
 64 0.375000 1.000000 824 838 
 65 0.333333 1.000000 744 826 
 66 0.291667 1.000000 746 748 
 67 0.250000 1.000000 750 764 
 68 0.208333 1.000000 766 768 
 69 0.166667 1.000000 770 858 
 70 0.125000 1.000000 857 862 
 71 0.083333 1.000000 630 861 
 72 0.041667 1.000000 629 634 
 73 0.000000 0.958333 621 631 
 74 0.000000 0.916667 451 619 
 75 0.000000 0.875000 64 452 
 76 0.000000 0.833333 64 398 
 77 0.000000 0.791667 395 398 
 78 0.000000 0.750000 389 395 
 79 0.000000 0.708333 389 390 
 80 0.000000 0.666667 206 390 
 81 0.000000 0.625000 206 793 
 82 0.000000 0.583333 791 905 
 83 0.000000 0.541667 903 909 
 84 0.000000 0.500000 807 907 
 85 0.000000 0.458333 808 811 
 86 0.000000 0.416667 549 812 
 87 0.000000 0.375000 105 547 
 88 0.000000 0.333333 105 171 
 89 0.000000 0.291667 171 172 
 90 0.000000 0.250000 172 182 
 91 0.000000 0.208333 182 183 
 92 0.000000 0.166667 96 183 
 93 0.000000 0.125000 96 97 
 94 0.000000 0.083333 97 121 
 95 0.000000 0.041667 121 122 
 96 0.083333 0.583331 196 359 796 902 
 97 0.916666 0.499998 495 785 880 923 
 98 0.416666 0.083331 222 331 357 365 
 99 0.583333 0.916665 1009 1068 1088 1101 
 100 0.750000 0.083332 37 125 217 219 
 101 0.916666 0.666665 560 574 647 669 
 102 0.250000 0.916665 404 439 753 759 
 103 0.083333 0.333331 104 148 158 170 
 104 0.750000 0.916665 596 1025 1032 1053 
 105 0.250000 0.083332 342 344 353 392 
 106 0.083333 0.833332 65 98 386 397 
 107 0.916667 0.166666 272 305 325 372 
 108 0.916667 0.916666 504 535 689 719 
 109 0.083333 0.083333 3 94 124 367 
 110 0.083333 0.916666 449 523 624 863 
 111 0.083333 0.499998 72 360 821 896 
 112 0.416666 0.916665 427 455 831 955 
 113 0.916666 0.333331 591 847 976 985 
 114 0.583333 0.083331 101 119 242 257 
 115 0.083333 0.249998 44 145 169 181 
 116 0.916666 0.749998 415 636 682 701 
 117 0.083333 0.749998 375 383 388 396 
 118 0.916667 0.083333 140 254 302 324 
 119 0.166666 0.583329 197 292 315 362 
 120 0.833333 0.749997 413 475 616 642 
 121 0.166666 0.249997 23 43 134 146 
 122 0.166666 0.833331 62 99 173 385 
 123 0.333333 0.916665 399 460 739 829 
 124 0.833333 0.166665 127 143 275 326 
 125 0.083333 0.166666 2 45 95 184 
 126 0.666666 0.083331 36 120 214 241 
 127 0.916667 0.833332 420 510 714 717 
 128 0.833333 0.916666 533 607 724 1011 
 129 0.916666 0.583331 500 555 577 782 
 130 0.916666 0.416665 852 886 921 982 
 131 0.083333 0.416664 73 157 546 818 
 132 0.500000 0.916665 432 953 1083 1103 
 133 0.500000 0.083331 102 256 334 366 
 134 0.333333 0.083331 223 343 354 356 
 135 0.083333 0.666665 195 207 376 387 
 136 0.916666 0.249998 130 273 371 966 
 137 0.666666 0.916665 995 1027 1055 1063 
 138 0.166667 0.916666 444 521 757 868 
 139 0.833333 0.083332 126 218 255 323 
 140 0.166667 0.083332 0 339 370 391 
 141 0.499999 0.166662 204 259 261 363 
 142 0.833333 0.416663 664 801 842 934 
 143 0.499999 0.833329 228 336 962 1092 
 144 0.166666 0.666663 164 198 291 377 
 145 0.166666 0.166664 1 20 42 394 
 146 0.333333 0.833330 25 74 153 200 
 147 0.750000 0.833330 379 486 602 1050 
 148 0.250000 0.833330 24 63 154 176 
 149 0.250000 0.166664 21 234 352 393 
 150 0.666666 0.166663 35 109 117 190 
 151 0.750000 0.166664 34 110 128 142 
 152 0.833333 0.583329 211 490 569 871 
 153 0.166666 0.416662 49 70 149 160 
 154 0.166666 0.499996 48 71 316 361 
 155 0.833333 0.666663 566 611 645 876 
 156 0.166666 0.333330 133 147 150 159 
 157 0.416666 0.166663 260 329 358 364 
 158 0.833333 0.833331 410 480 605 730 
 159 0.583333 0.833329 335 347 1074 1098 
 160 0.166666 0.749997 163 174 378 384 
 161 0.833333 0.333330 471 588 659 845 
 162 0.833333 0.249997 80 129 144 274 
 163 0.249999 0.583328 83 293 318 321 
 164 0.416666 0.249994 89 263 288 330 
 165 0.583333 0.749995 93 308 338 348 
 166 0.749999 0.416661 50 108 209 654 
 167 0.249999 0.416661 46 115 152 178 
 168 0.666666 0.249995 112 731 917 936 
 169 0.749999 0.583328 212 232 239 285 
 170 0.333333 0.749995 156 201 295 310 
 171 0.749999 0.749996 81 135 192 382 
 172 0.249999 0.333328 116 132 151 185 
 173 0.249999 0.249996 22 131 186 237 
 174 0.416666 0.833329 75 199 229 314 
 175 0.583333 0.166663 118 189 205 258 
 176 0.833333 0.499996 210 493 803 928 
 177 0.749999 0.333328 464 552 657 945 
 178 0.249999 0.666662 82 161 290 312 
 179 0.333333 0.166663 235 328 351 355 
 180 0.666666 0.833330 350 380 1044 1061 
 181 0.749999 0.249996 111 141 470 942 
 182 0.249999 0.749996 155 162 175 311 
 183 0.416666 0.749994 59 202 226 294 
 184 0.583333 0.249994 39 736 789 914 
 185 0.499999 0.749994 58 227 309 337 
 186 0.749999 0.666662 136 191 233 238 
 187 0.333332 0.416660 76 114 179 245 
 188 0.499999 0.249994 38 203 262 289 
 189 0.749999 0.499994 51 208 213 284 
 190 0.249999 0.499994 47 177 317 322 
 191 0.666666 0.416660 53 106 165 266 
 192 0.666666 0.333327 107 265 276 947 
 193 0.333332 0.583326 84 270 280 320 
 194 0.333333 0.666661 85 279 296 313 
 195 0.666666 0.749995 92 193 349 381 
 196 0.333333 0.333327 77 87 113 188 
 197 0.333333 0.249995 88 187 236 327 
 198 0.583332 0.666660 8 90 300 307 
 199 0.499999 0.666660 9 56 61 306 
 200 0.499999 0.333326 27 41 66 286 
 201 0.416666 0.416659 32 68 79 246 
 202 0.583332 0.416659 17 29 168 267 
 203 0.416666 0.583326 5 54 269 281 
 204 0.583332 0.333327 28 40 264 277 
 205 0.416666 0.666660 57 60 278 297 
 206 0.416666 0.333327 69 78 86 287 
 207 0.333332 0.499993 180 244 271 319 
 208 0.666666 0.499993 52 166 250 283 
 209 0.666666 0.583327 231 251 282 298 
 210 0.666666 0.666661 91 194 230 299 
 211 0.499999 0.583326 4 10 12 55 
 212 0.583332 0.499992 14 18 167 249 
 213 0.583332 0.583326 11 15 248 301 
 214 0.499999 0.416659 16 26 33 67 
 215 0.416666 0.499992 6 31 247 268 
 216 0.499999 0.499992 7 13 19 30 
 217 0.166666 0.124998 0 1 391 394 
 218 0.125000 0.166665 1 2 42 45 
 219 0.083333 0.124999 2 3 94 95 
 220 0.125000 0.083332 0 3 367 370 
 221 0.125000 0.124999 0 1 2 3 
 222 0.458332 0.583326 4 5 54 55 
 223 0.416666 0.541659 5 6 268 269 
 224 0.458332 0.499992 6 7 30 31 
 225 0.499999 0.541659 4 7 12 13 
 226 0.458332 0.541659 4 5 6 7 
 227 0.541666 0.666660 8 9 306 307 
 228 0.499999 0.624993 9 10 55 56 
 229 0.541666 0.583326 10 11 12 15 
 230 0.583332 0.624993 8 11 300 301 
 231 0.541666 0.624993 8 9 10 11 
 232 0.541666 0.499992 13 14 18 19 
 233 0.583332 0.541659 14 15 248 249 
 234 0.541666 0.541659 12 13 14 15 
 235 0.541666 0.416659 16 17 26 29 
 236 0.583332 0.458326 17 18 167 168 
 237 0.499999 0.458326 16 19 30 33 
 238 0.541666 0.458326 16 17 18 19 
 239 0.208333 0.166664 20 21 393 394 
 240 0.250000 0.208330 21 22 234 237 
 241 0.208333 0.249996 22 23 131 134 
 242 0.166666 0.208331 20 23 42 43 
 243 0.208333 0.208330 20 21 22 23 
 244 0.291666 0.833330 24 25 153 154 
 245 0.333333 0.874997 25 74 401 462 
 246 0.291666 0.916665 400 403 741 751 
 247 0.250000 0.874998 24 63 406 441 
 248 0.291666 0.874997 24 25 402 405 
 249 0.499999 0.374993 26 27 66 67 
 250 0.541666 0.333326 27 28 40 41 
 251 0.583332 0.374993 28 29 264 267 
 252 0.541666 0.374993 26 27 28 29 
 253 0.416666 0.458326 31 32 246 247 
 254 0.458332 0.416659 32 33 67 68 
 255 0.458332 0.458326 30 31 32 33 
 256 0.708333 0.166663 34 35 109 110 
 257 0.666666 0.124997 35 36 117 120 
 258 0.708333 0.083332 36 37 214 217 
 259 0.750000 0.124998 34 37 125 128 
 260 0.708333 0.124997 34 35 36 37 
 261 0.541666 0.249994 38 39 203 787 
 262 0.583333 0.291660 39 40 277 912 
 263 0.499999 0.291660 38 41 286 289 
 264 0.541666 0.291660 38 39 40 41 
 265 0.125000 0.249998 43 44 145 146 
 266 0.083333 0.208332 44 45 181 184 
 267 0.125000 0.208331 42 43 44 45 
 268 0.833333 0.791664 409 414 476 479 
 269 0.875000 0.749998 411 417 638 640 
 270 0.916666 0.791665 416 419 702 713 
 271 0.875000 0.833332 408 422 718 729 
 272 0.875000 0.791665 407 412 418 421 
 273 0.249999 0.458327 46 47 177 178 
 274 0.208333 0.499995 47 48 316 317 
 275 0.166666 0.458329 48 49 70 71 
 276 0.208333 0.416662 46 49 149 152 
 277 0.208333 0.458328 46 47 48 49 
 278 0.749999 0.458328 50 51 208 209 
 279 0.708332 0.499994 51 52 283 284 
 280 0.666666 0.458327 52 53 165 166 
 281 0.708333 0.416660 50 53 106 108 
 282 0.708333 0.458327 50 51 52 53 
 283 0.458332 0.666660 56 57 60 61 
 284 0.416666 0.624993 54 57 278 281 
 285 0.458332 0.624993 54 55 56 57 
 286 0.458333 0.749994 58 59 226 227 
 287 0.416666 0.708327 59 60 294 297 
 288 0.499999 0.708327 58 61 306 309 
 289 0.458333 0.708327 58 59 60 61 
 290 0.416667 0.958332 423 429 832 835 
 291 0.458333 0.916665 428 431 951 957 
 292 0.500000 0.958332 434 436 1079 1085 
 293 0.458333 0.958332 424 430 433 435 
 294 0.208333 0.916665 440 443 755 761 
 295 0.166666 0.874998 62 99 446 522 
 296 0.208333 0.833331 62 63 173 176 
 297 0.208333 0.874998 62 63 442 445 
 298 0.041667 0.916666 447 453 620 623 
 299 0.041667 0.833333 64 65 397 398 
 300 0.083333 0.874999 65 98 450 524 
 301 0.041667 0.875000 64 65 448 454 
 302 0.416666 0.374993 68 69 78 79 
 303 0.458332 0.333326 66 69 286 287 
 304 0.458332 0.374993 66 67 68 69 
 305 0.125000 0.499997 71 72 360 361 
 306 0.083333 0.458331 72 73 817 822 
 307 0.125000 0.416663 70 73 157 160 
 308 0.125000 0.458330 70 71 72 73 
 309 0.374999 0.833330 74 75 199 200 
 310 0.416666 0.874997 75 314 457 956 
 311 0.375000 0.916665 456 459 827 833 
 312 0.375000 0.874997 74 75 458 461 
 313 0.333332 0.374993 76 77 113 114 
 314 0.374999 0.333327 77 78 86 87 
 315 0.374999 0.416659 76 79 245 246 
 316 0.374999 0.374993 76 77 78 79 
 317 0.749999 0.291662 466 468 941 946 
 318 0.791666 0.249996 80 141 144 469 
 319 0.833333 0.291663 80 129 473 590 
 320 0.791666 0.333329 463 472 655 661 
 321 0.791666 0.291663 80 465 467 474 
 322 0.791666 0.833331 482 484 601 606 
 323 0.750000 0.791663 81 379 382 485 
 324 0.791666 0.749997 81 135 477 618 
 325 0.791666 0.791664 81 478 481 483 
 326 0.249999 0.624995 82 83 290 293 
 327 0.291666 0.583327 83 84 320 321 
 328 0.333332 0.624994 84 85 279 280 
 329 0.291666 0.666661 82 85 312 313 
 330 0.291666 0.624994 82 83 84 85 
 331 0.333333 0.291661 87 88 187 188 
 332 0.374999 0.249995 88 89 327 330 
 333 0.416666 0.291660 86 89 287 288 
 334 0.374999 0.291661 86 87 88 89 
 335 0.624999 0.666660 90 91 299 300 
 336 0.666666 0.708328 91 92 193 194 
 337 0.624999 0.749995 92 93 348 349 
 338 0.583333 0.708327 90 93 307 308 
 339 0.624999 0.708328 90 91 92 93 
 340 0.833333 0.541663 210 211 489 494 
 341 0.875000 0.499997 491 497 924 927 
 342 0.916666 0.541665 496 499 781 786 
 343 0.875000 0.583330 488 502 557 567 
 344 0.875000 0.541664 487 492 498 501 
 345 0.916667 0.874999 506 508 715 721 
 346 0.958333 0.833333 509 514 710 712 
 347 0.958333 0.916666 503 516 687 693 
 348 0.958333 0.875000 505 507 512 518 
 349 0.041667 0.166666 95 96 183 184 
 350 0.041667 0.083333 94 97 121 124 
 351 0.041667 0.125000 94 95 96 97 
 352 0.125000 0.833332 98 99 385 386 
 353 0.125000 0.916666 519 525 864 867 
 354 0.125000 0.874999 98 99 520 526 
 355 0.583333 0.041666 100 101 242 243 
 356 0.541666 0.083331 101 102 256 257 
 357 0.500000 0.041666 102 103 333 334 
 358 0.541667 0.041666 100 101 102 103 
 359 0.833333 0.958333 529 534 1012 1015 
 360 0.875000 0.916666 531 537 720 723 
 361 0.916667 0.958333 536 539 685 690 
 362 0.875000 0.958333 527 532 538 541 
 363 0.083333 0.374998 104 157 158 544 
 364 0.041667 0.416666 545 550 814 816 
 365 0.041667 0.333332 104 105 170 171 
 366 0.041667 0.374999 104 105 543 548 
 367 0.666666 0.374994 106 107 265 266 
 368 0.708333 0.333328 107 551 943 949 
 369 0.749999 0.374995 108 554 653 658 
 370 0.708333 0.374994 106 107 108 553 
 371 0.750000 0.208330 110 111 141 142 
 372 0.708333 0.249995 111 112 938 940 
 373 0.666666 0.208329 109 112 190 733 
 374 0.708333 0.208329 109 110 111 112 
 375 0.291666 0.416660 114 115 178 179 
 376 0.249999 0.374994 115 116 151 152 
 377 0.291666 0.333328 113 116 185 188 
 378 0.291666 0.374994 113 114 115 116 
 379 0.916666 0.624998 556 559 573 578 
 380 0.875000 0.666664 562 564 643 649 
 381 0.833333 0.624996 565 570 872 875 
 382 0.875000 0.624997 558 561 563 568 
 383 0.624999 0.166663 117 118 189 190 
 384 0.583333 0.124997 118 119 257 258 
 385 0.625000 0.083331 119 120 241 242 
 386 0.625000 0.124997 117 118 119 120 
 387 0.083333 0.041666 123 124 367 368 
 388 0.041667 0.041667 121 122 123 124 
 389 0.958333 0.583332 575 581 778 780 
 390 0.958333 0.666666 572 586 667 673 
 391 0.958333 0.624999 571 576 582 585 
 392 0.791666 0.083332 125 126 218 219 
 393 0.833333 0.124998 126 127 323 326 
 394 0.791666 0.166664 127 128 142 143 
 395 0.791666 0.124998 125 126 127 128 
 396 0.875000 0.249998 129 130 273 274 
 397 0.916666 0.291665 130 593 964 978 
 398 0.875000 0.333331 587 592 843 849 
 399 0.875000 0.291664 129 130 589 594 
 400 0.750000 0.874998 598 600 1049 1054 
 401 0.833333 0.874998 603 609 726 728 
 402 0.791666 0.916665 595 608 1013 1023 
 403 0.791666 0.874998 597 599 604 610 
 404 0.249999 0.291662 131 132 185 186 
 405 0.208333 0.333329 132 133 150 151 
 406 0.166666 0.291663 133 134 146 147 
 407 0.208333 0.291663 131 132 133 134 
 408 0.749999 0.708329 135 136 191 192 
 409 0.791666 0.666663 136 238 613 878 
 410 0.833333 0.708330 612 615 641 646 
 411 0.791666 0.708330 135 136 614 617 
 412 0.958333 0.083333 139 140 302 303 
 413 0.916667 0.041666 137 140 253 254 
 414 0.958333 0.041667 137 138 139 140 
 415 0.083333 0.958333 626 628 859 865 
 416 0.041667 0.958333 622 625 627 632 
 417 0.916666 0.708332 635 648 670 681 
 418 0.875000 0.708331 637 639 644 650 
 419 0.833333 0.208331 143 144 274 275 
 420 0.791666 0.208330 141 142 143 144 
 421 0.833333 0.374996 660 663 841 846 
 422 0.791666 0.416662 209 652 666 802 
 423 0.791666 0.374995 651 656 662 665 
 424 0.125000 0.333330 147 148 158 159 
 425 0.083333 0.291665 145 148 169 170 
 426 0.125000 0.291664 145 146 147 148 
 427 0.166666 0.374996 149 150 159 160 
 428 0.208333 0.374995 149 150 151 152 
 429 0.250000 0.791663 154 155 175 176 
 430 0.291666 0.749995 155 156 310 311 
 431 0.333333 0.791662 153 156 200 201 
 432 0.291666 0.791663 153 154 155 156 
 433 0.125000 0.374997 157 158 159 160 
 434 0.249999 0.708329 161 162 311 312 
 435 0.208333 0.749996 162 163 174 175 
 436 0.166666 0.708330 163 164 377 378 
 437 0.208333 0.666662 161 164 290 291 
 438 0.208333 0.708329 161 162 163 164 
 439 0.624999 0.499993 166 167 249 250 
 440 0.624999 0.416660 165 168 266 267 
 441 0.624999 0.458326 165 166 167 168 
 442 0.041667 0.249999 169 172 181 182 
 443 0.041667 0.291666 169 170 171 172 
 444 0.166666 0.791664 173 174 384 385 
 445 0.208333 0.791664 173 174 175 176 
 446 0.958333 0.749999 678 680 699 705 
 447 0.958333 0.708332 668 674 677 679 
 448 0.958333 0.958333 683 688 694 697 
 449 0.958333 0.791666 700 706 709 711 
 450 0.875000 0.874999 716 722 725 727 
 451 0.333332 0.458326 179 180 244 245 
 452 0.291666 0.499994 177 180 319 322 
 453 0.291666 0.458327 177 178 179 180 
 454 0.041667 0.208333 181 182 183 184 
 455 0.291666 0.249995 186 187 236 237 
 456 0.291666 0.291661 185 186 187 188 
 457 0.624999 0.249995 732 735 913 918 
 458 0.583333 0.208328 189 205 738 790 
 459 0.624999 0.208329 189 190 734 737 
 460 0.708333 0.749996 192 193 381 382 
 461 0.708333 0.666661 191 194 230 233 
 462 0.708333 0.708328 191 192 193 194 
 463 0.333333 0.958332 740 743 825 830 
 464 0.250000 0.958333 749 754 760 763 
 465 0.291667 0.958332 742 745 747 752 
 466 0.166667 0.958333 758 769 856 870 
 467 0.208333 0.958333 756 762 765 767 
 468 0.083333 0.624998 195 196 207 798 
 469 0.125000 0.583330 196 197 359 362 
 470 0.166666 0.624996 197 198 291 292 
 471 0.125000 0.666664 195 198 376 377 
 472 0.125000 0.624997 195 196 197 198 
 473 0.958333 0.499999 773 783 879 892 
 474 0.958333 0.541666 774 777 779 784 
 475 0.374999 0.749995 201 202 294 295 
 476 0.416666 0.791662 199 202 226 229 
 477 0.374999 0.791662 199 200 201 202 
 478 0.499999 0.208328 203 204 261 262 
 479 0.541666 0.166662 204 205 258 259 
 480 0.541666 0.208328 203 204 205 788 
 481 0.041667 0.583332 792 795 901 906 
 482 0.041667 0.666666 206 207 387 390 
 483 0.041667 0.624999 206 207 794 797 
 484 0.833333 0.458329 799 805 930 932 
 485 0.791666 0.499995 208 210 213 804 
 486 0.791666 0.458328 208 209 800 806 
 487 0.041667 0.499999 809 819 895 908 
 488 0.041667 0.458332 810 813 815 820 
 489 0.375000 0.958332 823 828 834 837 
 490 0.791666 0.583329 211 212 239 873 
 491 0.749999 0.541661 212 213 284 285 
 492 0.791666 0.541662 210 211 212 213 
 493 0.666667 0.041666 214 215 240 241 
 494 0.750000 0.041666 216 217 219 220 
 495 0.708333 0.041666 214 215 216 217 
 496 0.833333 0.041666 218 221 252 255 
 497 0.791667 0.041666 218 219 220 221 
 498 0.375000 0.083331 222 223 356 357 
 499 0.333333 0.041666 223 224 343 346 
 500 0.416667 0.041666 222 225 331 332 
 501 0.375000 0.041666 222 223 224 225 
 502 0.916666 0.374998 848 851 981 986 
 503 0.875000 0.416664 840 854 922 933 
 504 0.875000 0.374997 839 844 850 853 
 505 0.499999 0.791662 227 228 336 337 
 506 0.458333 0.833329 228 229 314 960 
 507 0.458333 0.791662 226 227 228 229 
 508 0.666666 0.624994 230 231 298 299 
 509 0.708333 0.583327 231 232 282 285 
 510 0.749999 0.624995 232 233 238 239 
 511 0.708333 0.624994 230 231 232 233 
 512 0.125000 0.958333 855 860 866 869 
 513 0.291666 0.166663 234 235 351 352 
 514 0.333333 0.208329 235 236 327 328 
 515 0.291666 0.208329 234 235 236 237 
 516 0.791666 0.624996 238 239 874 877 
 517 0.916666 0.458331 882 884 919 925 
 518 0.958333 0.416666 885 890 980 994 
 519 0.958333 0.458332 881 883 888 894 
 520 0.625000 0.041666 240 241 242 243 
 521 0.374999 0.499993 244 247 268 271 
 522 0.374999 0.458326 244 245 246 247 
 523 0.666666 0.541660 250 251 282 283 
 524 0.624999 0.583326 248 251 298 301 
 525 0.624999 0.541660 248 249 250 251 
 526 0.875000 0.083332 254 255 323 324 
 527 0.875000 0.041666 252 253 254 255 
 528 0.500000 0.124997 256 259 363 366 
 529 0.541666 0.124997 256 257 258 259 
 530 0.083333 0.541664 359 360 898 900 
 531 0.041667 0.541666 897 899 904 910 
 532 0.458333 0.166662 260 261 363 364 
 533 0.458333 0.249994 262 263 288 289 
 534 0.416666 0.208328 260 263 329 330 
 535 0.458333 0.208328 260 261 262 263 
 536 0.624999 0.333327 264 265 276 277 
 537 0.624999 0.374993 264 265 266 267 
 538 0.374999 0.583326 269 270 280 281 
 539 0.333332 0.541660 270 271 319 320 
 540 0.374999 0.541659 268 269 270 271 
 541 0.916666 0.208332 272 273 371 372 
 542 0.875000 0.166665 272 275 325 326 
 543 0.875000 0.208331 272 273 274 275 
 544 0.666666 0.291661 276 915 935 948 
 545 0.624999 0.291661 276 277 911 916 
 546 0.374999 0.666660 278 279 296 297 
 547 0.374999 0.624993 278 279 280 281 
 548 0.708333 0.541661 282 283 284 285 
 549 0.458332 0.291660 286 287 288 289 
 550 0.208333 0.583328 292 293 315 318 
 551 0.208333 0.624995 290 291 292 293 
 552 0.333333 0.708328 295 296 310 313 
 553 0.374999 0.708328 294 295 296 297 
 554 0.875000 0.458330 920 926 929 931 
 555 0.624999 0.624993 298 299 300 301 
 556 0.708333 0.291662 937 939 944 950 
 557 0.958333 0.166666 304 305 372 373 
 558 0.916667 0.124999 302 305 324 325 
 559 0.958333 0.125000 302 303 304 305 
 560 0.541666 0.749994 308 309 337 338 
 561 0.541666 0.708327 306 307 308 309 
 562 0.291666 0.708328 310 311 312 313 
 563 0.500000 0.874997 954 961 1091 1104 
 564 0.458333 0.874997 314 952 958 959 
 565 0.166666 0.541662 315 316 361 362 
 566 0.249999 0.541661 317 318 321 322 
 567 0.208333 0.541662 315 316 317 318 
 568 0.291666 0.541660 319 320 321 322 
 569 0.875000 0.124999 323 324 325 326 
 570 0.374999 0.166663 328 329 355 358 
 571 0.374999 0.208329 327 328 329 330 
 572 0.458333 0.083331 331 334 365 366 
 573 0.458333 0.041666 331 332 333 334 
 574 0.541666 0.833329 335 336 1094 1096 
 575 0.583333 0.791662 335 338 347 348 
 576 0.541666 0.791662 335 336 337 338 
 577 0.958333 0.249999 371 374 965 970 
 578 0.958333 0.333332 972 975 983 989 
 579 0.958333 0.291666 963 968 974 977 
 580 0.958333 0.374999 979 984 990 993 
 581 0.166667 0.041666 339 340 369 370 
 582 0.250000 0.041666 341 342 344 345 
 583 0.208333 0.083332 339 342 391 392 
 584 0.208333 0.041666 339 340 341 342 
 585 0.291666 0.083332 343 344 353 354 
 586 0.291667 0.041666 343 344 345 346 
 587 0.666666 0.791663 349 350 380 381 
 588 0.625000 0.833330 347 350 1062 1073 
 589 0.624999 0.791662 347 348 349 350 
 590 0.666667 0.958332 996 999 1029 1039 
 591 0.583333 0.958332 1005 1010 1076 1090 
 592 0.625000 0.916665 997 1007 1064 1067 
 593 0.625000 0.958332 998 1001 1003 1008 
 594 0.250000 0.124998 352 353 392 393 
 595 0.333333 0.124997 351 354 355 356 
 596 0.291666 0.124997 351 352 353 354 
 597 0.416666 0.124997 357 358 364 365 
 598 0.375000 0.124997 355 356 357 358 
 599 0.125000 0.541663 359 360 361 362 
 600 0.458333 0.124997 363 364 365 366 
 601 0.125000 0.041666 367 368 369 370 
 602 0.958333 0.208333 371 372 373 374 
 603 0.750000 0.958333 1021 1026 1034 1036 
 604 0.791667 0.958333 1014 1017 1019 1024 
 605 0.708333 0.916665 1028 1031 1051 1057 
 606 0.708333 0.958333 1030 1033 1035 1040 
 607 0.083333 0.708332 375 376 387 388 
 608 0.125000 0.749998 375 378 383 384 
 609 0.125000 0.708331 375 376 377 378 
 610 0.708333 0.833330 379 380 1046 1048 
 611 0.708333 0.791663 379 380 381 382 
 612 0.666666 0.874997 1043 1056 1059 1065 
 613 0.708333 0.874998 1045 1047 1052 1058 
 614 0.083333 0.791665 383 386 396 397 
 615 0.125000 0.791665 383 384 385 386 
 616 0.583333 0.874997 1070 1072 1097 1102 
 617 0.625000 0.874997 1060 1066 1069 1071 
 618 0.041667 0.749999 388 389 395 396 
 619 0.041667 0.708332 387 388 389 390 
 620 0.541666 0.916665 1084 1087 1099 1105 
 621 0.541667 0.958332 1075 1080 1086 1089 
 622 0.208333 0.124998 391 392 393 394 
 623 0.541666 0.874997 1093 1095 1100 1106 
 624 0.041667 0.791666 395 396 397 398 
 625 0.020833 1.000000 633 634 
 626 0.979167 1.000000 696 698 
 627 0.979167 0.250000 969 970 
 628 1.000000 0.270833 967 969 
 629 0.979167 0.291666 967 968 973 974 
 630 1.000000 0.312500 971 973 
 631 1.000000 0.354167 987 988 
 632 0.979167 0.333333 971 972 987 989 
 633 1.000000 0.395833 991 992 
 634 0.979167 0.374999 988 990 991 993 
 635 0.979167 0.416666 889 890 992 994 
 636 1.000000 0.437500 887 889 
 637 0.979167 0.458333 887 888 893 894 
 638 1.000000 0.479167 891 893 
 639 1.000000 0.520833 771 772 
 640 0.979167 0.499999 771 773 891 892 
 641 1.000000 0.562500 775 776 
 642 0.979167 0.541666 772 774 775 777 
 643 1.000000 0.604167 579 580 
 644 0.979167 0.583333 579 581 776 778 
 645 1.000000 0.645833 583 584 
 646 0.979167 0.625000 580 582 583 585 
 647 1.000000 0.687500 671 672 
 648 0.979167 0.666666 584 586 671 673 
 649 1.000000 0.729167 675 676 
 650 0.979167 0.708333 672 674 675 677 
 651 1.000000 0.770833 703 704 
 652 0.979167 0.750000 676 678 703 705 
 653 1.000000 0.812500 707 708 
 654 0.979167 0.791666 704 706 707 709 
 655 0.979167 0.833333 513 514 708 710 
 656 1.000000 0.854167 511 513 
 657 0.979167 0.875000 511 512 517 518 
 658 1.000000 0.895833 515 517 
 659 1.000000 0.937500 691 692 
 660 0.979167 0.916667 515 516 691 693 
 661 1.000000 0.979167 695 696 
 662 0.979167 0.958333 692 694 695 697 
 663 0.937500 1.000000 684 686 
 664 0.895833 1.000000 540 542 
 665 0.854167 1.000000 528 530 
 666 0.812500 1.000000 1016 1018 
 667 0.770833 1.000000 1020 1022 
 668 0.729167 1.000000 1037 1038 
 669 0.687500 1.000000 1041 1042 
 670 0.645833 1.000000 1000 1002 
 671 0.604167 1.000000 1004 1006 
 672 0.562500 1.000000 1077 1078 
 673 0.520833 1.000000 1081 1082 
 674 0.479167 1.000000 437 438 
 675 0.437500 1.000000 425 426 
 676 0.395833 1.000000 836 838 
 677 0.354167 1.000000 824 826 
 678 0.312500 1.000000 744 746 
 679 0.270833 1.000000 748 750 
 680 0.229167 1.000000 764 766 
 681 0.187500 1.000000 768 770 
 682 0.145833 1.000000 857 858 
 683 0.104167 1.000000 861 862 
 684 0.062500 1.000000 629 630 
 685 0.000000 0.979167 631 633 
 686 0.020833 0.958333 621 622 631 632 
 687 0.000000 0.937500 619 621 
 688 0.000000 0.895833 451 452 
 689 0.020833 0.916667 451 453 619 620 
 690 0.020833 0.875000 452 454 
 691 0.020833 0.624999 793 794 
 692 0.000000 0.604167 791 793 
 693 0.020833 0.583333 791 792 905 906 
 694 0.000000 0.562500 903 905 
 695 0.020833 0.541666 903 904 909 910 
 696 0.000000 0.520833 907 909 
 697 0.000000 0.479167 807 808 
 698 0.020833 0.499999 807 809 907 908 
 699 0.000000 0.437500 811 812 
 700 0.020833 0.458333 808 810 811 813 
 701 0.020833 0.416666 549 550 812 814 
 702 0.000000 0.395833 547 549 
 703 0.020833 0.374999 547 548 
 704 0.083333 0.604164 796 798 
 705 0.895833 0.499997 495 497 923 924 
 706 0.916666 0.520831 495 496 785 786 
 707 0.916666 0.479164 880 882 923 925 
 708 0.583333 0.937498 1009 1010 1088 1090 
 709 0.583333 0.895831 1068 1070 1101 1102 
 710 0.895833 0.666664 560 562 647 649 
 711 0.916666 0.687498 647 648 669 670 
 712 0.250000 0.895831 404 406 439 441 
 713 0.229166 0.916665 439 440 759 761 
 714 0.250000 0.937499 753 754 759 760 
 715 0.750000 0.895832 596 598 1053 1054 
 716 0.750000 0.937499 1025 1026 1032 1034 
 717 0.916667 0.895833 504 506 719 721 
 718 0.895833 0.916666 535 537 719 720 
 719 0.916667 0.937500 535 536 689 690 
 720 0.083333 0.895833 449 450 523 524 
 721 0.104167 0.916666 523 525 863 864 
 722 0.083333 0.937500 624 626 863 865 
 723 0.083333 0.479164 821 822 
 724 0.083333 0.520831 896 898 
 725 0.416666 0.937498 427 429 831 832 
 726 0.437500 0.916665 427 428 955 957 
 727 0.416666 0.895831 455 457 955 956 
 728 0.395833 0.916665 455 456 831 833 
 729 0.916666 0.312498 591 593 976 978 
 730 0.895833 0.333331 591 592 847 849 
 731 0.916666 0.354165 847 848 985 986 
 732 0.895833 0.749998 415 417 636 638 
 733 0.916666 0.770832 415 416 701 702 
 734 0.833333 0.770831 413 414 475 476 
 735 0.812500 0.749997 475 477 616 618 
 736 0.333333 0.895831 399 401 460 462 
 737 0.312500 0.916665 399 400 739 741 
 738 0.333333 0.937499 739 740 829 830 
 739 0.895833 0.833332 420 422 717 718 
 740 0.833333 0.937499 533 534 1011 1012 
 741 0.833333 0.895832 607 609 724 726 
 742 0.812500 0.916666 607 608 1011 1013 
 743 0.895833 0.583331 500 502 555 557 
 744 0.916666 0.604165 555 556 577 578 
 745 0.895833 0.416664 852 854 921 922 
 746 0.500000 0.937498 432 434 1083 1085 
 747 0.500000 0.895831 953 954 1103 1104 
 748 0.520833 0.916665 1083 1084 1103 1105 
 749 0.666666 0.937499 995 996 1027 1029 
 750 0.645833 0.916665 995 997 1063 1064 
 751 0.687500 0.916665 1027 1028 1055 1057 
 752 0.666666 0.895831 1055 1056 1063 1065 
 753 0.166666 0.895832 444 446 521 522 
 754 0.166667 0.937499 757 758 868 870 
 755 0.812499 0.416662 664 666 801 802 
 756 0.520833 0.833329 1092 1094 
 757 0.833333 0.604163 569 570 871 872 
 758 0.812499 0.583329 871 873 
 759 0.812499 0.666663 611 613 876 878 
 760 0.833333 0.687497 611 612 645 646 
 761 0.812500 0.833331 480 482 605 606 
 762 0.833333 0.312497 471 473 588 590 
 763 0.812499 0.333329 471 472 659 661 
 764 0.833333 0.354163 659 660 845 846 
 765 0.687499 0.249995 936 938 
 766 0.666666 0.229162 731 733 
 767 0.645833 0.249995 731 732 917 918 
 768 0.833333 0.520829 493 494 
 769 0.833333 0.479163 803 805 928 930 
 770 0.812499 0.499996 803 804 
 771 0.749999 0.312495 464 466 945 946 
 772 0.749999 0.354161 552 554 657 658 
 773 0.645833 0.833330 1061 1062 
 774 0.687500 0.833330 1044 1046 
 775 0.583333 0.229161 736 738 789 790 
 776 0.687499 0.333328 947 949 
 777 0.666666 0.312494 947 948 
 778 0.312500 0.874997 401 402 
 779 0.270833 0.916665 403 404 751 753 
 780 0.291666 0.895831 400 402 403 405 
 781 0.291666 0.937499 741 742 751 752 
 782 0.229166 0.874998 441 442 
 783 0.270833 0.874998 405 406 
 784 0.562499 0.249994 787 789 
 785 0.541666 0.229161 787 788 
 786 0.583333 0.270827 912 914 
 787 0.833333 0.812498 409 410 479 480 
 788 0.812500 0.791664 476 478 479 481 
 789 0.854166 0.749997 411 413 640 642 
 790 0.875000 0.770831 411 412 417 418 
 791 0.916667 0.812499 419 420 713 714 
 792 0.895833 0.791665 416 418 419 421 
 793 0.854166 0.833332 408 410 729 730 
 794 0.854166 0.791665 407 409 412 414 
 795 0.875000 0.812498 407 408 421 422 
 796 0.416667 0.979166 423 425 835 836 
 797 0.437500 0.958332 423 424 429 430 
 798 0.395833 0.958332 832 834 835 837 
 799 0.479166 0.916665 431 432 951 953 
 800 0.458333 0.937498 428 430 431 433 
 801 0.458333 0.895831 951 952 957 958 
 802 0.500000 0.979166 436 438 1079 1081 
 803 0.520833 0.958332 1079 1080 1085 1086 
 804 0.458333 0.979166 424 426 435 437 
 805 0.479167 0.958332 433 434 435 436 
 806 0.187500 0.916665 443 444 755 757 
 807 0.208333 0.895832 440 442 443 445 
 808 0.208333 0.937499 755 756 761 762 
 809 0.187500 0.874998 445 446 
 810 0.062500 0.916666 447 449 623 624 
 811 0.041667 0.895833 447 448 453 454 
 812 0.041667 0.937500 620 622 623 625 
 813 0.104167 0.874999 524 526 
 814 0.062500 0.874999 448 450 
 815 0.083333 0.437498 817 818 
 816 0.395833 0.874997 457 458 
 817 0.437500 0.874997 956 958 
 818 0.354166 0.916665 459 460 827 829 
 819 0.375000 0.895831 456 458 459 461 
 820 0.375000 0.937498 827 828 833 834 
 821 0.354166 0.874997 461 462 
 822 0.749999 0.270829 468 470 941 942 
 823 0.770833 0.249996 469 470 
 824 0.812500 0.291663 473 474 
 825 0.770833 0.333329 463 464 655 657 
 826 0.791666 0.312496 463 465 472 474 
 827 0.791666 0.354162 655 656 661 662 
 828 0.770833 0.291662 465 466 467 468 
 829 0.791666 0.270830 467 469 
 830 0.770833 0.833331 484 486 601 602 
 831 0.750000 0.812497 485 486 
 832 0.791666 0.770830 477 478 
 833 0.791666 0.812497 481 482 483 484 
 834 0.770833 0.791664 483 485 
 835 0.833333 0.562496 489 490 
 836 0.854166 0.499996 491 493 927 928 
 837 0.875000 0.520830 491 492 497 498 
 838 0.875000 0.479164 924 926 927 929 
 839 0.916666 0.562498 499 500 781 782 
 840 0.895833 0.541664 496 498 499 501 
 841 0.854166 0.583330 488 490 567 569 
 842 0.875000 0.604164 557 558 567 568 
 843 0.854166 0.541663 487 489 492 494 
 844 0.875000 0.562497 487 488 501 502 
 845 0.916667 0.854166 508 510 715 717 
 846 0.895833 0.874999 715 716 721 722 
 847 0.937500 0.833333 509 510 712 714 
 848 0.937500 0.916666 503 504 687 689 
 849 0.958333 0.895833 503 505 516 518 
 850 0.958333 0.937500 687 688 693 694 
 851 0.937500 0.874999 505 506 507 508 
 852 0.958333 0.854166 507 509 512 514 
 853 0.145833 0.916666 519 521 867 868 
 854 0.125000 0.895832 519 520 525 526 
 855 0.125000 0.937499 864 866 867 869 
 856 0.145833 0.874999 520 522 
 857 0.833333 0.979166 529 530 1015 1016 
 858 0.812500 0.958333 1012 1014 1015 1017 
 859 0.854167 0.916666 531 533 723 724 
 860 0.875000 0.937499 531 532 537 538 
 861 0.875000 0.895832 720 722 723 725 
 862 0.916667 0.979167 539 540 685 686 
 863 0.895833 0.958333 536 538 539 541 
 864 0.875000 0.979166 527 528 541 542 
 865 0.854167 0.958333 527 529 532 534 
 866 0.083333 0.395831 544 546 
 867 0.062500 0.416665 545 546 816 818 
 868 0.062500 0.374998 543 544 
 869 0.041667 0.395832 543 545 548 550 
 870 0.729166 0.333328 551 552 943 945 
 871 0.708333 0.354161 551 553 
 872 0.708333 0.312495 943 944 949 950 
 873 0.749999 0.395828 653 654 
 874 0.729166 0.374994 553 554 
 875 0.729166 0.249996 940 942 
 876 0.645833 0.208329 733 734 
 877 0.916666 0.645831 559 560 573 574 
 878 0.895833 0.624998 556 558 559 561 
 879 0.854166 0.666664 564 566 643 645 
 880 0.875000 0.687497 643 644 649 650 
 881 0.833333 0.645830 565 566 875 876 
 882 0.812499 0.624996 872 874 875 877 
 883 0.875000 0.645831 561 562 563 564 
 884 0.854166 0.624997 563 565 568 570 
 885 0.937500 0.583332 575 577 780 782 
 886 0.958333 0.604166 575 576 581 582 
 887 0.937500 0.666665 572 574 667 669 
 888 0.958333 0.687499 667 668 673 674 
 889 0.937500 0.624999 571 573 576 578 
 890 0.958333 0.645832 571 572 585 586 
 891 0.916666 0.270832 964 966 
 892 0.895833 0.291665 593 594 
 893 0.854166 0.333330 587 588 843 845 
 894 0.875000 0.312497 587 589 592 594 
 895 0.875000 0.354164 843 844 849 850 
 896 0.854166 0.291664 589 590 
 897 0.750000 0.854164 600 602 1049 1050 
 898 0.833333 0.854165 603 605 728 730 
 899 0.812500 0.874998 603 604 609 610 
 900 0.770833 0.916665 595 596 1023 1025 
 901 0.791666 0.895832 595 597 608 610 
 902 0.791667 0.937499 1013 1014 1023 1024 
 903 0.791666 0.854165 599 601 604 606 
 904 0.770833 0.874998 597 598 599 600 
 905 0.791666 0.687496 613 614 
 906 0.833333 0.729164 615 616 641 642 
 907 0.812500 0.708330 612 614 615 617 
 908 0.791666 0.729163 617 618 
 909 0.083333 0.979167 628 630 859 861 
 910 0.104167 0.958333 859 860 865 866 
 911 0.041667 0.979167 627 629 632 634 
 912 0.062500 0.958333 625 626 627 628 
 913 0.916666 0.729165 635 636 681 682 
 914 0.895833 0.708331 635 637 648 650 
 915 0.875000 0.729164 637 638 639 640 
 916 0.854166 0.708331 639 641 644 646 
 917 0.833333 0.395829 663 664 841 842 
 918 0.812499 0.374996 660 662 663 665 
 919 0.770833 0.416661 652 654 
 920 0.770833 0.374995 651 653 656 658 
 921 0.791666 0.395829 651 652 665 666 
 922 0.937500 0.749999 680 682 699 701 
 923 0.958333 0.770833 699 700 705 706 
 924 0.937500 0.708332 668 670 679 681 
 925 0.958333 0.729166 677 678 679 680 
 926 0.958333 0.979167 683 684 697 698 
 927 0.937500 0.958333 683 685 688 690 
 928 0.937500 0.791666 700 702 711 713 
 929 0.958333 0.812499 709 710 711 712 
 930 0.875000 0.854165 716 718 727 729 
 931 0.854166 0.874999 725 726 727 728 
 932 0.604166 0.249994 735 736 913 914 
 933 0.624999 0.229162 732 734 735 737 
 934 0.604166 0.208329 737 738 
 935 0.333333 0.979166 743 744 825 826 
 936 0.312500 0.958332 740 742 743 745 
 937 0.250000 0.979166 749 750 763 764 
 938 0.229167 0.958333 760 762 763 765 
 939 0.291667 0.979166 745 746 747 748 
 940 0.270833 0.958333 747 749 752 754 
 941 0.166667 0.979166 769 770 856 858 
 942 0.208333 0.979166 765 766 767 768 
 943 0.187500 0.958333 756 758 767 769 
 944 0.937500 0.499998 783 785 879 880 
 945 0.958333 0.520832 773 774 783 784 
 946 0.958333 0.479166 879 881 892 894 
 947 0.937500 0.541665 779 781 784 786 
 948 0.958333 0.562499 777 778 779 780 
 949 0.562499 0.208328 788 790 
 950 0.062500 0.583332 795 796 901 902 
 951 0.041667 0.604166 792 794 795 797 
 952 0.062500 0.624998 797 798 
 953 0.833333 0.437496 799 801 932 934 
 954 0.812499 0.458329 799 800 805 806 
 955 0.791666 0.479162 804 806 
 956 0.791666 0.437495 800 802 
 957 0.062500 0.499998 819 821 895 896 
 958 0.041667 0.479166 809 810 819 820 
 959 0.041667 0.520832 895 897 908 910 
 960 0.062500 0.458332 815 817 820 822 
 961 0.041667 0.437499 813 814 815 816 
 962 0.375000 0.979166 823 824 837 838 
 963 0.354167 0.958332 823 825 828 830 
 964 0.791666 0.604162 873 874 
 965 0.916666 0.395831 851 852 981 982 
 966 0.895833 0.374998 848 850 851 853 
 967 0.854166 0.416663 840 842 933 934 
 968 0.854166 0.374997 839 841 844 846 
 969 0.875000 0.395830 839 840 853 854 
 970 0.479166 0.833329 960 962 
 971 0.125000 0.979166 855 857 860 862 
 972 0.145833 0.958333 855 856 869 870 
 973 0.791666 0.645829 877 878 
 974 0.916666 0.437498 884 886 919 921 
 975 0.895833 0.458331 919 920 925 926 
 976 0.937500 0.416665 885 886 980 982 
 977 0.937500 0.458332 881 882 883 884 
 978 0.958333 0.437499 883 885 888 890 
 979 0.083333 0.562498 900 902 
 980 0.041667 0.562499 899 901 904 906 
 981 0.062500 0.541665 897 898 899 900 
 982 0.666666 0.270828 915 917 935 936 
 983 0.645833 0.291661 915 916 
 984 0.687499 0.291661 935 937 948 950 
 985 0.604166 0.291661 911 912 
 986 0.624999 0.270828 911 913 916 918 
 987 0.854166 0.458330 929 930 931 932 
 988 0.875000 0.437497 920 922 931 933 
 989 0.729166 0.291662 939 941 944 946 
 990 0.708333 0.270828 937 938 939 940 
 991 0.500000 0.854163 961 962 1091 1092 
 992 0.520833 0.874997 1091 1093 1104 1106 
 993 0.458333 0.854163 959 960 
 994 0.479166 0.874997 952 954 959 961 
 995 0.562499 0.833329 1096 1098 
 996 0.937500 0.249999 965 966 
 997 0.937500 0.333332 975 976 983 985 
 998 0.958333 0.312499 972 974 975 977 
 999 0.958333 0.354166 983 984 989 990 
 1000 0.937500 0.291665 963 964 977 978 
 1001 0.958333 0.270833 963 965 968 970 
 1002 0.937500 0.374998 979 981 984 986 
 1003 0.958333 0.395832 979 980 993 994 
 1004 0.604166 0.833330 1073 1074 
 1005 0.666667 0.979166 999 1000 1039 1041 
 1006 0.645833 0.958332 996 998 999 1001 
 1007 0.687500 0.958332 1029 1030 1039 1040 
 1008 0.583333 0.979166 1005 1006 1076 1078 
 1009 0.604166 0.916665 1007 1009 1067 1068 
 1010 0.625000 0.937499 997 998 1007 1008 
 1011 0.625000 0.895831 1064 1066 1067 1069 
 1012 0.625000 0.979166 1001 1002 1003 1004 
 1013 0.604167 0.958332 1003 1005 1008 1010 
 1014 0.750000 0.979166 1021 1022 1036 1038 
 1015 0.791667 0.979166 1017 1018 1019 1020 
 1016 0.770833 0.958333 1019 1021 1024 1026 
 1017 0.729166 0.916665 1031 1032 1051 1053 
 1018 0.708333 0.937499 1028 1030 1031 1033 
 1019 0.708333 0.895831 1051 1052 1057 1058 
 1020 0.708333 0.979166 1035 1037 1040 1042 
 1021 0.729167 0.958333 1033 1034 1035 1036 
 1022 0.729166 0.833330 1048 1050 
 1023 0.666666 0.854164 1043 1044 1059 1061 
 1024 0.687500 0.874997 1043 1045 1056 1058 
 1025 0.645833 0.874997 1059 1060 1065 1066 
 1026 0.729166 0.874998 1047 1049 1052 1054 
 1027 0.708333 0.854164 1045 1046 1047 1048 
 1028 0.583333 0.854163 1072 1074 1097 1098 
 1029 0.625000 0.854163 1060 1062 1071 1073 
 1030 0.604166 0.874997 1069 1070 1071 1072 
 1031 0.562500 0.916665 1087 1088 1099 1101 
 1032 0.541666 0.937498 1084 1086 1087 1089 
 1033 0.541666 0.895831 1099 1100 1105 1106 
 1034 0.541667 0.979166 1075 1077 1080 1082 
 1035 0.562500 0.958332 1075 1076 1089 1090 
 1036 0.541666 0.854163 1093 1094 1095 1096 
 1037 0.562500 0.874997 1095 1097 1100 1102 
 1038 0.312500 0.895831 399 400 401 402 
 1039 0.270833 0.895831 403 404 405 406 
 1040 0.854166 0.812498 407 408 409 410 
 1041 0.854166 0.770831 411 412 413 414 
 1042 0.895833 0.770832 415 416 417 418 
 1043 0.895833 0.812499 419 420 421 422 
 1044 0.437500 0.979166 423 424 425 426 
 1045 0.437500 0.937498 427 428 429 430 
 1046 0.479166 0.937498 431 432 433 434 
 1047 0.479167 0.979166 435 436 437 438 
 1048 0.229166 0.895832 439 440 441 442 
 1049 0.187500 0.895832 443 444 445 446 
 1050 0.062500 0.895833 447 448 449 450 
 1051 0.020833 0.895833 451 452 453 454 
 1052 0.395833 0.895831 455 456 457 458 
 1053 0.354166 0.895831 459 460 461 462 
 1054 0.770833 0.312496 463 464 465 466 
 1055 0.770833 0.270829 467 468 469 470 
 1056 0.812499 0.312496 471 472 473 474 
 1057 0.812500 0.770830 475 476 477 478 
 1058 0.812500 0.812498 479 480 481 482 
 1059 0.770833 0.812497 483 484 485 486 
 1060 0.854166 0.562496 487 488 489 490 
 1061 0.854166 0.520830 491 492 493 494 
 1062 0.895833 0.520831 495 496 497 498 
 1063 0.895833 0.562497 499 500 501 502 
 1064 0.937500 0.895833 503 504 505 506 
 1065 0.937500 0.854166 507 508 509 510 
 1066 0.979167 0.854166 511 512 513 514 
 1067 0.979167 0.895833 515 516 517 518 
 1068 0.145833 0.895832 519 520 521 522 
 1069 0.104167 0.895832 523 524 525 526 
 1070 0.854167 0.979166 527 528 529 530 
 1071 0.854167 0.937499 531 532 533 534 
 1072 0.895833 0.937499 535 536 537 538 
 1073 0.895833 0.979166 539 540 541 542 
 1074 0.062500 0.395832 543 544 545 546 
 1075 0.020833 0.395833 547 548 549 550 
 1076 0.729166 0.354161 551 552 553 554 
 1077 0.895833 0.604164 555 556 557 558 
 1078 0.895833 0.645831 559 560 561 562 
 1079 0.854166 0.645830 563 564 565 566 
 1080 0.854166 0.604163 567 568 569 570 
 1081 0.937500 0.645832 571 572 573 574 
 1082 0.937500 0.604165 575 576 577 578 
 1083 0.979167 0.604166 579 580 581 582 
 1084 0.979167 0.645833 583 584 585 586 
 1085 0.854166 0.312497 587 588 589 590 
 1086 0.895833 0.312498 591 592 593 594 
 1087 0.770833 0.895832 595 596 597 598 
 1088 0.770833 0.854164 599 600 601 602 
 1089 0.812500 0.854165 603 604 605 606 
 1090 0.812500 0.895832 607 608 609 610 
 1091 0.812500 0.687496 611 612 613 614 
 1092 0.812500 0.729163 615 616 617 618 
 1093 0.020833 0.937500 619 620 621 622 
 1094 0.062500 0.937500 623 624 625 626 
 1095 0.062500 0.979167 627 628 629 630 
 1096 0.020833 0.979167 631 632 633 634 
 1097 0.895833 0.729165 635 636 637 638 
 1098 0.854166 0.729164 639 640 641 642 
 1099 0.854166 0.687497 643 644 645 646 
 1100 0.895833 0.687498 647 648 649 650 
 1101 0.770833 0.395828 651 652 653 654 
 1102 0.770833 0.354162 655 656 657 658 
 1103 0.812499 0.354163 659 660 661 662 
 1104 0.812499 0.395829 663 664 665 666 
 1105 0.937500 0.687499 667 668 669 670 
 1106 0.979167 0.687500 671 672 673 674 
 1107 0.979167 0.729166 675 676 677 678 
 1108 0.937500 0.729165 679 680 681 682 
 1109 0.937500 0.979167 683 684 685 686 
 1110 0.937500 0.937500 687 688 689 690 
 1111 0.979167 0.937500 691 692 693 694 
 1112 0.979167 0.979167 695 696 697 698 
 1113 0.937500 0.770832 699 700 701 702 
 1114 0.979167 0.770833 703 704 705 706 
 1115 0.979167 0.812500 707 708 709 710 
 1116 0.937500 0.812499 711 712 713 714 
 1117 0.895833 0.854166 715 716 717 718 
 1118 0.895833 0.895833 719 720 721 722 
 1119 0.854167 0.895832 723 724 725 726 
 1120 0.854166 0.854165 727 728 729 730 
 1121 0.645833 0.229162 731 732 733 734 
 1122 0.604166 0.229162 735 736 737 738 
 1123 0.312500 0.937499 739 740 741 742 
 1124 0.312500 0.979166 743 744 745 746 
 1125 0.270833 0.979166 747 748 749 750 
 1126 0.270833 0.937499 751 752 753 754 
 1127 0.187500 0.937499 755 756 757 758 
 1128 0.229167 0.937499 759 760 761 762 
 1129 0.229167 0.979166 763 764 765 766 
 1130 0.187500 0.979166 767 768 769 770 
 1131 0.979167 0.520833 771 772 773 774 
 1132 0.979167 0.562499 775 776 777 778 
 1133 0.937500 0.562498 779 780 781 782 
 1134 0.937500 0.520832 783 784 785 786 
 1135 0.562499 0.229161 787 788 789 790 
 1136 0.020833 0.604166 791 792 793 794 
 1137 0.062500 0.604165 795 796 797 798 
 1138 0.812499 0.437496 799 800 801 802 
 1139 0.812499 0.479162 803 804 805 806 
 1140 0.020833 0.479166 807 808 809 810 
 1141 0.020833 0.437499 811 812 813 814 
 1142 0.062500 0.437498 815 816 817 818 
 1143 0.062500 0.479165 819 820 821 822 
 1144 0.354167 0.979166 823 824 825 826 
 1145 0.354166 0.937499 827 828 829 830 
 1146 0.395833 0.937498 831 832 833 834 
 1147 0.395833 0.979166 835 836 837 838 
 1148 0.854166 0.395830 839 840 841 842 
 1149 0.854166 0.354163 843 844 845 846 
 1150 0.895833 0.354164 847 848 849 850 
 1151 0.895833 0.395831 851 852 853 854 
 1152 0.145833 0.979166 855 856 857 858 
 1153 0.104167 0.979166 859 860 861 862 
 1154 0.104167 0.937499 863 864 865 866 
 1155 0.145833 0.937499 867 868 869 870 
 1156 0.812499 0.604162 871 872 873 874 
 1157 0.812499 0.645829 875 876 877 878 
 1158 0.937500 0.479165 879 880 881 882 
 1159 0.937500 0.437498 883 884 885 886 
 1160 0.979167 0.437499 887 888 889 890 
 1161 0.979167 0.479166 891 892 893 894 
 1162 0.062500 0.520832 895 896 897 898 
 1163 0.062500 0.562498 899 900 901 902 
 1164 0.020833 0.562499 903 904 905 906 
 1165 0.020833 0.520833 907 908 909 910 
 1166 0.604166 0.270828 911 912 913 914 
 1167 0.645833 0.270828 915 916 917 918 
 1168 0.895833 0.437497 919 920 921 922 
 1169 0.895833 0.479164 923 924 925 926 
 1170 0.854166 0.479163 927 928 929 930 
 1171 0.854166 0.437496 931 932 933 934 
 1172 0.687499 0.270828 935 936 937 938 
 1173 0.729166 0.270829 939 940 941 942 
 1174 0.729166 0.312495 943 944 945 946 
 1175 0.687499 0.312494 947 948 949 950 
 1176 0.479166 0.895831 951 952 953 954 
 1177 0.437500 0.895831 955 956 957 958 
 1178 0.479166 0.854163 959 960 961 962 
 1179 0.937500 0.270832 963 964 965 966 
 1180 0.979167 0.270833 967 968 969 970 
 1181 0.979167 0.312500 971 972 973 974 
 1182 0.937500 0.312499 975 976 977 978 
 1183 0.937500 0.395832 979 980 981 982 
 1184 0.937500 0.354165 983 984 985 986 
 1185 0.979167 0.354166 987 988 989 990 
 1186 0.979167 0.395833 991 992 993 994 
 1187 0.645833 0.937499 995 996 997 998 
 1188 0.645833 0.979166 999 1000 1001 1002 
 1189 0.604167 0.979166 1003 1004 1005 1006 
 1190 0.604166 0.937498 1007 1008 1009 1010 
 1191 0.812500 0.937499 1011 1012 1013 1014 
 1192 0.812500 0.979166 1015 1016 1017 1018 
 1193 0.770833 0.979166 1019 1020 1021 1022 
 1194 0.770833 0.937499 1023 1024 1025 1026 
 1195 0.687500 0.937499 1027 1028 1029 1030 
 1196 0.729167 0.937499 1031 1032 1033 1034 
 1197 0.729167 0.979166 1035 1036 1037 1038 
 1198 0.687500 0.979166 1039 1040 1041 1042 
 1199 0.687500 0.854164 1043 1044 1045 1046 
 1200 0.729166 0.854164 1047 1048 1049 1050 
 1201 0.729166 0.895831 1051 1052 1053 1054 
 1202 0.687500 0.895831 1055 1056 1057 1058 
 1203 0.645833 0.854164 1059 1060 1061 1062 
 1204 0.645833 0.895831 1063 1064 1065 1066 
 1205 0.604166 0.895831 1067 1068 1069 1070 
 1206 0.604166 0.854163 1071 1072 1073 1074 
 1207 0.562500 0.979166 1075 1076 1077 1078 
 1208 0.520833 0.979166 1079 1080 1081 1082 
 1209 0.520833 0.937498 1083 1084 1085 1086 
 1210 0.562500 0.937498 1087 1088 1089 1090 
 1211 0.520833 0.854163 1091 1092 1093 1094 
 1212 0.562500 0.854163 1095 1096 1097 1098 
 1213 0.562500 0.895831 1099 1100 1101 1102 
 1214 0.520833 0.895831 1103 1104 1105 1106 
 