64 1 2 100 75 76
96 1 2 134 92 93
97 1 2 136 93 94
100 2 1 16 16 17
103 2 1 15 15 16
118 1 2 138 94 95
119 2 1 0 0 4
119 1 2 140 95 0
120 2 1 4 4 5
134 2 3 25 26 25
135 3 0 26 27 1
135 2 3 1 1 26
136 3 0 28 28 27
169 1 2 126 88 89
170 1 2 128 89 90
180 1 2 130 90 91
181 1 2 132 91 92
203 1 0 111 81 80
212 2 1 19 19 20
213 2 1 20 20 21
217 2 3 21 22 21
218 2 3 22 23 22
221 2 3 11 12 11
222 2 3 12 13 12
237 2 3 18 19 18
240 2 3 17 18 17
249 2 3 23 24 23
250 2 3 24 25 24
301 3 0 30 29 28
302 3 0 32 30 29
331 2 1 13 13 14
332 2 1 14 14 15
339 2 3 7 8 7
340 2 3 8 9 8
344 2 3 9 10 9
345 2 3 10 11 10
367 2 1 5 5 6
368 2 1 6 6 7
371 3 0 34 31 30
387 1 0 107 79 78
388 1 0 109 80 79
395 1 0 105 78 77
398 1 0 103 77 76
425 0 3 1304 63 677
426 0 3 1305 677 62
437 0 3 1302 62 676
438 0 3 1303 676 61
451 1 2 1330 74 690
452 1 2 1331 690 75
511 3 0 1266 47 658
513 3 0 1267 658 46
515 3 0 1270 48 660
517 3 0 1271 660 47
528 0 1 1284 52 667
530 0 1 1285 667 53
540 0 1 1282 51 666
542 0 1 1283 666 52
551 1 0 1358 87 704
553 1 0 1359 704 86
555 1 0 1362 88 706
557 1 0 1363 706 87
591 3 2 1240 40 645
592 3 2 1241 645 41
595 3 2 1244 41 647
596 3 2 1245 647 42
631 1 0 1328 74 689
633 1 0 1329 689 73
641 0 3 1322 72 686
642 0 3 1323 686 71
643 1 0 1324 73 687
645 1 0 1325 687 2
645 0 3 1200 2 625
646 0 3 1201 625 72
679 3 2 1248 42 649
680 3 2 1249 649 43
683 3 2 1252 43 651
684 3 2 1253 651 44
692 0 1 1280 50 665
694 0 1 1281 665 51
699 3 2 1272 48 661
700 3 2 1273 661 49
703 3 2 1276 49 663
704 0 1 1202 3 626
704 3 2 1277 663 3
706 0 1 1203 626 50
711 3 2 1256 44 653
712 3 2 1257 653 45
715 3 2 1260 45 655
716 3 2 1261 655 46
752 0 1 1310 65 680
754 0 1 1311 680 66
756 0 1 1312 66 681
758 0 1 1313 681 67
772 0 1 1314 67 682
774 0 1 1315 682 68
776 0 1 1316 68 683
778 0 1 1317 683 69
779 3 2 1232 38 641
780 3 2 1233 641 39
783 3 2 1236 39 643
784 3 2 1237 643 40
803 1 0 1338 82 694
805 1 0 1339 694 81
819 1 2 1348 84 699
820 1 2 1349 699 85
823 1 2 1352 85 701
824 1 2 1353 701 86
836 0 1 1308 64 679
838 0 1 1309 679 65
848 0 1 1306 63 678
850 0 1 1307 678 64
869 0 3 1318 70 684
870 0 3 1319 684 69
873 0 3 1320 71 685
874 0 3 1321 685 70
899 3 0 1226 37 638
901 3 0 1227 638 36
903 3 0 1230 38 640
905 3 0 1231 640 37
915 1 0 1342 83 696
917 1 0 1343 696 82
919 1 0 1346 84 698
921 1 0 1347 698 83
971 3 0 1210 33 630
973 3 0 1211 630 32
975 3 0 1214 34 632
977 3 0 1215 632 33
991 3 2 1216 34 633
992 3 2 1217 633 35
995 3 2 1220 35 635
996 3 2 1221 635 36
1004 0 1 1294 57 672
1006 0 1 1295 672 58
1008 0 1 1296 58 673
1010 0 1 1297 673 59
1019 3 0 1206 32 628
1021 3 0 1207 628 31
1028 0 1 1286 53 668
1030 0 1 1287 668 54
1032 0 1 1288 54 669
1034 0 1 1289 669 55
1049 0 3 1290 56 670
1050 0 3 1291 670 55
1053 0 3 1292 57 671
1054 0 3 1293 671 56
1085 0 3 1298 60 674
1086 0 3 1299 674 59
1089 0 3 1300 61 675
1090 0 3 1301 675 60
