0 0.000000 0.000000 119 
 1 1.000000 0.000000 135 
 2 0.000000 1.000000 645 
 3 1.000000 1.000000 704 
 4 0.041667 0.000000 119 120 
 5 0.083333 0.000000 120 367 
 6 0.125000 0.000000 367 368 
 7 0.166667 0.000000 339 368 
 8 0.208333 0.000000 339 340 
 9 0.250000 0.000000 340 344 
 10 0.291667 0.000000 344 345 
 11 0.333333 0.000000 221 345 
 12 0.375000 0.000000 221 222 
 13 0.416667 0.000000 222 331 
 14 0.458333 0.000000 331 332 
 15 0.500000 0.000000 103 332 
 16 0.541667 0.000000 100 103 
 17 0.583333 0.000000 100 240 
 18 0.625000 0.000000 237 240 
 19 0.666667 0.000000 212 237 
 20 0.708333 0.000000 212 213 
 21 0.750000 0.000000 213 217 
 22 0.791667 0.000000 217 218 
 23 0.833333 0.000000 218 249 
 24 0.875000 0.000000 249 250 
 25 0.916667 0.000000 134 250 
 26 0.958333 0.000000 134 135 
 27 1.000000 0.041667 135 136 
 28 1.000000 0.083333 136 301 
 29 1.000000 0.125000 301 302 
 30 1.000000 0.166667 302 371 
 31 1.000000 0.208333 371 1021 
 32 1.000000 0.250000 973 1019 
 33 1.000000 0.291667 971 977 
 34 1.000000 0.333333 975 991 
 35 1.000000 0.375000 992 995 
 36 1.000000 0.416667 901 996 
 37 1.000000 0.458333 899 905 
 38 1.000000 0.500000 779 903 
 39 1.000000 0.541667 780 783 
 40 1.000000 0.583333 591 784 
 41 1.000000 0.625000 592 595 
 42 1.000000 0.666667 596 679 
 43 1.000000 0.708333 680 683 
 44 1.000000 0.750000 684 711 
 45 1.000000 0.791667 712 715 
 46 1.000000 0.833333 513 716 
 47 1.000000 0.875000 511 517 
 48 1.000000 0.916667 515 699 
 49 1.000000 0.958333 700 703 
 50 0.958333 1.000000 692 706 
 51 0.916667 1.000000 540 694 
 52 0.875000 1.000000 528 542 
 53 0.833333 1.000000 530 1028 
 54 0.791667 1.000000 1030 1032 
 55 0.750000 1.000000 1034 1050 
 56 0.708333 1.000000 1049 1054 
 57 0.666667 1.000000 1004 1053 
 58 0.625000 1.000000 1006 1008 
 59 0.583333 1.000000 1010 1086 
 60 0.541667 1.000000 1085 1090 
 61 0.500000 1.000000 438 1089 
 62 0.458333 1.000000 426 437 
 63 0.416667 1.000000 425 848 
 64 0.375000 1.000000 836 850 
 65 0.333333 1.000000 752 838 
 66 0.291667 1.000000 754 756 
 67 0.250000 1.000000 758 772 
 68 0.208333 1.000000 774 776 
 69 0.166667 1.000000 778 870 
 70 0.125000 1.000000 869 874 
 71 0.083333 1.000000 642 873 
 72 0.041667 1.000000 641 646 
 73 0.000000 0.958333 633 643 
 74 0.000000 0.916667 451 631 
 75 0.000000 0.875000 64 452 
 76 0.000000 0.833333 64 398 
 77 0.000000 0.791667 395 398 
 78 0.000000 0.750000 387 395 
 79 0.000000 0.708333 387 388 
 80 0.000000 0.666667 203 388 
 81 0.000000 0.625000 203 805 
 82 0.000000 0.583333 803 917 
 83 0.000000 0.541667 915 921 
 84 0.000000 0.500000 819 919 
 85 0.000000 0.458333 820 823 
 86 0.000000 0.416667 553 824 
 87 0.000000 0.375000 551 557 
 88 0.000000 0.333333 169 555 
 89 0.000000 0.291667 169 170 
 90 0.000000 0.250000 170 180 
 91 0.000000 0.208333 180 181 
 92 0.000000 0.166667 96 181 
 93 0.000000 0.125000 96 97 
 94 0.000000 0.083333 97 118 
 95 0.000000 0.041667 118 119 
 96 0.083333 0.583331 194 358 808 914 
 97 0.916666 0.499998 495 793 892 935 
 98 0.416666 0.083331 219 330 356 364 
 99 0.583333 0.916665 1013 1080 1096 1101 
 100 0.750000 0.083332 37 122 214 216 
 101 0.916666 0.666665 572 586 659 677 
 102 0.250000 0.916665 404 439 761 767 
 103 0.083333 0.333331 146 156 168 544 
 104 0.750000 0.916665 608 1037 1044 1065 
 105 0.250000 0.083332 341 343 352 390 
 106 0.083333 0.833332 65 98 383 397 
 107 0.916667 0.166666 268 303 324 370 
 108 0.916667 0.916666 504 535 697 727 
 109 0.083333 0.083333 3 94 121 366 
 110 0.083333 0.916666 449 523 636 875 
 111 0.083333 0.499998 72 359 833 908 
 112 0.416666 0.916665 427 455 843 963 
 113 0.916666 0.333331 603 859 980 989 
 114 0.583333 0.083331 101 116 239 254 
 115 0.083333 0.249998 44 143 167 179 
 116 0.916666 0.749998 415 648 690 709 
 117 0.083333 0.749998 372 380 386 396 
 118 0.916667 0.083333 137 251 300 323 
 119 0.166666 0.583329 195 289 314 361 
 120 0.833333 0.749997 413 479 628 654 
 121 0.166666 0.249997 23 43 131 144 
 122 0.166666 0.833331 62 99 171 382 
 123 0.333333 0.916665 399 460 747 841 
 124 0.833333 0.166665 124 140 271 325 
 125 0.083333 0.166666 2 45 95 182 
 126 0.666666 0.083331 36 117 211 238 
 127 0.916667 0.833332 420 510 722 725 
 128 0.833333 0.916666 533 619 732 1023 
 129 0.916666 0.583331 500 567 589 790 
 130 0.916666 0.416665 864 898 933 986 
 131 0.083333 0.416664 73 155 550 830 
 132 0.500000 0.916665 432 961 1091 1103 
 133 0.500000 0.083331 102 253 333 365 
 134 0.333333 0.083331 220 342 353 355 
 135 0.083333 0.666665 193 204 373 385 
 136 0.916666 0.249998 127 269 970 1016 
 137 0.666666 0.916665 999 1039 1067 1075 
 138 0.166667 0.916666 444 521 765 880 
 139 0.833333 0.083332 123 215 252 322 
 140 0.166667 0.083332 0 338 369 389 
 141 0.499999 0.166662 201 256 258 362 
 142 0.833333 0.416663 672 813 854 946 
 143 0.499999 0.833329 225 313 335 393 
 144 0.166666 0.666663 162 196 288 374 
 145 0.166666 0.166664 1 20 42 392 
 146 0.333333 0.833330 25 74 151 198 
 147 0.750000 0.833330 80 376 614 1062 
 148 0.250000 0.833330 24 63 152 174 
 149 0.250000 0.166664 21 231 351 391 
 150 0.666666 0.166663 35 108 114 188 
 151 0.750000 0.166664 34 109 125 139 
 152 0.833333 0.583329 208 490 581 883 
 153 0.166666 0.416662 49 70 147 158 
 154 0.166666 0.499996 48 71 315 360 
 155 0.833333 0.666663 578 623 657 888 
 156 0.166666 0.333330 130 145 148 157 
 157 0.416666 0.166663 257 328 357 363 
 158 0.833333 0.833331 410 484 617 738 
 159 0.583333 0.833329 334 346 384 394 
 160 0.166666 0.749997 161 172 375 381 
 161 0.833333 0.333330 475 600 667 857 
 162 0.833333 0.249997 126 141 270 473 
 163 0.249999 0.583328 83 290 317 320 
 164 0.416666 0.249994 89 259 285 329 
 165 0.583333 0.749995 93 306 337 347 
 166 0.749999 0.416661 50 107 142 206 
 167 0.249999 0.416661 46 112 150 176 
 168 0.666666 0.249995 563 739 929 948 
 169 0.749999 0.583328 209 229 236 282 
 170 0.333333 0.749995 154 199 292 308 
 171 0.749999 0.749996 81 132 190 379 
 172 0.249999 0.333328 113 129 149 183 
 173 0.249999 0.249996 22 128 184 234 
 174 0.416666 0.833329 75 197 226 312 
 175 0.583333 0.166663 115 187 202 255 
 176 0.833333 0.499996 207 493 815 940 
 177 0.749999 0.333328 106 464 665 957 
 178 0.249999 0.666662 82 159 287 310 
 179 0.333333 0.166663 232 327 350 354 
 180 0.666666 0.833330 349 377 1056 1073 
 181 0.749999 0.249996 138 470 561 954 
 182 0.249999 0.749996 153 160 173 309 
 183 0.416666 0.749994 59 200 223 291 
 184 0.583333 0.249994 39 272 744 797 
 185 0.499999 0.749994 58 224 307 336 
 186 0.749999 0.666662 133 189 230 235 
 187 0.333332 0.416660 76 111 177 242 
 188 0.499999 0.249994 38 286 799 925 
 189 0.749999 0.499994 51 205 210 281 
 190 0.249999 0.499994 47 175 316 321 
 191 0.666666 0.416660 53 104 163 262 
 192 0.666666 0.333327 105 261 273 299 
 193 0.333332 0.583326 84 266 277 319 
 194 0.333333 0.666661 85 276 293 311 
 195 0.666666 0.749995 92 191 348 378 
 196 0.333333 0.333327 77 87 110 186 
 197 0.333333 0.249995 88 185 233 326 
 198 0.583332 0.666660 8 90 297 305 
 199 0.499999 0.666660 9 56 61 304 
 200 0.499999 0.333326 27 41 66 283 
 201 0.416666 0.416659 32 68 79 243 
 202 0.583332 0.416659 17 29 166 263 
 203 0.416666 0.583326 5 54 265 278 
 204 0.583332 0.333327 28 40 260 274 
 205 0.416666 0.666660 57 60 275 294 
 206 0.416666 0.333327 69 78 86 284 
 207 0.333332 0.499993 178 241 267 318 
 208 0.666666 0.499993 52 164 247 280 
 209 0.666666 0.583327 228 248 279 295 
 210 0.666666 0.666661 91 192 227 296 
 211 0.499999 0.583326 4 10 12 55 
 212 0.583332 0.499992 14 18 165 246 
 213 0.583332 0.583326 11 15 245 298 
 214 0.499999 0.416659 16 26 33 67 
 215 0.416666 0.499992 6 31 244 264 
 216 0.499999 0.499992 7 13 19 30 
 217 0.166666 0.124998 0 1 389 392 
 218 0.125000 0.166665 1 2 42 45 
 219 0.083333 0.124999 2 3 94 95 
 220 0.125000 0.083332 0 3 366 369 
 221 0.125000 0.124999 0 1 2 3 
 222 0.458332 0.583326 4 5 54 55 
 223 0.416666 0.541659 5 6 264 265 
 224 0.458332 0.499992 6 7 30 31 
 225 0.499999 0.541659 4 7 12 13 
 226 0.458332 0.541659 4 5 6 7 
 227 0.541666 0.666660 8 9 304 305 
 228 0.499999 0.624993 9 10 55 56 
 229 0.541666 0.583326 10 11 12 15 
 230 0.583332 0.624993 8 11 297 298 
 231 0.541666 0.624993 8 9 10 11 
 232 0.541666 0.499992 13 14 18 19 
 233 0.583332 0.541659 14 15 245 246 
 234 0.541666 0.541659 12 13 14 15 
 235 0.541666 0.416659 16 17 26 29 
 236 0.583332 0.458326 17 18 165 166 
 237 0.499999 0.458326 16 19 30 33 
 238 0.541666 0.458326 16 17 18 19 
 239 0.208333 0.166664 20 21 391 392 
 240 0.250000 0.208330 21 22 231 234 
 241 0.208333 0.249996 22 23 128 131 
 242 0.166666 0.208331 20 23 42 43 
 243 0.208333 0.208330 20 21 22 23 
 244 0.291666 0.833330 24 25 151 152 
 245 0.333333 0.874997 25 74 401 462 
 246 0.291666 0.916665 400 403 749 759 
 247 0.250000 0.874998 24 63 406 441 
 248 0.291666 0.874997 24 25 402 405 
 249 0.499999 0.374993 26 27 66 67 
 250 0.541666 0.333326 27 28 40 41 
 251 0.583332 0.374993 28 29 260 263 
 252 0.541666 0.374993 26 27 28 29 
 253 0.416666 0.458326 31 32 243 244 
 254 0.458332 0.416659 32 33 67 68 
 255 0.458332 0.458326 30 31 32 33 
 256 0.708333 0.166663 34 35 108 109 
 257 0.666666 0.124997 35 36 114 117 
 258 0.708333 0.083332 36 37 211 214 
 259 0.750000 0.124998 34 37 122 125 
 260 0.708333 0.124997 34 35 36 37 
 261 0.541666 0.249994 38 39 795 801 
 262 0.583333 0.291660 39 40 272 274 
 263 0.499999 0.291660 38 41 283 286 
 264 0.541666 0.291660 38 39 40 41 
 265 0.125000 0.249998 43 44 143 144 
 266 0.083333 0.208332 44 45 179 182 
 267 0.125000 0.208331 42 43 44 45 
 268 0.833333 0.791664 409 414 480 483 
 269 0.875000 0.749998 411 417 650 652 
 270 0.916666 0.791665 416 419 710 721 
 271 0.875000 0.833332 408 422 726 737 
 272 0.875000 0.791665 407 412 418 421 
 273 0.249999 0.458327 46 47 175 176 
 274 0.208333 0.499995 47 48 315 316 
 275 0.166666 0.458329 48 49 70 71 
 276 0.208333 0.416662 46 49 147 150 
 277 0.208333 0.458328 46 47 48 49 
 278 0.749999 0.458328 50 51 205 206 
 279 0.708332 0.499994 51 52 280 281 
 280 0.666666 0.458327 52 53 163 164 
 281 0.708333 0.416660 50 53 104 107 
 282 0.708333 0.458327 50 51 52 53 
 283 0.458332 0.666660 56 57 60 61 
 284 0.416666 0.624993 54 57 275 278 
 285 0.458332 0.624993 54 55 56 57 
 286 0.458333 0.749994 58 59 223 224 
 287 0.416666 0.708327 59 60 291 294 
 288 0.499999 0.708327 58 61 304 307 
 289 0.458333 0.708327 58 59 60 61 
 290 0.416667 0.958332 423 429 844 847 
 291 0.458333 0.916665 428 431 959 965 
 292 0.500000 0.958332 434 436 1087 1093 
 293 0.458333 0.958332 424 430 433 435 
 294 0.208333 0.916665 440 443 763 769 
 295 0.166666 0.874998 62 99 446 522 
 296 0.208333 0.833331 62 63 171 174 
 297 0.208333 0.874998 62 63 442 445 
 298 0.041667 0.916666 447 453 632 635 
 299 0.041667 0.833333 64 65 397 398 
 300 0.083333 0.874999 65 98 450 524 
 301 0.041667 0.875000 64 65 448 454 
 302 0.416666 0.374993 68 69 78 79 
 303 0.458332 0.333326 66 69 283 284 
 304 0.458332 0.374993 66 67 68 69 
 305 0.125000 0.499997 71 72 359 360 
 306 0.083333 0.458331 72 73 829 834 
 307 0.125000 0.416663 70 73 155 158 
 308 0.125000 0.458330 70 71 72 73 
 309 0.374999 0.833330 74 75 197 198 
 310 0.416666 0.874997 75 312 457 964 
 311 0.375000 0.916665 456 459 839 845 
 312 0.375000 0.874997 74 75 458 461 
 313 0.333332 0.374993 76 77 110 111 
 314 0.374999 0.333327 77 78 86 87 
 315 0.374999 0.416659 76 79 242 243 
 316 0.374999 0.374993 76 77 78 79 
 317 0.749999 0.291662 466 468 953 958 
 318 0.791666 0.249996 138 141 469 474 
 319 0.833333 0.291663 126 471 477 602 
 320 0.791666 0.333329 463 476 663 669 
 321 0.791666 0.291663 465 467 472 478 
 322 0.791666 0.833331 80 486 613 618 
 323 0.750000 0.791663 80 81 376 379 
 324 0.791666 0.749997 81 132 481 630 
 325 0.791666 0.791664 80 81 482 485 
 326 0.249999 0.624995 82 83 287 290 
 327 0.291666 0.583327 83 84 319 320 
 328 0.333332 0.624994 84 85 276 277 
 329 0.291666 0.666661 82 85 310 311 
 330 0.291666 0.624994 82 83 84 85 
 331 0.333333 0.291661 87 88 185 186 
 332 0.374999 0.249995 88 89 326 329 
 333 0.416666 0.291660 86 89 284 285 
 334 0.374999 0.291661 86 87 88 89 
 335 0.624999 0.666660 90 91 296 297 
 336 0.666666 0.708328 91 92 191 192 
 337 0.624999 0.749995 92 93 347 348 
 338 0.583333 0.708327 90 93 305 306 
 339 0.624999 0.708328 90 91 92 93 
 340 0.833333 0.541663 207 208 489 494 
 341 0.875000 0.499997 491 497 936 939 
 342 0.916666 0.541665 496 499 789 794 
 343 0.875000 0.583330 488 502 569 579 
 344 0.875000 0.541664 487 492 498 501 
 345 0.916667 0.874999 506 508 723 729 
 346 0.958333 0.833333 509 514 718 720 
 347 0.958333 0.916666 503 516 695 701 
 348 0.958333 0.875000 505 507 512 518 
 349 0.041667 0.166666 95 96 181 182 
 350 0.041667 0.083333 94 97 118 121 
 351 0.041667 0.125000 94 95 96 97 
 352 0.125000 0.833332 98 99 382 383 
 353 0.125000 0.916666 519 525 876 879 
 354 0.125000 0.874999 98 99 520 526 
 355 0.583333 0.041666 100 101 239 240 
 356 0.541666 0.083331 101 102 253 254 
 357 0.500000 0.041666 102 103 332 333 
 358 0.541667 0.041666 100 101 102 103 
 359 0.833333 0.958333 529 534 1024 1027 
 360 0.875000 0.916666 531 537 728 731 
 361 0.916667 0.958333 536 539 693 698 
 362 0.875000 0.958333 527 532 538 541 
 363 0.083333 0.374998 155 156 546 548 
 364 0.041667 0.416666 549 554 826 828 
 365 0.041667 0.333332 168 169 543 556 
 366 0.041667 0.374999 545 547 552 558 
 367 0.666666 0.374994 104 105 261 262 
 368 0.708333 0.333328 105 106 299 955 
 369 0.749999 0.374995 106 107 142 666 
 370 0.708333 0.374994 104 105 106 107 
 371 0.750000 0.208330 109 138 139 562 
 372 0.708333 0.249995 559 565 950 952 
 373 0.666666 0.208329 108 188 564 741 
 374 0.708333 0.208329 108 109 560 566 
 375 0.291666 0.416660 111 112 176 177 
 376 0.249999 0.374994 112 113 149 150 
 377 0.291666 0.333328 110 113 183 186 
 378 0.291666 0.374994 110 111 112 113 
 379 0.916666 0.624998 568 571 585 590 
 380 0.875000 0.666664 574 576 655 661 
 381 0.833333 0.624996 577 582 884 887 
 382 0.875000 0.624997 570 573 575 580 
 383 0.624999 0.166663 114 115 187 188 
 384 0.583333 0.124997 115 116 254 255 
 385 0.625000 0.083331 116 117 238 239 
 386 0.625000 0.124997 114 115 116 117 
 387 0.083333 0.041666 120 121 366 367 
 388 0.041667 0.041667 118 119 120 121 
 389 0.958333 0.583332 587 593 786 788 
 390 0.958333 0.666666 584 598 675 681 
 391 0.958333 0.624999 583 588 594 597 
 392 0.791666 0.083332 122 123 215 216 
 393 0.833333 0.124998 123 124 322 325 
 394 0.791666 0.166664 124 125 139 140 
 395 0.791666 0.124998 122 123 124 125 
 396 0.875000 0.249998 126 127 269 270 
 397 0.916666 0.291665 127 605 968 982 
 398 0.875000 0.333331 599 604 855 861 
 399 0.875000 0.291664 126 127 601 606 
 400 0.750000 0.874998 610 612 1061 1066 
 401 0.833333 0.874998 615 621 734 736 
 402 0.791666 0.916665 607 620 1025 1035 
 403 0.791666 0.874998 609 611 616 622 
 404 0.249999 0.291662 128 129 183 184 
 405 0.208333 0.333329 129 130 148 149 
 406 0.166666 0.291663 130 131 144 145 
 407 0.208333 0.291663 128 129 130 131 
 408 0.749999 0.708329 132 133 189 190 
 409 0.791666 0.666663 133 235 625 890 
 410 0.833333 0.708330 624 627 653 658 
 411 0.791666 0.708330 132 133 626 629 
 412 0.958333 0.083333 136 137 300 301 
 413 0.916667 0.041666 134 137 250 251 
 414 0.958333 0.041667 134 135 136 137 
 415 0.083333 0.958333 638 640 871 877 
 416 0.041667 0.958333 634 637 639 644 
 417 0.916666 0.708332 647 660 678 689 
 418 0.875000 0.708331 649 651 656 662 
 419 0.833333 0.208331 140 141 270 271 
 420 0.791666 0.208330 138 139 140 141 
 421 0.833333 0.374996 668 671 853 858 
 422 0.791666 0.416662 142 206 674 814 
 423 0.791666 0.374995 142 664 670 673 
 424 0.125000 0.333330 145 146 156 157 
 425 0.083333 0.291665 143 146 167 168 
 426 0.125000 0.291664 143 144 145 146 
 427 0.166666 0.374996 147 148 157 158 
 428 0.208333 0.374995 147 148 149 150 
 429 0.250000 0.791663 152 153 173 174 
 430 0.291666 0.749995 153 154 308 309 
 431 0.333333 0.791662 151 154 198 199 
 432 0.291666 0.791663 151 152 153 154 
 433 0.125000 0.374997 155 156 157 158 
 434 0.249999 0.708329 159 160 309 310 
 435 0.208333 0.749996 160 161 172 173 
 436 0.166666 0.708330 161 162 374 375 
 437 0.208333 0.666662 159 162 287 288 
 438 0.208333 0.708329 159 160 161 162 
 439 0.624999 0.499993 164 165 246 247 
 440 0.624999 0.416660 163 166 262 263 
 441 0.624999 0.458326 163 164 165 166 
 442 0.041667 0.249999 167 170 179 180 
 443 0.041667 0.291666 167 168 169 170 
 444 0.166666 0.791664 171 172 381 382 
 445 0.208333 0.791664 171 172 173 174 
 446 0.958333 0.749999 686 688 707 713 
 447 0.958333 0.708332 676 682 685 687 
 448 0.958333 0.958333 691 696 702 705 
 449 0.958333 0.791666 708 714 717 719 
 450 0.875000 0.874999 724 730 733 735 
 451 0.333332 0.458326 177 178 241 242 
 452 0.291666 0.499994 175 178 318 321 
 453 0.291666 0.458327 175 176 177 178 
 454 0.041667 0.208333 179 180 181 182 
 455 0.291666 0.249995 184 185 233 234 
 456 0.291666 0.291661 183 184 185 186 
 457 0.624999 0.249995 272 740 743 930 
 458 0.583333 0.208328 187 202 746 798 
 459 0.624999 0.208329 187 188 742 745 
 460 0.708333 0.749996 190 191 378 379 
 461 0.708333 0.666661 189 192 227 230 
 462 0.708333 0.708328 189 190 191 192 
 463 0.333333 0.958332 748 751 837 842 
 464 0.250000 0.958333 757 762 768 771 
 465 0.291667 0.958332 750 753 755 760 
 466 0.166667 0.958333 766 777 868 882 
 467 0.208333 0.958333 764 770 773 775 
 468 0.083333 0.624998 193 194 204 810 
 469 0.125000 0.583330 194 195 358 361 
 470 0.166666 0.624996 195 196 288 289 
 471 0.125000 0.666664 193 196 373 374 
 472 0.125000 0.624997 193 194 195 196 
 473 0.958333 0.499999 781 791 891 904 
 474 0.958333 0.541666 782 785 787 792 
 475 0.374999 0.749995 199 200 291 292 
 476 0.416666 0.791662 197 200 223 226 
 477 0.374999 0.791662 197 198 199 200 
 478 0.499999 0.208328 201 258 800 926 
 479 0.541666 0.166662 201 202 255 256 
 480 0.541666 0.208328 201 202 796 802 
 481 0.041667 0.583332 804 807 913 918 
 482 0.041667 0.666666 203 204 385 388 
 483 0.041667 0.624999 203 204 806 809 
 484 0.833333 0.458329 811 817 942 944 
 485 0.791666 0.499995 205 207 210 816 
 486 0.791666 0.458328 205 206 812 818 
 487 0.041667 0.499999 821 831 907 920 
 488 0.041667 0.458332 822 825 827 832 
 489 0.375000 0.958332 835 840 846 849 
 490 0.791666 0.583329 208 209 236 885 
 491 0.749999 0.541661 209 210 281 282 
 492 0.791666 0.541662 207 208 209 210 
 493 0.666667 0.041666 211 212 237 238 
 494 0.750000 0.041666 213 214 216 217 
 495 0.708333 0.041666 211 212 213 214 
 496 0.833333 0.041666 215 218 249 252 
 497 0.791667 0.041666 215 216 217 218 
 498 0.375000 0.083331 219 220 355 356 
 499 0.333333 0.041666 220 221 342 345 
 500 0.416667 0.041666 219 222 330 331 
 501 0.375000 0.041666 219 220 221 222 
 502 0.916666 0.374998 860 863 985 990 
 503 0.875000 0.416664 852 866 934 945 
 504 0.875000 0.374997 851 856 862 865 
 505 0.499999 0.791662 224 225 335 336 
 506 0.458333 0.833329 225 226 312 313 
 507 0.458333 0.791662 223 224 225 226 
 508 0.666666 0.624994 227 228 295 296 
 509 0.708333 0.583327 228 229 279 282 
 510 0.749999 0.624995 229 230 235 236 
 511 0.708333 0.624994 227 228 229 230 
 512 0.125000 0.958333 867 872 878 881 
 513 0.291666 0.166663 231 232 350 351 
 514 0.333333 0.208329 232 233 326 327 
 515 0.291666 0.208329 231 232 233 234 
 516 0.791666 0.624996 235 236 886 889 
 517 0.916666 0.458331 894 896 931 937 
 518 0.958333 0.416666 897 902 984 998 
 519 0.958333 0.458332 893 895 900 906 
 520 0.625000 0.041666 237 238 239 240 
 521 0.374999 0.499993 241 244 264 267 
 522 0.374999 0.458326 241 242 243 244 
 523 0.666666 0.541660 247 248 279 280 
 524 0.624999 0.583326 245 248 295 298 
 525 0.624999 0.541660 245 246 247 248 
 526 0.875000 0.083332 251 252 322 323 
 527 0.875000 0.041666 249 250 251 252 
 528 0.500000 0.124997 253 256 362 365 
 529 0.541666 0.124997 253 254 255 256 
 530 0.083333 0.541664 358 359 910 912 
 531 0.041667 0.541666 909 911 916 922 
 532 0.458333 0.166662 257 258 362 363 
 533 0.458333 0.249994 259 285 286 923 
 534 0.416666 0.208328 257 259 328 329 
 535 0.458333 0.208328 257 258 259 924 
 536 0.624999 0.333327 260 261 273 274 
 537 0.624999 0.374993 260 261 262 263 
 538 0.374999 0.583326 265 266 277 278 
 539 0.333332 0.541660 266 267 318 319 
 540 0.374999 0.541659 264 265 266 267 
 541 0.916666 0.208332 268 269 370 1018 
 542 0.875000 0.166665 268 271 324 325 
 543 0.875000 0.208331 268 269 270 271 
 544 0.666666 0.291661 273 299 927 947 
 545 0.624999 0.291661 272 273 274 928 
 546 0.374999 0.666660 275 276 293 294 
 547 0.374999 0.624993 275 276 277 278 
 548 0.708333 0.541661 279 280 281 282 
 549 0.458332 0.291660 283 284 285 286 
 550 0.208333 0.583328 289 290 314 317 
 551 0.208333 0.624995 287 288 289 290 
 552 0.333333 0.708328 292 293 308 311 
 553 0.374999 0.708328 291 292 293 294 
 554 0.875000 0.458330 932 938 941 943 
 555 0.624999 0.624993 295 296 297 298 
 556 0.708333 0.291662 299 949 951 956 
 557 0.958333 0.166666 302 303 370 371 
 558 0.916667 0.124999 300 303 323 324 
 559 0.958333 0.125000 300 301 302 303 
 560 0.541666 0.749994 306 307 336 337 
 561 0.541666 0.708327 304 305 306 307 
 562 0.291666 0.708328 308 309 310 311 
 563 0.500000 0.874997 313 393 962 1104 
 564 0.458333 0.874997 312 313 960 966 
 565 0.166666 0.541662 314 315 360 361 
 566 0.249999 0.541661 316 317 320 321 
 567 0.208333 0.541662 314 315 316 317 
 568 0.291666 0.541660 318 319 320 321 
 569 0.875000 0.124999 322 323 324 325 
 570 0.374999 0.166663 327 328 354 357 
 571 0.374999 0.208329 326 327 328 329 
 572 0.458333 0.083331 330 333 364 365 
 573 0.458333 0.041666 330 331 332 333 
 574 0.541666 0.833329 334 335 393 394 
 575 0.583333 0.791662 334 337 346 347 
 576 0.541666 0.791662 334 335 336 337 
 577 0.958333 0.249999 969 974 1015 1020 
 578 0.958333 0.333332 976 979 987 993 
 579 0.958333 0.291666 967 972 978 981 
 580 0.958333 0.374999 983 988 994 997 
 581 0.166667 0.041666 338 339 368 369 
 582 0.250000 0.041666 340 341 343 344 
 583 0.208333 0.083332 338 341 389 390 
 584 0.208333 0.041666 338 339 340 341 
 585 0.291666 0.083332 342 343 352 353 
 586 0.291667 0.041666 342 343 344 345 
 587 0.666666 0.791663 348 349 377 378 
 588 0.625000 0.833330 346 349 384 1074 
 589 0.624999 0.791662 346 347 348 349 
 590 0.666667 0.958332 1000 1003 1041 1051 
 591 0.583333 0.958332 1009 1014 1084 1098 
 592 0.625000 0.916665 1001 1011 1076 1079 
 593 0.625000 0.958332 1002 1005 1007 1012 
 594 0.250000 0.124998 351 352 390 391 
 595 0.333333 0.124997 350 353 354 355 
 596 0.291666 0.124997 350 351 352 353 
 597 0.416666 0.124997 356 357 363 364 
 598 0.375000 0.124997 354 355 356 357 
 599 0.125000 0.541663 358 359 360 361 
 600 0.458333 0.124997 362 363 364 365 
 601 0.125000 0.041666 366 367 368 369 
 602 0.958333 0.208333 370 371 1017 1022 
 603 0.750000 0.958333 1033 1038 1046 1048 
 604 0.791667 0.958333 1026 1029 1031 1036 
 605 0.708333 0.916665 1040 1043 1063 1069 
 606 0.708333 0.958333 1042 1045 1047 1052 
 607 0.083333 0.708332 372 373 385 386 
 608 0.125000 0.749998 372 375 380 381 
 609 0.125000 0.708331 372 373 374 375 
 610 0.708333 0.833330 376 377 1058 1060 
 611 0.708333 0.791663 376 377 378 379 
 612 0.666666 0.874997 1055 1068 1071 1077 
 613 0.708333 0.874998 1057 1059 1064 1070 
 614 0.083333 0.791665 380 383 396 397 
 615 0.125000 0.791665 380 381 382 383 
 616 0.583333 0.874997 384 394 1082 1102 
 617 0.625000 0.874997 384 1072 1078 1081 
 618 0.041667 0.749999 386 387 395 396 
 619 0.041667 0.708332 385 386 387 388 
 620 0.541666 0.916665 1092 1095 1099 1105 
 621 0.541667 0.958332 1083 1088 1094 1097 
 622 0.208333 0.124998 389 390 391 392 
 623 0.541666 0.874997 393 394 1100 1106 
 624 0.041667 0.791666 395 396 397 398 
 625 0.020833 1.000000 645 646 
 626 0.979167 1.000000 704 706 
 627 0.979167 0.208333 1021 1022 
 628 1.000000 0.229167 1019 1021 
 629 0.979167 0.250000 973 974 1019 1020 
 630 1.000000 0.270833 971 973 
 631 0.979167 0.291666 971 972 977 978 
 632 1.000000 0.312500 975 977 
 633 1.000000 0.354167 991 992 
 634 0.979167 0.333333 975 976 991 993 
 635 1.000000 0.395833 995 996 
 636 0.979167 0.374999 992 994 995 997 
 637 0.979167 0.416666 901 902 996 998 
 638 1.000000 0.437500 899 901 
 639 0.979167 0.458333 899 900 905 906 
 640 1.000000 0.479167 903 905 
 641 1.000000 0.520833 779 780 
 642 0.979167 0.499999 779 781 903 904 
 643 1.000000 0.562500 783 784 
 644 0.979167 0.541666 780 782 783 785 
 645 1.000000 0.604167 591 592 
 646 0.979167 0.583333 591 593 784 786 
 647 1.000000 0.645833 595 596 
 648 0.979167 0.625000 592 594 595 597 
 649 1.000000 0.687500 679 680 
 650 0.979167 0.666666 596 598 679 681 
 651 1.000000 0.729167 683 684 
 652 0.979167 0.708333 680 682 683 685 
 653 1.000000 0.770833 711 712 
 654 0.979167 0.750000 684 686 711 713 
 655 1.000000 0.812500 715 716 
 656 0.979167 0.791666 712 714 715 717 
 657 0.979167 0.833333 513 514 716 718 
 658 1.000000 0.854167 511 513 
 659 0.979167 0.875000 511 512 517 518 
 660 1.000000 0.895833 515 517 
 661 1.000000 0.937500 699 700 
 662 0.979167 0.916667 515 516 699 701 
 663 1.000000 0.979167 703 704 
 664 0.979167 0.958333 700 702 703 705 
 665 0.937500 1.000000 692 694 
 666 0.895833 1.000000 540 542 
 667 0.854167 1.000000 528 530 
 668 0.812500 1.000000 1028 1030 
 669 0.770833 1.000000 1032 1034 
 670 0.729167 1.000000 1049 1050 
 671 0.687500 1.000000 1053 1054 
 672 0.645833 1.000000 1004 1006 
 673 0.604167 1.000000 1008 1010 
 674 0.562500 1.000000 1085 1086 
 675 0.520833 1.000000 1089 1090 
 676 0.479167 1.000000 437 438 
 677 0.437500 1.000000 425 426 
 678 0.395833 1.000000 848 850 
 679 0.354167 1.000000 836 838 
 680 0.312500 1.000000 752 754 
 681 0.270833 1.000000 756 758 
 682 0.229167 1.000000 772 774 
 683 0.187500 1.000000 776 778 
 684 0.145833 1.000000 869 870 
 685 0.104167 1.000000 873 874 
 686 0.062500 1.000000 641 642 
 687 0.000000 0.979167 643 645 
 688 0.020833 0.958333 633 634 643 644 
 689 0.000000 0.937500 631 633 
 690 0.000000 0.895833 451 452 
 691 0.020833 0.916667 451 453 631 632 
 692 0.020833 0.875000 452 454 
 693 0.020833 0.624999 805 806 
 694 0.000000 0.604167 803 805 
 695 0.020833 0.583333 803 804 917 918 
 696 0.000000 0.562500 915 917 
 697 0.020833 0.541666 915 916 921 922 
 698 0.000000 0.520833 919 921 
 699 0.000000 0.479167 819 820 
 700 0.020833 0.499999 819 821 919 920 
 701 0.000000 0.437500 823 824 
 702 0.020833 0.458333 820 822 823 825 
 703 0.020833 0.416666 553 554 824 826 
 704 0.000000 0.395833 551 553 
 705 0.020833 0.374999 551 552 557 558 
 706 0.000000 0.354167 555 557 
 707 0.020833 0.333333 555 556 
 708 0.083333 0.604164 808 810 
 709 0.895833 0.499997 495 497 935 936 
 710 0.916666 0.520831 495 496 793 794 
 711 0.916666 0.479164 892 894 935 937 
 712 0.583333 0.937498 1013 1014 1096 1098 
 713 0.583333 0.895831 1080 1082 1101 1102 
 714 0.895833 0.666664 572 574 659 661 
 715 0.916666 0.687498 659 660 677 678 
 716 0.250000 0.895831 404 406 439 441 
 717 0.229166 0.916665 439 440 767 769 
 718 0.250000 0.937499 761 762 767 768 
 719 0.083333 0.354165 544 546 
 720 0.750000 0.895832 608 610 1065 1066 
 721 0.750000 0.937499 1037 1038 1044 1046 
 722 0.916667 0.895833 504 506 727 729 
 723 0.895833 0.916666 535 537 727 728 
 724 0.916667 0.937500 535 536 697 698 
 725 0.083333 0.895833 449 450 523 524 
 726 0.104167 0.916666 523 525 875 876 
 727 0.083333 0.937500 636 638 875 877 
 728 0.083333 0.479164 833 834 
 729 0.083333 0.520831 908 910 
 730 0.416666 0.937498 427 429 843 844 
 731 0.437500 0.916665 427 428 963 965 
 732 0.416666 0.895831 455 457 963 964 
 733 0.395833 0.916665 455 456 843 845 
 734 0.916666 0.312498 603 605 980 982 
 735 0.895833 0.333331 603 604 859 861 
 736 0.916666 0.354165 859 860 989 990 
 737 0.895833 0.749998 415 417 648 650 
 738 0.916666 0.770832 415 416 709 710 
 739 0.833333 0.770831 413 414 479 480 
 740 0.812500 0.749997 479 481 628 630 
 741 0.333333 0.895831 399 401 460 462 
 742 0.312500 0.916665 399 400 747 749 
 743 0.333333 0.937499 747 748 841 842 
 744 0.895833 0.833332 420 422 725 726 
 745 0.833333 0.937499 533 534 1023 1024 
 746 0.833333 0.895832 619 621 732 734 
 747 0.812500 0.916666 619 620 1023 1025 
 748 0.895833 0.583331 500 502 567 569 
 749 0.916666 0.604165 567 568 589 590 
 750 0.895833 0.416664 864 866 933 934 
 751 0.500000 0.937498 432 434 1091 1093 
 752 0.500000 0.895831 961 962 1103 1104 
 753 0.520833 0.916665 1091 1092 1103 1105 
 754 0.916666 0.229165 1016 1018 
 755 0.666666 0.937499 999 1000 1039 1041 
 756 0.645833 0.916665 999 1001 1075 1076 
 757 0.687500 0.916665 1039 1040 1067 1069 
 758 0.666666 0.895831 1067 1068 1075 1077 
 759 0.166666 0.895832 444 446 521 522 
 760 0.166667 0.937499 765 766 880 882 
 761 0.812499 0.416662 672 674 813 814 
 762 0.833333 0.604163 581 582 883 884 
 763 0.812499 0.583329 883 885 
 764 0.812499 0.666663 623 625 888 890 
 765 0.833333 0.687497 623 624 657 658 
 766 0.812500 0.833331 484 486 617 618 
 767 0.833333 0.312497 475 477 600 602 
 768 0.812499 0.333329 475 476 667 669 
 769 0.833333 0.354163 667 668 857 858 
 770 0.812500 0.249997 473 474 
 771 0.687499 0.249995 563 565 948 950 
 772 0.666666 0.229162 563 564 739 741 
 773 0.645833 0.249995 739 740 929 930 
 774 0.833333 0.520829 493 494 
 775 0.833333 0.479163 815 817 940 942 
 776 0.812499 0.499996 815 816 
 777 0.749999 0.312495 464 466 957 958 
 778 0.749999 0.354161 665 666 
 779 0.645833 0.833330 1073 1074 
 780 0.687500 0.833330 1056 1058 
 781 0.749999 0.229163 561 562 
 782 0.583333 0.229161 744 746 797 798 
 783 0.520833 0.249994 799 801 
 784 0.499999 0.229161 799 800 925 926 
 785 0.312500 0.874997 401 402 
 786 0.270833 0.916665 403 404 759 761 
 787 0.291666 0.895831 400 402 403 405 
 788 0.291666 0.937499 749 750 759 760 
 789 0.229166 0.874998 441 442 
 790 0.270833 0.874998 405 406 
 791 0.562499 0.249994 795 797 
 792 0.541666 0.229161 795 796 801 802 
 793 0.833333 0.812498 409 410 483 484 
 794 0.812500 0.791664 480 482 483 485 
 795 0.854166 0.749997 411 413 652 654 
 796 0.875000 0.770831 411 412 417 418 
 797 0.916667 0.812499 419 420 721 722 
 798 0.895833 0.791665 416 418 419 421 
 799 0.854166 0.833332 408 410 737 738 
 800 0.854166 0.791665 407 409 412 414 
 801 0.875000 0.812498 407 408 421 422 
 802 0.416667 0.979166 423 425 847 848 
 803 0.437500 0.958332 423 424 429 430 
 804 0.395833 0.958332 844 846 847 849 
 805 0.479166 0.916665 431 432 959 961 
 806 0.458333 0.937498 428 430 431 433 
 807 0.458333 0.895831 959 960 965 966 
 808 0.500000 0.979166 436 438 1087 1089 
 809 0.520833 0.958332 1087 1088 1093 1094 
 810 0.458333 0.979166 424 426 435 437 
 811 0.479167 0.958332 433 434 435 436 
 812 0.187500 0.916665 443 444 763 765 
 813 0.208333 0.895832 440 442 443 445 
 814 0.208333 0.937499 763 764 769 770 
 815 0.187500 0.874998 445 446 
 816 0.062500 0.916666 447 449 635 636 
 817 0.041667 0.895833 447 448 453 454 
 818 0.041667 0.937500 632 634 635 637 
 819 0.104167 0.874999 524 526 
 820 0.062500 0.874999 448 450 
 821 0.083333 0.437498 829 830 
 822 0.395833 0.874997 457 458 
 823 0.437500 0.874997 964 966 
 824 0.354166 0.916665 459 460 839 841 
 825 0.375000 0.895831 456 458 459 461 
 826 0.375000 0.937498 839 840 845 846 
 827 0.354166 0.874997 461 462 
 828 0.749999 0.270829 468 470 953 954 
 829 0.770833 0.249996 469 470 
 830 0.833333 0.270830 471 473 
 831 0.812500 0.291663 471 472 477 478 
 832 0.770833 0.333329 463 464 663 665 
 833 0.791666 0.312496 463 465 476 478 
 834 0.791666 0.354162 663 664 669 670 
 835 0.770833 0.291662 465 466 467 468 
 836 0.791666 0.270830 467 469 472 474 
 837 0.770833 0.833331 613 614 
 838 0.791666 0.770830 481 482 
 839 0.791666 0.812497 485 486 
 840 0.833333 0.562496 489 490 
 841 0.854166 0.499996 491 493 939 940 
 842 0.875000 0.520830 491 492 497 498 
 843 0.875000 0.479164 936 938 939 941 
 844 0.916666 0.562498 499 500 789 790 
 845 0.895833 0.541664 496 498 499 501 
 846 0.854166 0.583330 488 490 579 581 
 847 0.875000 0.604164 569 570 579 580 
 848 0.854166 0.541663 487 489 492 494 
 849 0.875000 0.562497 487 488 501 502 
 850 0.916667 0.854166 508 510 723 725 
 851 0.895833 0.874999 723 724 729 730 
 852 0.937500 0.833333 509 510 720 722 
 853 0.937500 0.916666 503 504 695 697 
 854 0.958333 0.895833 503 505 516 518 
 855 0.958333 0.937500 695 696 701 702 
 856 0.937500 0.874999 505 506 507 508 
 857 0.958333 0.854166 507 509 512 514 
 858 0.145833 0.916666 519 521 879 880 
 859 0.125000 0.895832 519 520 525 526 
 860 0.125000 0.937499 876 878 879 881 
 861 0.145833 0.874999 520 522 
 862 0.833333 0.979166 529 530 1027 1028 
 863 0.812500 0.958333 1024 1026 1027 1029 
 864 0.854167 0.916666 531 533 731 732 
 865 0.875000 0.937499 531 532 537 538 
 866 0.875000 0.895832 728 730 731 733 
 867 0.916667 0.979167 539 540 693 694 
 868 0.895833 0.958333 536 538 539 541 
 869 0.875000 0.979166 527 528 541 542 
 870 0.854167 0.958333 527 529 532 534 
 871 0.083333 0.395831 548 550 
 872 0.062500 0.416665 549 550 828 830 
 873 0.062500 0.333332 543 544 
 874 0.041667 0.354166 543 545 556 558 
 875 0.062500 0.374998 545 546 547 548 
 876 0.041667 0.395832 547 549 552 554 
 877 0.729166 0.333328 955 957 
 878 0.708333 0.312495 955 956 
 879 0.729166 0.249996 559 561 952 954 
 880 0.708333 0.229162 559 560 565 566 
 881 0.687499 0.208329 564 566 
 882 0.645833 0.208329 741 742 
 883 0.729166 0.208330 560 562 
 884 0.916666 0.645831 571 572 585 586 
 885 0.895833 0.624998 568 570 571 573 
 886 0.854166 0.666664 576 578 655 657 
 887 0.875000 0.687497 655 656 661 662 
 888 0.833333 0.645830 577 578 887 888 
 889 0.812499 0.624996 884 886 887 889 
 890 0.875000 0.645831 573 574 575 576 
 891 0.854166 0.624997 575 577 580 582 
 892 0.937500 0.583332 587 589 788 790 
 893 0.958333 0.604166 587 588 593 594 
 894 0.937500 0.666665 584 586 675 677 
 895 0.958333 0.687499 675 676 681 682 
 896 0.937500 0.624999 583 585 588 590 
 897 0.958333 0.645832 583 584 597 598 
 898 0.916666 0.270832 968 970 
 899 0.895833 0.291665 605 606 
 900 0.854166 0.333330 599 600 855 857 
 901 0.875000 0.312497 599 601 604 606 
 902 0.875000 0.354164 855 856 861 862 
 903 0.854166 0.291664 601 602 
 904 0.750000 0.854164 612 614 1061 1062 
 905 0.833333 0.854165 615 617 736 738 
 906 0.812500 0.874998 615 616 621 622 
 907 0.770833 0.916665 607 608 1035 1037 
 908 0.791666 0.895832 607 609 620 622 
 909 0.791667 0.937499 1025 1026 1035 1036 
 910 0.791666 0.854165 611 613 616 618 
 911 0.770833 0.874998 609 610 611 612 
 912 0.791666 0.687496 625 626 
 913 0.833333 0.729164 627 628 653 654 
 914 0.812500 0.708330 624 626 627 629 
 915 0.791666 0.729163 629 630 
 916 0.083333 0.979167 640 642 871 873 
 917 0.104167 0.958333 871 872 877 878 
 918 0.041667 0.979167 639 641 644 646 
 919 0.062500 0.958333 637 638 639 640 
 920 0.916666 0.729165 647 648 689 690 
 921 0.895833 0.708331 647 649 660 662 
 922 0.875000 0.729164 649 650 651 652 
 923 0.854166 0.708331 651 653 656 658 
 924 0.833333 0.395829 671 672 853 854 
 925 0.812499 0.374996 668 670 671 673 
 926 0.770833 0.374995 664 666 
 927 0.791666 0.395829 673 674 
 928 0.937500 0.749999 688 690 707 709 
 929 0.958333 0.770833 707 708 713 714 
 930 0.937500 0.708332 676 678 687 689 
 931 0.958333 0.729166 685 686 687 688 
 932 0.958333 0.979167 691 692 705 706 
 933 0.937500 0.958333 691 693 696 698 
 934 0.937500 0.791666 708 710 719 721 
 935 0.958333 0.812499 717 718 719 720 
 936 0.875000 0.854165 724 726 735 737 
 937 0.854166 0.874999 733 734 735 736 
 938 0.604166 0.249994 743 744 
 939 0.624999 0.229162 740 742 743 745 
 940 0.604166 0.208329 745 746 
 941 0.333333 0.979166 751 752 837 838 
 942 0.312500 0.958332 748 750 751 753 
 943 0.250000 0.979166 757 758 771 772 
 944 0.229167 0.958333 768 770 771 773 
 945 0.291667 0.979166 753 754 755 756 
 946 0.270833 0.958333 755 757 760 762 
 947 0.166667 0.979166 777 778 868 870 
 948 0.208333 0.979166 773 774 775 776 
 949 0.187500 0.958333 764 766 775 777 
 950 0.937500 0.499998 791 793 891 892 
 951 0.958333 0.520832 781 782 791 792 
 952 0.958333 0.479166 891 893 904 906 
 953 0.937500 0.541665 787 789 792 794 
 954 0.958333 0.562499 785 786 787 788 
 955 0.520833 0.208328 800 802 
 956 0.562499 0.208328 796 798 
 957 0.062500 0.583332 807 808 913 914 
 958 0.041667 0.604166 804 806 807 809 
 959 0.062500 0.624998 809 810 
 960 0.833333 0.437496 811 813 944 946 
 961 0.812499 0.458329 811 812 817 818 
 962 0.791666 0.479162 816 818 
 963 0.791666 0.437495 812 814 
 964 0.062500 0.499998 831 833 907 908 
 965 0.041667 0.479166 821 822 831 832 
 966 0.041667 0.520832 907 909 920 922 
 967 0.062500 0.458332 827 829 832 834 
 968 0.041667 0.437499 825 826 827 828 
 969 0.375000 0.979166 835 836 849 850 
 970 0.354167 0.958332 835 837 840 842 
 971 0.791666 0.604162 885 886 
 972 0.916666 0.395831 863 864 985 986 
 973 0.895833 0.374998 860 862 863 865 
 974 0.854166 0.416663 852 854 945 946 
 975 0.854166 0.374997 851 853 856 858 
 976 0.875000 0.395830 851 852 865 866 
 977 0.125000 0.979166 867 869 872 874 
 978 0.145833 0.958333 867 868 881 882 
 979 0.791666 0.645829 889 890 
 980 0.916666 0.437498 896 898 931 933 
 981 0.895833 0.458331 931 932 937 938 
 982 0.937500 0.416665 897 898 984 986 
 983 0.937500 0.458332 893 894 895 896 
 984 0.958333 0.437499 895 897 900 902 
 985 0.083333 0.562498 912 914 
 986 0.041667 0.562499 911 913 916 918 
 987 0.062500 0.541665 909 910 911 912 
 988 0.479166 0.249994 923 925 
 989 0.458333 0.229161 923 924 
 990 0.479166 0.208328 924 926 
 991 0.666666 0.270828 927 929 947 948 
 992 0.645833 0.291661 927 928 
 993 0.687499 0.291661 947 949 
 994 0.624999 0.270828 928 930 
 995 0.854166 0.458330 941 942 943 944 
 996 0.875000 0.437497 932 934 943 945 
 997 0.729166 0.291662 951 953 956 958 
 998 0.708333 0.270828 949 950 951 952 
 999 0.520833 0.874997 1104 1106 
 1000 0.479166 0.874997 960 962 
 1001 0.937500 0.249999 969 970 1015 1016 
 1002 0.958333 0.229166 1015 1017 1020 1022 
 1003 0.937500 0.333332 979 980 987 989 
 1004 0.958333 0.312499 976 978 979 981 
 1005 0.958333 0.354166 987 988 993 994 
 1006 0.937500 0.291665 967 968 981 982 
 1007 0.958333 0.270833 967 969 972 974 
 1008 0.937500 0.374998 983 985 988 990 
 1009 0.958333 0.395832 983 984 997 998 
 1010 0.666667 0.979166 1003 1004 1051 1053 
 1011 0.645833 0.958332 1000 1002 1003 1005 
 1012 0.687500 0.958332 1041 1042 1051 1052 
 1013 0.583333 0.979166 1009 1010 1084 1086 
 1014 0.604166 0.916665 1011 1013 1079 1080 
 1015 0.625000 0.937499 1001 1002 1011 1012 
 1016 0.625000 0.895831 1076 1078 1079 1081 
 1017 0.625000 0.979166 1005 1006 1007 1008 
 1018 0.604167 0.958332 1007 1009 1012 1014 
 1019 0.937500 0.208332 1017 1018 
 1020 0.750000 0.979166 1033 1034 1048 1050 
 1021 0.791667 0.979166 1029 1030 1031 1032 
 1022 0.770833 0.958333 1031 1033 1036 1038 
 1023 0.729166 0.916665 1043 1044 1063 1065 
 1024 0.708333 0.937499 1040 1042 1043 1045 
 1025 0.708333 0.895831 1063 1064 1069 1070 
 1026 0.708333 0.979166 1047 1049 1052 1054 
 1027 0.729167 0.958333 1045 1046 1047 1048 
 1028 0.729166 0.833330 1060 1062 
 1029 0.666666 0.854164 1055 1056 1071 1073 
 1030 0.687500 0.874997 1055 1057 1068 1070 
 1031 0.645833 0.874997 1071 1072 1077 1078 
 1032 0.729166 0.874998 1059 1061 1064 1066 
 1033 0.708333 0.854164 1057 1058 1059 1060 
 1034 0.625000 0.854163 1072 1074 
 1035 0.604166 0.874997 1081 1082 
 1036 0.562500 0.916665 1095 1096 1099 1101 
 1037 0.541666 0.937498 1092 1094 1095 1097 
 1038 0.541666 0.895831 1099 1100 1105 1106 
 1039 0.541667 0.979166 1083 1085 1088 1090 
 1040 0.562500 0.958332 1083 1084 1097 1098 
 1041 0.562500 0.874997 1100 1102 
 1042 0.312500 0.895831 399 400 401 402 
 1043 0.270833 0.895831 403 404 405 406 
 1044 0.854166 0.812498 407 408 409 410 
 1045 0.854166 0.770831 411 412 413 414 
 1046 0.895833 0.770832 415 416 417 418 
 1047 0.895833 0.812499 419 420 421 422 
 1048 0.437500 0.979166 423 424 425 426 
 1049 0.437500 0.937498 427 428 429 430 
 1050 0.479166 0.937498 431 432 433 434 
 1051 0.479167 0.979166 435 436 437 438 
 1052 0.229166 0.895832 439 440 441 442 
 1053 0.187500 0.895832 443 444 445 446 
 1054 0.062500 0.895833 447 448 449 450 
 1055 0.020833 0.895833 451 452 453 454 
 1056 0.395833 0.895831 455 456 457 458 
 1057 0.354166 0.895831 459 460 461 462 
 1058 0.770833 0.312496 463 464 465 466 
 1059 0.770833 0.270829 467 468 469 470 
 1060 0.812500 0.270830 471 472 473 474 
 1061 0.812499 0.312496 475 476 477 478 
 1062 0.812500 0.770830 479 480 481 482 
 1063 0.812500 0.812498 483 484 485 486 
 1064 0.854166 0.562496 487 488 489 490 
 1065 0.854166 0.520830 491 492 493 494 
 1066 0.895833 0.520831 495 496 497 498 
 1067 0.895833 0.562497 499 500 501 502 
 1068 0.937500 0.895833 503 504 505 506 
 1069 0.937500 0.854166 507 508 509 510 
 1070 0.979167 0.854166 511 512 513 514 
 1071 0.979167 0.895833 515 516 517 518 
 1072 0.145833 0.895832 519 520 521 522 
 1073 0.104167 0.895832 523 524 525 526 
 1074 0.854167 0.979166 527 528 529 530 
 1075 0.854167 0.937499 531 532 533 534 
 1076 0.895833 0.937499 535 536 537 538 
 1077 0.895833 0.979166 539 540 541 542 
 1078 0.062500 0.354165 543 544 545 546 
 1079 0.062500 0.395832 547 548 549 550 
 1080 0.020833 0.395833 551 552 553 554 
 1081 0.020833 0.354166 555 556 557 558 
 1082 0.729166 0.229163 559 560 561 562 
 1083 0.687499 0.229162 563 564 565 566 
 1084 0.895833 0.604164 567 568 569 570 
 1085 0.895833 0.645831 571 572 573 574 
 1086 0.854166 0.645830 575 576 577 578 
 1087 0.854166 0.604163 579 580 581 582 
 1088 0.937500 0.645832 583 584 585 586 
 1089 0.937500 0.604165 587 588 589 590 
 1090 0.979167 0.604166 591 592 593 594 
 1091 0.979167 0.645833 595 596 597 598 
 1092 0.854166 0.312497 599 600 601 602 
 1093 0.895833 0.312498 603 604 605 606 
 1094 0.770833 0.895832 607 608 609 610 
 1095 0.770833 0.854164 611 612 613 614 
 1096 0.812500 0.854165 615 616 617 618 
 1097 0.812500 0.895832 619 620 621 622 
 1098 0.812500 0.687496 623 624 625 626 
 1099 0.812500 0.729163 627 628 629 630 
 1100 0.020833 0.937500 631 632 633 634 
 1101 0.062500 0.937500 635 636 637 638 
 1102 0.062500 0.979167 639 640 641 642 
 1103 0.020833 0.979167 643 644 645 646 
 1104 0.895833 0.729165 647 648 649 650 
 1105 0.854166 0.729164 651 652 653 654 
 1106 0.854166 0.687497 655 656 657 658 
 1107 0.895833 0.687498 659 660 661 662 
 1108 0.770833 0.354162 663 664 665 666 
 1109 0.812499 0.354163 667 668 669 670 
 1110 0.812499 0.395829 671 672 673 674 
 1111 0.937500 0.687499 675 676 677 678 
 1112 0.979167 0.687500 679 680 681 682 
 1113 0.979167 0.729166 683 684 685 686 
 1114 0.937500 0.729165 687 688 689 690 
 1115 0.937500 0.979167 691 692 693 694 
 1116 0.937500 0.937500 695 696 697 698 
 1117 0.979167 0.937500 699 700 701 702 
 1118 0.979167 0.979167 703 704 705 706 
 1119 0.937500 0.770832 707 708 709 710 
 1120 0.979167 0.770833 711 712 713 714 
 1121 0.979167 0.812500 715 716 717 718 
 1122 0.937500 0.812499 719 720 721 722 
 1123 0.895833 0.854166 723 724 725 726 
 1124 0.895833 0.895833 727 728 729 730 
 1125 0.854167 0.895832 731 732 733 734 
 1126 0.854166 0.854165 735 736 737 738 
 1127 0.645833 0.229162 739 740 741 742 
 1128 0.604166 0.229162 743 744 745 746 
 1129 0.312500 0.937499 747 748 749 750 
 1130 0.312500 0.979166 751 752 753 754 
 1131 0.270833 0.979166 755 756 757 758 
 1132 0.270833 0.937499 759 760 761 762 
 1133 0.187500 0.937499 763 764 765 766 
 1134 0.229167 0.937499 767 768 769 770 
 1135 0.229167 0.979166 771 772 773 774 
 1136 0.187500 0.979166 775 776 777 778 
 1137 0.979167 0.520833 779 780 781 782 
 1138 0.979167 0.562499 783 784 785 786 
 1139 0.937500 0.562498 787 788 789 790 
 1140 0.937500 0.520832 791 792 793 794 
 1141 0.562499 0.229161 795 796 797 798 
 1142 0.520833 0.229161 799 800 801 802 
 1143 0.020833 0.604166 803 804 805 806 
 1144 0.062500 0.604165 807 808 809 810 
 1145 0.812499 0.437496 811 812 813 814 
 1146 0.812499 0.479162 815 816 817 818 
 1147 0.020833 0.479166 819 820 821 822 
 1148 0.020833 0.437499 823 824 825 826 
 1149 0.062500 0.437498 827 828 829 830 
 1150 0.062500 0.479165 831 832 833 834 
 1151 0.354167 0.979166 835 836 837 838 
 1152 0.354166 0.937499 839 840 841 842 
 1153 0.395833 0.937498 843 844 845 846 
 1154 0.395833 0.979166 847 848 849 850 
 1155 0.854166 0.395830 851 852 853 854 
 1156 0.854166 0.354163 855 856 857 858 
 1157 0.895833 0.354164 859 860 861 862 
 1158 0.895833 0.395831 863 864 865 866 
 1159 0.145833 0.979166 867 868 869 870 
 1160 0.104167 0.979166 871 872 873 874 
 1161 0.104167 0.937499 875 876 877 878 
 1162 0.145833 0.937499 879 880 881 882 
 1163 0.812499 0.604162 883 884 885 886 
 1164 0.812499 0.645829 887 888 889 890 
 1165 0.937500 0.479165 891 892 893 894 
 1166 0.937500 0.437498 895 896 897 898 
 1167 0.979167 0.437499 899 900 901 902 
 1168 0.979167 0.479166 903 904 905 906 
 1169 0.062500 0.520832 907 908 909 910 
 1170 0.062500 0.562498 911 912 913 914 
 1171 0.020833 0.562499 915 916 917 918 
 1172 0.020833 0.520833 919 920 921 922 
 1173 0.479166 0.229161 923 924 925 926 
 1174 0.645833 0.270828 927 928 929 930 
 1175 0.895833 0.437497 931 932 933 934 
 1176 0.895833 0.479164 935 936 937 938 
 1177 0.854166 0.479163 939 940 941 942 
 1178 0.854166 0.437496 943 944 945 946 
 1179 0.687499 0.270828 947 948 949 950 
 1180 0.729166 0.270829 951 952 953 954 
 1181 0.729166 0.312495 955 956 957 958 
 1182 0.479166 0.895831 959 960 961 962 
 1183 0.437500 0.895831 963 964 965 966 
 1184 0.937500 0.270832 967 968 969 970 
 1185 0.979167 0.270833 971 972 973 974 
 1186 0.979167 0.312500 975 976 977 978 
 1187 0.937500 0.312499 979 980 981 982 
 1188 0.937500 0.395832 983 984 985 986 
 1189 0.937500 0.354165 987 988 989 990 
 1190 0.979167 0.354166 991 992 993 994 
 1191 0.979167 0.395833 995 996 997 998 
 1192 0.645833 0.937499 999 1000 1001 1002 
 1193 0.645833 0.979166 1003 1004 1005 1006 
 1194 0.604167 0.979166 1007 1008 1009 1010 
 1195 0.604166 0.937498 1011 1012 1013 1014 
 1196 0.937500 0.229166 1015 1016 1017 1018 
 1197 0.979167 0.229166 1019 1020 1021 1022 
 1198 0.812500 0.937499 1023 1024 1025 1026 
 1199 0.812500 0.979166 1027 1028 1029 1030 
 1200 0.770833 0.979166 1031 1032 1033 1034 
 1201 0.770833 0.937499 1035 1036 1037 1038 
 1202 0.687500 0.937499 1039 1040 1041 1042 
 1203 0.729167 0.937499 1043 1044 1045 1046 
 1204 0.729167 0.979166 1047 1048 1049 1050 
 1205 0.687500 0.979166 1051 1052 1053 1054 
 1206 0.687500 0.854164 1055 1056 1057 1058 
 1207 0.729166 0.854164 1059 1060 1061 1062 
 1208 0.729166 0.895831 1063 1064 1065 1066 
 1209 0.687500 0.895831 1067 1068 1069 1070 
 1210 0.645833 0.854164 1071 1072 1073 1074 
 1211 0.645833 0.895831 1075 1076 1077 1078 
 1212 0.604166 0.895831 1079 1080 1081 1082 
 1213 0.562500 0.979166 1083 1084 1085 1086 
 1214 0.520833 0.979166 1087 1088 1089 1090 
 1215 0.520833 0.937498 1091 1092 1093 1094 
 1216 0.562500 0.937498 1095 1096 1097 1098 
 1217 0.562500 0.895831 1099 1100 1101 1102 
 1218 0.520833 0.895831 1103 1104 1105 1106 
 