49 1 3
 50 1 3
 51 2 2
 54 2 2
 55 1 3
 56 2 2
 56 1 3
 57 2 2
 60 2 4
 61 3 1
 61 2 4
 62 3 1
 74 2 4
 75 2 4
 82 2 4
 88 2 4
 111 2 2
 112 2 2
 119 2 4
 120 2 4
 124 2 4
 125 2 4
 140 2 2
 141 2 2
 272 1 1
 274 1 1
 280 1 1
 282 1 1
 440 1 3
 441 1 3
 636 3 1
 638 3 1
 664 3 1
 666 3 1
 668 3 1
 670 3 1
 708 1 1
 710 1 1
 712 1 1
 714 1 1
 916 1 3
 917 1 3
 920 1 3
 921 1 3
 977 2 2
 979 2 2
 981 2 2
 983 2 2
 998 2 4
 999 2 4
 1002 2 4
 1003 2 4
 1030 2 4
 1031 2 4
 1050 2 4
 1051 2 4
 1104 3 1
 1106 3 1
 1108 3 1
 1110 3 1
 1234 0 4
 1235 0 4
 1238 0 4
 1239 0 4
 1242 0 4
 1243 0 4
 1246 0 4
 1247 0 4
 1280 1 3
 1281 1 3
 1400 3 3
 1401 3 3
 1404 3 3
 1405 3 3
 1416 3 3
 1417 3 3
 1420 3 3
 1421 3 3
 1517 0 2
 1519 0 2
 1561 0 2
 1563 0 2
 1565 0 2
 1567 0 2
 1569 0 2
 1571 0 2
 1573 0 2
 1575 0 2
 1646 0 4
 1647 0 4
 1650 0 4
 1651 0 4
 1718 0 4
 1719 0 4
 1722 0 4
 1723 0 4
 1726 0 4
 1727 0 4
 1730 0 4
 1731 0 4
 1940 3 1
 1942 3 1
 1948 3 1
 1950 3 1
 1956 3 1
 1958 3 1
 1964 3 1
 1966 3 1
 2036 1 3
 2037 1 3
 2040 1 3
 2041 1 3
 2324 3 3
 2325 3 3
 2328 3 3
 2329 3 3
 2340 3 3
 2341 3 3
 2344 3 3
 2345 3 3
 2612 3 3
 2613 3 3
 2616 3 3
 2617 3 3
 2628 3 3
 2629 3 3
 2632 3 3
 2633 3 3
 2724 1 1
 2726 1 1
 2732 1 1
 2734 1 1
 2740 1 1
 2742 1 1
 2748 1 1
 2750 1 1
 2756 1 1
 2758 1 1
 2764 1 1
 2766 1 1
 2772 1 1
 2774 1 1
 2780 1 1
 2782 1 1
 2804 1 3
 2805 1 3
 2808 1 3
 2809 1 3
 2820 1 3
 2821 1 3
 2824 1 3
 2825 1 3
 2836 1 1
 2838 1 1
 2844 1 1
 2846 1 1
 2852 1 1
 2854 1 1
 2860 1 1
 2862 1 1
 2884 3 1
 2886 3 1
 2892 3 1
 2894 3 1
 2932 1 3
 2933 1 3
 2936 1 3
 2937 1 3
 3292 1 1
 3294 1 1
 3300 1 1
 3302 1 1
 3448 3 3
 3449 3 3
 3452 3 3
 3453 3 3
 3464 3 3
 3465 3 3
 3468 3 3
 3469 3 3
 3680 3 3
 3681 3 3
 3684 3 3
 3685 3 3
 3696 3 3
 3697 3 3
 3700 3 3
 3701 3 3
 3829 0 2
 3831 0 2
 3837 0 2
 3839 0 2
 3861 0 2
 3863 0 2
 3869 0 2
 3871 0 2
 3885 0 2
 3887 0 2
 3893 0 2
 3895 0 2
 3901 0 2
 3903 0 2
 3909 0 2
 3911 0 2
 4073 0 2
 4075 0 2
 4077 0 2
 4079 0 2
 4081 0 2
 4083 0 2
 4085 0 2
 4087 0 2
 4089 0 2
 4091 0 2
 4093 0 2
 4095 0 2
 4097 0 2
 4099 0 2
 4137 0 2
 4139 0 2
 4145 0 2
 4147 0 2
 4409 0 2
 4411 0 2
 4417 0 2
 4419 0 2
 4425 0 2
 4427 0 2
 4433 0 2
 4435 0 2
 4441 0 2
 4443 0 2
 4449 0 2
 4451 0 2
 4516 1 3
 4517 1 3
 4520 1 3
 4521 1 3
 5076 3 3
 5077 3 3
 5080 3 3
 5081 3 3
 5092 3 3
 5093 3 3
 5096 3 3
 5097 3 3
 5209 0 2
 5211 0 2
 5217 0 2
 5219 0 2
 5225 0 2
 5227 0 2
 5233 0 2
 5235 0 2
 5481 0 2
 5483 0 2
 5489 0 2
 5491 0 2
 5534 0 4
 5535 0 4
 5538 0 4
 5539 0 4
 5550 0 4
 5551 0 4
 5554 0 4
 5555 0 4
 5860 3 1
 5862 3 1
 5868 3 1
 5870 3 1
 5892 3 1
 5894 3 1
 5900 3 1
 5902 3 1
 5988 3 1
 5990 3 1
 5996 3 1
 5998 3 1
 6020 3 1
 6022 3 1
 6028 3 1
 6030 3 1
 6116 3 1
 6118 3 1
 6124 3 1
 6126 3 1
 6148 3 1
 6150 3 1
 6156 3 1
 6158 3 1
 6244 3 1
 6246 3 1
 6252 3 1
 6254 3 1
 6276 3 1
 6278 3 1
 6284 3 1
 6286 3 1
 6393 0 2
 6395 0 2
 6401 0 2
 6403 0 2
 6409 0 2
 6411 0 2
 6417 0 2
 6419 0 2
 6425 0 2
 6427 0 2
 6433 0 2
 6435 0 2
 6441 0 2
 6443 0 2
 6449 0 2
 6451 0 2
 6489 0 2
 6491 0 2
 6497 0 2
 6499 0 2
 6521 0 2
 6523 0 2
 6529 0 2
 6531 0 2
 6553 0 2
 6555 0 2
 6561 0 2
 6563 0 2
 6585 0 2
 6587 0 2
 6593 0 2
 6595 0 2
 6596 1 1
 6598 1 1
 6604 1 1
 6606 1 1
 6628 1 1
 6630 1 1
 6636 1 1
 6638 1 1
 6910 0 4
 6911 0 4
 6914 0 4
 6915 0 4
 6926 0 4
 6927 0 4
 6930 0 4
 6931 0 4
 6974 0 4
 6975 0 4
 6978 0 4
 6979 0 4
 6990 0 4
 6991 0 4
 6994 0 4
 6995 0 4
 6996 1 1
 6998 1 1
 7004 1 1
 7006 1 1
 7028 1 1
 7030 1 1
 7036 1 1
 7038 1 1
 7124 1 1
 7126 1 1
 7132 1 1
 7134 1 1
 7156 1 1
 7158 1 1
 7164 1 1
 7166 1 1
 7166 0 4
 7167 0 4
 7170 0 4
 7171 0 4
 7182 0 4
 7183 0 4
 7186 0 4
 7187 0 4
 7230 0 4
 7231 0 4
 7234 0 4
 7235 0 4
 7246 0 4
 7247 0 4
 7250 0 4
 7251 0 4
 7337 0 2
 7339 0 2
 7345 0 2
 7347 0 2
 7369 0 2
 7371 0 2
 7377 0 2
 7379 0 2
 7449 0 2
 7451 0 2
 7457 0 2
 7459 0 2
 7481 0 2
 7483 0 2
 7489 0 2
 7491 0 2
 7524 3 3
 7525 3 3
 7528 3 3
 7529 3 3
 7540 3 3
 7541 3 3
 7544 3 3
 7545 3 3
 7588 3 3
 7589 3 3
 7592 3 3
 7593 3 3
 7604 3 3
 7605 3 3
 7608 3 3
 7609 3 3
 7780 3 3
 7781 3 3
 7784 3 3
 7785 3 3
 7796 3 3
 7797 3 3
 7800 3 3
 7801 3 3
 7844 3 3
 7845 3 3
 7848 3 3
 7849 3 3
 7860 3 3
 7861 3 3
 7864 3 3
 7865 0 2
 7865 3 3
 7867 0 2
 7873 0 2
 7875 0 2
 7897 0 2
 7899 0 2
 7905 0 2
 7907 0 2
 7993 0 2
 7995 0 2
 8001 0 2
 8003 0 2
 8025 0 2
 8027 0 2
 8033 0 2
 8035 0 2
 8244 3 3
 8245 3 3
 8248 3 3
 8249 3 3
 8260 3 3
 8261 3 3
 8264 3 3
 8265 3 3
 8308 3 3
 8309 3 3
 8312 3 3
 8313 3 3
 8324 3 3
 8325 3 3
 8328 3 3
 8329 3 3
 9241 0 2
 9243 0 2
 9249 0 2
 9251 0 2
 9422 0 4
 9423 0 4
 9426 0 4
 9427 0 4
 9438 0 4
 9439 0 4
 9442 0 4
 9443 0 4
 9486 0 4
 9487 0 4
 9490 0 4
 9491 0 4
 9502 0 4
 9503 0 4
 9506 0 4
 9507 0 4
 9678 0 4
 9679 0 4
 9682 0 4
 9683 0 4
 9694 0 4
 9695 0 4
 9698 0 4
 9699 0 4
 9742 0 4
 9743 0 4
 9746 0 4
 9747 0 4
 9758 0 4
 9759 0 4
 9762 0 4
 9763 0 4
 