69 0 4
 72 0 4
 78 1 3
 79 1 3
 123 3 1
 124 3 1
 127 1 3
 128 1 3
 133 2 2
 136 2 2
 137 0 2
 140 0 2
 143 1 1
 144 1 1
 165 1 3
 166 2 2
 166 1 3
 167 2 2
 171 3 3
 172 3 3
 193 2 4
 194 3 1
 194 2 4
 195 3 1
 197 1 1
 199 0 4
 200 1 1
 200 0 4
 239 1 3
 240 1 3
 246 3 3
 247 3 3
 249 0 2
 251 3 3
 252 0 2
 252 3 3
 254 3 3
 255 3 3
 266 1 3
 267 1 3
 282 0 2
 283 0 2
 287 0 2
 288 0 2
 293 3 3
 294 3 3
 305 1 1
 306 1 1
 313 1 3
 314 1 3
 317 0 2
 320 0 2
 326 2 2
 327 2 2
 331 2 4
 332 2 4
 335 2 4
 336 2 4
 349 0 4
 350 0 4
 363 3 1
 364 3 1
 365 2 4
 368 2 4
 377 2 4
 378 2 4
 387 1 1
 388 1 1
 442 3 1
 443 3 1
 474 2 2
 475 2 2
 482 3 1
 483 3 1
 487 3 3
 488 3 3
 490 2 4
 491 2 4
 495 2 4
 496 2 4
 502 0 2
 503 0 2
 522 2 2
 523 2 2
 527 3 1
 528 3 1
 530 0 2
 531 0 2
 535 0 4
 536 0 4
 559 1 1
 560 1 1
 561 0 4
 562 0 4
 573 1 1
 576 1 1
 