59 2 2
 62 2 2
 85 2 4
 86 2 4
 143 2 2
 144 2 2
 342 3 1
 344 3 1
 346 1 1
 348 1 1
 386 1 3
 387 1 3
 650 3 1
 652 3 1
 686 1 1
 688 1 1
 690 1 1
 692 1 1
 702 1 1
 704 1 1
 794 1 3
 795 1 3
 798 1 3
 799 1 3
 830 1 3
 831 1 3
 834 1 3
 835 2 2
 835 1 3
 837 2 2
 839 2 2
 841 2 2
 852 2 4
 853 2 4
 854 3 1
 856 3 1
 856 2 4
 857 2 4
 858 3 1
 860 3 1
 926 1 3
 927 1 3
 934 1 3
 935 1 3
 938 1 3
 939 1 3
 967 2 2
 969 2 2
 971 2 2
 973 2 2
 976 2 4
 977 2 4
 980 2 4
 981 2 4
 988 2 4
 989 2 4
 1000 2 4
 1001 2 4
 1004 2 4
 1005 2 4
 1008 2 4
 1009 2 4
 1050 3 1
 1052 3 1
 1054 3 1
 1056 3 1
 1104 2 4
 1105 2 4
 1108 2 4
 1109 2 4
 1124 2 4
 1125 2 4
 1128 2 4
 1129 2 4
 1167 2 2
 1169 2 2
 1171 2 2
 1173 2 2
 1306 3 3
 1307 3 3
 1310 3 3
 1311 3 3
 1314 3 3
 1315 3 3
 1466 3 3
 1467 3 3
 1470 3 3
 1471 3 3
 1583 0 2
 1585 0 2
 1587 0 2
 1589 0 2
 1676 0 4
 1677 0 4
 1680 0 4
 1681 0 4
 1684 0 4
 1685 0 4
 1718 1 1
 1720 1 1
 1726 1 1
 1728 1 1
 1734 1 1
 1736 1 1
 1742 1 1
 1744 1 1
 1798 3 3
 1799 3 3
 1802 3 3
 1803 3 3
 1814 1 3
 1815 1 3
 1818 1 3
 1819 1 3
 1830 1 3
 1831 1 3
 1834 1 3
 1835 1 3
 1878 3 1
 1880 3 1
 1886 3 1
 1888 3 1
 1894 3 1
 1896 3 1
 1902 3 1
 1904 3 1
 1910 1 1
 1912 1 1
 1918 1 1
 1920 1 1
 1926 1 1
 1928 1 1
 1934 1 1
 1936 1 1
 1958 3 3
 1959 3 3
 1962 3 3
 1963 3 3
 1974 3 3
 1975 3 3
 1978 3 3
 1979 3 3
 2038 1 3
 2039 1 3
 2042 1 3
 2043 1 3
 2310 1 1
 2312 1 1
 2318 1 1
 2320 1 1
 2502 3 1
 2504 3 1
 2510 3 1
 2512 3 1
 2518 3 1
 2520 3 1
 2526 3 1
 2528 3 1
 2630 1 3
 2631 1 3
 2634 1 3
 2635 1 3
 2742 1 1
 2744 1 1
 2750 1 1
 2752 1 1
 2896 0 4
 2897 0 4
 2900 0 4
 2901 0 4
 2912 0 4
 2913 0 4
 2916 0 4
 2917 0 4
 3024 0 4
 3025 0 4
 3028 0 4
 3029 0 4
 3119 0 2
 3121 0 2
 3330 1 1
 3332 1 1
 3454 3 3
 3455 3 3
 3458 3 3
 3459 3 3
 3502 3 3
 3503 3 3
 3506 3 3
 3507 3 3
 3518 3 3
 3519 3 3
 3522 3 3
 3523 3 3
 3682 3 3
 3683 3 3
 3686 3 3
 3687 3 3
 3690 3 3
 3691 3 3
 3743 0 2
 3745 0 2
 3747 0 2
 3749 0 2
 3751 0 2
 3753 0 2
 3755 0 2
 3757 0 2
 3759 0 2
 3761 0 2
 3763 0 2
 3765 0 2
 3767 0 2
 3769 0 2
 3771 0 2
 3773 0 2
 3855 0 2
 3857 0 2
 3899 0 2
 3901 0 2
 3907 0 2
 3909 0 2
 3915 0 2
 3917 0 2
 3919 0 2
 3921 0 2
 4007 0 2
 4009 0 2
 4015 0 2
 4017 0 2
 4039 0 2
 4041 0 2
 4047 0 2
 4049 0 2
 4147 0 2
 4149 0 2
 4155 0 2
 4157 0 2
 4163 0 2
 4165 0 2
 4171 0 2
 4173 0 2
 4179 0 2
 4181 0 2
 4187 0 2
 4189 0 2
 4328 0 4
 4329 0 4
 4332 0 4
 4333 0 4
 4574 3 3
 4575 3 3
 4578 3 3
 4579 3 3
 4590 1 1
 4592 1 1
 4598 1 1
 4600 1 1
 4622 3 3
 4623 3 3
 4626 3 3
 4627 3 3
 4899 0 2
 4901 0 2
 4907 0 2
 4909 0 2
 4931 0 2
 4933 0 2
 4939 0 2
 4941 0 2
 5075 0 2
 5077 0 2
 5083 0 2
 5085 0 2
 5224 0 4
 5225 0 4
 5228 0 4
 5229 0 4
 5240 0 4
 5241 0 4
 5244 0 4
 5245 0 4
 5288 0 4
 5289 0 4
 5292 0 4
 5293 0 4
 5304 0 4
 5305 0 4
 5308 0 4
 5309 0 4
 5320 0 4
 5321 0 4
 5324 0 4
 5325 0 4
 5358 3 1
 5360 3 1
 5366 3 1
 5368 3 1
 5390 3 1
 5392 3 1
 5398 3 1
 5400 3 1
 5486 3 1
 5488 3 1
 5494 3 1
 5496 3 1
 5518 3 1
 5520 3 1
 5526 3 1
 5528 3 1
 5614 3 1
 5616 3 1
 5622 3 1
 5624 3 1
 5646 3 1
 5648 3 1
 5654 3 1
 5656 3 1
 5742 3 1
 5744 3 1
 5750 3 1
 5752 3 1
 5774 3 1
 5776 3 1
 5782 3 1
 5784 3 1
 5875 0 2
 5877 0 2
 5883 0 2
 5885 0 2
 5891 0 2
 5893 0 2
 5899 0 2
 5901 0 2
 5907 0 2
 5909 0 2
 5915 0 2
 5917 0 2
 5939 0 2
 5941 0 2
 5947 0 2
 5949 0 2
 5971 0 2
 5973 0 2
 5979 0 2
 5981 0 2
 6003 0 2
 6005 0 2
 6011 0 2
 6013 0 2
 6035 0 2
 6037 0 2
 6043 0 2
 6045 0 2
 6046 1 1
 6048 1 1
 6054 1 1
 6056 1 1
 6248 0 4
 6249 0 4
 6252 0 4
 6253 0 4
 6264 0 4
 6265 0 4
 6268 0 4
 6269 0 4
 6312 0 4
 6313 0 4
 6316 0 4
 6317 0 4
 6328 0 4
 6329 0 4
 6332 0 4
 6333 0 4
 6334 1 1
 6336 1 1
 6342 1 1
 6344 1 1
 6366 1 1
 6368 1 1
 6374 1 1
 6376 1 1
 6446 1 1
 6448 1 1
 6454 1 1
 6456 1 1
 6478 1 1
 6480 1 1
 6486 1 1
 6488 1 1
 6488 0 4
 6489 0 4
 6492 0 4
 6493 0 4
 6504 0 4
 6505 0 4
 6508 0 4
 6509 0 4
 6552 0 4
 6553 0 4
 6556 0 4
 6557 0 4
 6568 0 4
 6569 0 4
 6572 0 4
 6573 0 4
 6803 0 2
 6805 0 2
 6811 0 2
 6813 0 2
 6835 0 2
 6837 0 2
 6843 0 2
 6845 0 2
 6867 0 2
 6869 0 2
 6875 0 2
 6877 0 2
 6899 0 2
 6901 0 2
 6907 0 2
 6909 0 2
 6910 3 3
 6911 3 3
 6914 3 3
 6915 3 3
 6926 3 3
 6927 3 3
 6930 3 3
 6931 3 3
 6974 3 3
 6975 3 3
 6978 3 3
 6979 3 3
 6990 3 3
 6991 3 3
 6994 3 3
 6995 3 3
 7134 3 3
 7135 3 3
 7138 3 3
 7139 3 3
 7150 3 3
 7151 3 3
 7154 3 3
 7155 3 3
 7198 3 3
 7199 3 3
 7202 3 3
 7203 3 3
 7214 3 3
 7215 3 3
 7218 3 3
 7219 0 2
 7219 3 3
 7221 0 2
 7227 0 2
 7229 0 2
 7251 0 2
 7253 0 2
 7259 0 2
 7261 0 2
 7347 0 2
 7349 0 2
 7355 0 2
 7357 0 2
 7379 0 2
 7381 0 2
 7387 0 2
 7389 0 2
 7486 3 3
 7487 3 3
 7490 3 3
 7491 3 3
 7662 3 3
 7663 3 3
 7666 3 3
 7667 3 3
 7678 3 3
 7679 3 3
 7682 3 3
 7683 3 3
 7726 3 3
 7727 3 3
 7730 3 3
 7731 3 3
 7742 3 3
 7743 3 3
 7746 3 3
 7747 3 3
 8531 0 2
 8533 0 2
 8539 0 2
 8541 0 2
 8627 0 2
 8629 0 2
 8635 0 2
 8637 0 2
 8659 0 2
 8661 0 2
 8667 0 2
 8669 0 2
 8755 0 2
 8757 0 2
 8763 0 2
 8765 0 2
 8787 0 2
 8789 0 2
 8795 0 2
 8797 0 2
 8883 0 2
 8885 0 2
 8891 0 2
 8893 0 2
 8915 0 2
 8917 0 2
 8923 0 2
 8925 0 2
 9224 0 4
 9225 0 4
 9228 0 4
 9229 0 4
 9240 0 4
 9241 0 4
 9244 0 4
 9245 0 4
 9288 0 4
 9289 0 4
 9292 0 4
 9293 0 4
 9304 0 4
 9305 0 4
 9308 0 4
 9309 0 4
 9480 0 4
 9481 0 4
 9484 0 4
 9485 0 4
 9496 0 4
 9497 0 4
 9500 0 4
 9501 0 4
 9544 0 4
 9545 0 4
 9548 0 4
 9549 0 4
 9560 0 4
 9561 0 4
 9564 0 4
 9565 0 4
 