0 0.000000 0.000000 117 
 1 1.000000 0.000000 131 
 2 0.000000 1.000000 1306 
 3 1.000000 1.000000 1429 
 4 0.041667 0.000000 117 118 
 5 0.083333 0.000000 118 342 
 6 0.125000 0.000000 342 343 
 7 0.166667 0.000000 316 343 
 8 0.208333 0.000000 316 317 
 9 0.250000 0.000000 317 321 
 10 0.291667 0.000000 321 322 
 11 0.333333 0.000000 208 322 
 12 0.375000 0.000000 208 209 
 13 0.416667 0.000000 209 308 
 14 0.458333 0.000000 308 309 
 15 0.500000 0.000000 103 309 
 16 0.541667 0.000000 100 103 
 17 0.583333 0.000000 100 227 
 18 0.625000 0.000000 224 227 
 19 0.666667 0.000000 199 224 
 20 0.708333 0.000000 199 200 
 21 0.750000 0.000000 200 204 
 22 0.791667 0.000000 204 205 
 23 0.833333 0.000000 205 236 
 24 0.875000 0.000000 236 237 
 25 0.916667 0.000000 130 237 
 26 0.958333 0.000000 130 131 
 27 1.000000 0.041667 131 132 
 28 1.000000 0.083333 132 282 
 29 1.000000 0.125000 282 283 
 30 1.000000 0.166667 283 346 
 31 1.000000 0.208333 346 702 
 32 1.000000 0.250000 670 700 
 33 1.000000 0.291667 668 674 
 34 1.000000 0.333333 672 688 
 35 1.000000 0.375000 689 692 
 36 1.000000 0.416667 606 693 
 37 1.000000 0.458333 604 610 
 38 1.000000 0.500000 544 608 
 39 1.000000 0.541667 545 1680 
 40 1.000000 0.583333 1184 1685 
 41 1.000000 0.625000 1189 1200 
 42 1.000000 0.666667 1205 1328 
 43 1.000000 0.708333 1333 1344 
 44 1.000000 0.750000 1349 1456 
 45 1.000000 0.791667 1461 1472 
 46 1.000000 0.833333 1034 1477 
 47 1.000000 0.875000 1024 1050 
 48 1.000000 0.916667 1040 1408 
 49 1.000000 0.958333 1413 1424 
 50 0.958333 1.000000 1381 1439 
 51 0.916667 1.000000 1109 1391 
 52 0.875000 1.000000 1061 1119 
 53 0.833333 1.000000 1071 2037 
 54 0.791667 1.000000 2047 2053 
 55 0.750000 1.000000 2063 2127 
 56 0.708333 1.000000 2122 2143 
 57 0.666667 1.000000 1973 2138 
 58 0.625000 1.000000 1983 1989 
 59 0.583333 1.000000 1999 2159 
 60 0.541667 1.000000 2154 2175 
 61 0.500000 1.000000 959 2170 
 62 0.458333 1.000000 911 954 
 63 0.416667 1.000000 906 1781 
 64 0.375000 1.000000 1733 1791 
 65 0.333333 1.000000 1573 1743 
 66 0.291667 1.000000 1583 1589 
 67 0.250000 1.000000 1599 1653 
 68 0.208333 1.000000 1663 1669 
 69 0.166667 1.000000 1679 1839 
 70 0.125000 1.000000 1834 1855 
 71 0.083333 1.000000 1295 1850 
 72 0.041667 1.000000 1290 1311 
 73 0.000000 0.958333 1258 1296 
 74 0.000000 0.916667 396 1248 
 75 0.000000 0.875000 64 397 
 76 0.000000 0.833333 64 367 
 77 0.000000 0.791667 364 367 
 78 0.000000 0.750000 357 364 
 79 0.000000 0.708333 357 862 
 80 0.000000 0.666667 786 860 
 81 0.000000 0.625000 558 784 
 82 0.000000 0.583333 556 622 
 83 0.000000 0.541667 620 626 
 84 0.000000 0.500000 572 624 
 85 0.000000 0.458333 573 576 
 86 0.000000 0.416667 458 577 
 87 0.000000 0.375000 456 462 
 88 0.000000 0.333333 164 460 
 89 0.000000 0.291667 164 165 
 90 0.000000 0.250000 165 175 
 91 0.000000 0.208333 175 176 
 92 0.000000 0.166667 96 176 
 93 0.000000 0.125000 96 97 
 94 0.000000 0.083333 97 116 
 95 0.000000 0.041667 116 117 
 96 0.083333 0.583331 335 561 619 772 
 97 0.916666 0.499998 960 1722 1893 1936 
 98 0.416666 0.083331 206 307 333 339 
 99 0.583333 0.916665 729 734 2010 2197 
 100 0.750000 0.083332 37 120 201 203 
 101 0.916666 0.666665 516 1141 1167 1322 
 102 0.250000 0.916665 373 384 1610 1632 
 103 0.083333 0.333331 141 151 163 449 
 104 0.750000 0.916665 714 1221 2074 2101 
 105 0.250000 0.083332 318 320 329 359 
 106 0.083333 0.833332 65 98 354 366 
 107 0.916667 0.166666 250 284 305 345 
 108 0.916667 0.916666 997 1088 1402 1520 
 109 0.083333 0.083333 3 94 119 341 
 110 0.083333 0.916666 394 444 1269 1856 
 111 0.083333 0.499998 72 336 586 613 
 112 0.416666 0.916665 400 660 912 1760 
 113 0.916666 0.333331 484 592 677 686 
 114 0.583333 0.083331 101 114 226 241 
 115 0.083333 0.249998 44 138 162 174 
 116 0.916666 0.749998 505 864 1375 1450 
 117 0.083333 0.749998 351 356 365 842 
 118 0.916667 0.083333 133 238 281 304 
 119 0.166666 0.583329 186 270 295 338 
 120 0.833333 0.749997 382 424 501 511 
 121 0.166666 0.249997 23 43 127 139 
 122 0.166666 0.833331 62 99 166 353 
 123 0.333333 0.916665 368 405 1552 1754 
 124 0.833333 0.166665 122 135 252 306 
 125 0.083333 0.166666 2 45 95 177 
 126 0.666666 0.083331 36 115 198 225 
 127 0.916667 0.833332 885 1023 1503 1514 
 128 0.833333 0.916666 1082 1232 1541 2016 
 129 0.916666 0.583331 981 1120 1178 1711 
 130 0.916666 0.416665 683 1813 1919 1930 
 131 0.083333 0.416664 73 150 455 583 
 132 0.500000 0.916665 658 736 933 2176 
 133 0.500000 0.083331 102 240 310 340 
 134 0.333333 0.083331 207 319 330 332 
 135 0.083333 0.666665 770 791 844 857 
 136 0.916666 0.249998 667 697 754 812 
 137 0.666666 0.916665 716 724 1952 2080 
 138 0.166667 0.916666 389 442 1626 1877 
 139 0.833333 0.083332 121 202 239 303 
 140 0.166667 0.083332 0 315 344 358 
 141 0.499999 0.166662 777 796 807 834 
 142 0.833333 0.416663 529 566 643 1807 
 143 0.499999 0.833329 212 294 312 362 
 144 0.166666 0.666663 157 187 269 849 
 145 0.166666 0.166664 1 20 42 361 
 146 0.333333 0.833330 25 74 146 189 
 147 0.750000 0.833330 80 347 491 711 
 148 0.250000 0.833330 24 63 147 169 
 149 0.250000 0.166664 21 218 328 360 
 150 0.666666 0.166663 35 113 741 766 
 151 0.750000 0.166664 34 108 123 134 
 152 0.833333 0.583329 195 435 478 596 
 153 0.166666 0.416662 49 70 142 153 
 154 0.166666 0.499996 48 71 296 337 
 155 0.833333 0.666663 475 496 514 601 
 156 0.166666 0.333330 126 140 143 152 
 157 0.416666 0.166663 334 801 826 836 
 158 0.833333 0.833331 379 429 494 535 
 159 0.583333 0.833329 311 323 355 363 
 160 0.166666 0.749997 156 167 352 855 
 161 0.833333 0.333330 420 481 524 590 
 162 0.833333 0.249997 136 251 418 751 
 163 0.249999 0.583328 83 271 298 301 
 164 0.416666 0.249994 89 266 808 828 
 165 0.583333 0.749995 93 287 314 324 
 166 0.749999 0.416661 50 107 137 193 
 167 0.249999 0.416661 46 111 145 171 
 168 0.666666 0.249995 468 536 634 645 
 169 0.749999 0.583328 196 216 223 263 
 170 0.333333 0.749995 149 190 273 289 
 171 0.749999 0.749996 81 128 183 350 
 172 0.249999 0.333328 112 125 144 178 
 173 0.249999 0.249996 22 124 179 221 
 174 0.416666 0.833329 75 188 213 293 
 175 0.583333 0.166663 745 763 783 794 
 176 0.833333 0.499996 194 438 568 637 
 177 0.749999 0.333328 106 409 522 654 
 178 0.249999 0.666662 82 154 268 291 
 179 0.333333 0.166663 219 327 331 823 
 180 0.666666 0.833330 326 348 705 722 
 181 0.749999 0.249996 415 466 651 757 
 182 0.249999 0.749996 148 155 168 290 
 183 0.416666 0.749994 59 191 210 272 
 184 0.583333 0.249994 39 253 541 550 
 185 0.499999 0.749994 58 211 288 313 
 186 0.749999 0.666662 129 182 217 222 
 187 0.333332 0.416660 76 110 172 229 
 188 0.499999 0.249994 38 267 552 630 
 189 0.749999 0.499994 51 192 197 262 
 190 0.249999 0.499994 47 170 297 302 
 191 0.666666 0.416660 53 104 158 244 
 192 0.666666 0.333327 105 243 254 280 
 193 0.333332 0.583326 84 248 258 300 
 194 0.333333 0.666661 85 257 274 292 
 195 0.666666 0.749995 92 184 325 349 
 196 0.333333 0.333327 77 87 109 181 
 197 0.333333 0.249995 88 180 220 817 
 198 0.583332 0.666660 8 90 278 286 
 199 0.499999 0.666660 9 56 61 285 
 200 0.499999 0.333326 27 41 66 264 
 201 0.416666 0.416659 32 68 79 230 
 202 0.583332 0.416659 17 29 161 245 
 203 0.416666 0.583326 5 54 247 259 
 204 0.583332 0.333327 28 40 242 255 
 205 0.416666 0.666660 57 60 256 275 
 206 0.416666 0.333327 69 78 86 265 
 207 0.333332 0.499993 173 228 249 299 
 208 0.666666 0.499993 52 159 234 261 
 209 0.666666 0.583327 215 235 260 276 
 210 0.666666 0.666661 91 185 214 277 
 211 0.499999 0.583326 4 10 12 55 
 212 0.583332 0.499992 14 18 160 233 
 213 0.583332 0.583326 11 15 232 279 
 214 0.499999 0.416659 16 26 33 67 
 215 0.416666 0.499992 6 31 231 246 
 216 0.499999 0.499992 7 13 19 30 
 217 0.166666 0.124998 0 1 358 361 
 218 0.125000 0.166665 1 2 42 45 
 219 0.083333 0.124999 2 3 94 95 
 220 0.125000 0.083332 0 3 341 344 
 221 0.125000 0.124999 0 1 2 3 
 222 0.458332 0.583326 4 5 54 55 
 223 0.416666 0.541659 5 6 246 247 
 224 0.458332 0.499992 6 7 30 31 
 225 0.499999 0.541659 4 7 12 13 
 226 0.458332 0.541659 4 5 6 7 
 227 0.541666 0.666660 8 9 285 286 
 228 0.499999 0.624993 9 10 55 56 
 229 0.541666 0.583326 10 11 12 15 
 230 0.583332 0.624993 8 11 278 279 
 231 0.541666 0.624993 8 9 10 11 
 232 0.541666 0.499992 13 14 18 19 
 233 0.583332 0.541659 14 15 232 233 
 234 0.541666 0.541659 12 13 14 15 
 235 0.541666 0.416659 16 17 26 29 
 236 0.583332 0.458326 17 18 160 161 
 237 0.499999 0.458326 16 19 30 33 
 238 0.541666 0.458326 16 17 18 19 
 239 0.208333 0.166664 20 21 360 361 
 240 0.250000 0.208330 21 22 218 221 
 241 0.208333 0.249996 22 23 124 127 
 242 0.166666 0.208331 20 23 42 43 
 243 0.208333 0.208330 20 21 22 23 
 244 0.291666 0.833330 24 25 146 147 
 245 0.333333 0.874997 25 74 370 407 
 246 0.291666 0.916665 369 372 1562 1600 
 247 0.250000 0.874998 24 63 375 386 
 248 0.291666 0.874997 24 25 371 374 
 249 0.499999 0.374993 26 27 66 67 
 250 0.541666 0.333326 27 28 40 41 
 251 0.583332 0.374993 28 29 242 245 
 252 0.541666 0.374993 26 27 28 29 
 253 0.416666 0.458326 31 32 230 231 
 254 0.458332 0.416659 32 33 67 68 
 255 0.458332 0.458326 30 31 32 33 
 256 0.708333 0.166663 34 35 108 743 
 257 0.666666 0.124997 35 36 113 115 
 258 0.708333 0.083332 36 37 198 201 
 259 0.750000 0.124998 34 37 120 123 
 260 0.708333 0.124997 34 35 36 37 
 261 0.541666 0.249994 38 39 548 554 
 262 0.583333 0.291660 39 40 253 255 
 263 0.499999 0.291660 38 41 264 267 
 264 0.541666 0.291660 38 39 40 41 
 265 0.125000 0.249998 43 44 138 139 
 266 0.083333 0.208332 44 45 174 177 
 267 0.125000 0.208331 42 43 44 45 
 268 0.833333 0.791664 378 383 425 428 
 269 0.875000 0.749998 380 507 509 874 
 270 0.916666 0.791665 869 880 1455 1498 
 271 0.875000 0.833332 377 534 895 1519 
 272 0.875000 0.791665 376 381 879 890 
 273 0.249999 0.458327 46 47 170 171 
 274 0.208333 0.499995 47 48 296 297 
 275 0.166666 0.458329 48 49 70 71 
 276 0.208333 0.416662 46 49 142 145 
 277 0.208333 0.458328 46 47 48 49 
 278 0.749999 0.458328 50 51 192 193 
 279 0.708332 0.499994 51 52 261 262 
 280 0.666666 0.458327 52 53 158 159 
 281 0.708333 0.416660 50 53 104 107 
 282 0.708333 0.458327 50 51 52 53 
 283 0.458332 0.666660 56 57 60 61 
 284 0.416666 0.624993 54 57 256 259 
 285 0.458332 0.624993 54 55 56 57 
 286 0.458333 0.749994 58 59 210 211 
 287 0.416666 0.708327 59 60 272 275 
 288 0.499999 0.708327 58 61 285 288 
 289 0.458333 0.708327 58 59 60 61 
 290 0.416667 0.958332 896 922 1765 1776 
 291 0.458333 0.916665 656 662 917 928 
 292 0.500000 0.958332 943 949 2160 2186 
 293 0.458333 0.958332 901 927 938 944 
 294 0.208333 0.916665 385 388 1616 1642 
 295 0.166666 0.874998 62 99 391 443 
 296 0.208333 0.833331 62 63 166 169 
 297 0.208333 0.874998 62 63 387 390 
 298 0.041667 0.916666 392 398 1253 1264 
 299 0.041667 0.833333 64 65 366 367 
 300 0.083333 0.874999 65 98 395 445 
 301 0.041667 0.875000 64 65 393 399 
 302 0.416666 0.374993 68 69 78 79 
 303 0.458332 0.333326 66 69 264 265 
 304 0.458332 0.374993 66 67 68 69 
 305 0.125000 0.499997 71 72 336 337 
 306 0.083333 0.458331 72 73 582 587 
 307 0.125000 0.416663 70 73 150 153 
 308 0.125000 0.458330 70 71 72 73 
 309 0.374999 0.833330 74 75 188 189 
 310 0.416666 0.874997 75 293 402 661 
 311 0.375000 0.916665 401 404 1744 1770 
 312 0.375000 0.874997 74 75 403 406 
 313 0.333332 0.374993 76 77 109 110 
 314 0.374999 0.333327 77 78 86 87 
 315 0.374999 0.416659 76 79 229 230 
 316 0.374999 0.374993 76 77 78 79 
 317 0.749999 0.291662 411 413 650 655 
 318 0.791666 0.249996 136 414 419 756 
 319 0.833333 0.291663 416 422 483 749 
 320 0.791666 0.333329 408 421 520 526 
 321 0.791666 0.291663 410 412 417 423 
 322 0.791666 0.833331 80 431 490 495 
 323 0.750000 0.791663 80 81 347 350 
 324 0.791666 0.749997 81 128 426 503 
 325 0.791666 0.791664 80 81 427 430 
 326 0.249999 0.624995 82 83 268 271 
 327 0.291666 0.583327 83 84 300 301 
 328 0.333332 0.624994 84 85 257 258 
 329 0.291666 0.666661 82 85 291 292 
 330 0.291666 0.624994 82 83 84 85 
 331 0.333333 0.291661 87 88 180 181 
 332 0.374999 0.249995 88 89 816 829 
 333 0.416666 0.291660 86 89 265 266 
 334 0.374999 0.291661 86 87 88 89 
 335 0.624999 0.666660 90 91 277 278 
 336 0.666666 0.708328 91 92 184 185 
 337 0.624999 0.749995 92 93 324 325 
 338 0.583333 0.708327 90 93 286 287 
 339 0.624999 0.708328 90 91 92 93 
 340 0.833333 0.541663 194 195 434 439 
 341 0.875000 0.499997 436 636 970 1941 
 342 0.916666 0.541665 965 976 1706 1727 
 343 0.875000 0.583330 433 476 991 1130 
 344 0.875000 0.541664 432 437 975 986 
 345 0.916667 0.874999 1007 1013 1504 1530 
 346 0.958333 0.833333 1018 1039 1487 1493 
 347 0.958333 0.916666 992 1045 1392 1418 
 348 0.958333 0.875000 1002 1008 1029 1055 
 349 0.041667 0.166666 95 96 176 177 
 350 0.041667 0.083333 94 97 116 119 
 351 0.041667 0.125000 94 95 96 97 
 352 0.125000 0.833332 98 99 353 354 
 353 0.125000 0.916666 440 446 1861 1872 
 354 0.125000 0.874999 98 99 441 447 
 355 0.583333 0.041666 100 101 226 227 
 356 0.541666 0.083331 101 102 240 241 
 357 0.500000 0.041666 102 103 309 310 
 358 0.541667 0.041666 100 101 102 103 
 359 0.833333 0.958333 1066 1087 2021 2032 
 360 0.875000 0.916666 1072 1098 1525 1536 
 361 0.916667 0.958333 1093 1104 1386 1407 
 362 0.875000 0.958333 1056 1077 1103 1114 
 363 0.083333 0.374998 150 151 451 453 
 364 0.041667 0.416666 454 459 579 581 
 365 0.041667 0.333332 163 164 448 461 
 366 0.041667 0.374999 450 452 457 463 
 367 0.666666 0.374994 104 105 243 244 
 368 0.708333 0.333328 105 106 280 652 
 369 0.749999 0.374995 106 107 137 523 
 370 0.708333 0.374994 104 105 106 107 
 371 0.750000 0.208330 108 134 467 759 
 372 0.708333 0.249995 464 470 647 649 
 373 0.666666 0.208329 469 538 740 764 
 374 0.708333 0.208329 108 465 471 742 
 375 0.291666 0.416660 110 111 171 172 
 376 0.249999 0.374994 111 112 144 145 
 377 0.291666 0.333328 109 112 178 181 
 378 0.291666 0.374994 109 110 111 112 
 379 0.916666 0.624998 1125 1136 1162 1183 
 380 0.875000 0.666664 473 512 518 1151 
 381 0.833333 0.624996 474 479 597 600 
 382 0.875000 0.624997 472 477 1135 1146 
 383 0.624999 0.166663 113 744 762 767 
 384 0.583333 0.124997 114 241 747 795 
 385 0.625000 0.083331 114 115 225 226 
 386 0.625000 0.124997 113 114 115 746 
 387 0.083333 0.041666 118 119 341 342 
 388 0.041667 0.041667 116 117 118 119 
 389 0.958333 0.583332 1168 1194 1695 1701 
 390 0.958333 0.666666 1157 1215 1312 1338 
 391 0.958333 0.624999 1152 1173 1199 1210 
 392 0.791666 0.083332 120 121 202 203 
 393 0.833333 0.124998 121 122 303 306 
 394 0.791666 0.166664 122 123 134 135 
 395 0.791666 0.124998 120 121 122 123 
 396 0.875000 0.249998 251 750 755 813 
 397 0.916666 0.291665 486 665 679 752 
 398 0.875000 0.333331 480 485 588 594 
 399 0.875000 0.291664 482 487 748 753 
 400 0.750000 0.874998 489 710 715 1231 
 401 0.833333 0.874998 492 533 1242 1551 
 402 0.791666 0.916665 1216 1237 2026 2064 
 403 0.791666 0.874998 488 493 1226 1247 
 404 0.249999 0.291662 124 125 178 179 
 405 0.208333 0.333329 125 126 143 144 
 406 0.166666 0.291663 126 127 139 140 
 407 0.208333 0.291663 124 125 126 127 
 408 0.749999 0.708329 128 129 182 183 
 409 0.791666 0.666663 129 222 498 603 
 410 0.833333 0.708330 497 500 510 515 
 411 0.791666 0.708330 128 129 499 502 
 412 0.958333 0.083333 132 133 281 282 
 413 0.916667 0.041666 130 133 237 238 
 414 0.958333 0.041667 130 131 132 133 
 415 0.083333 0.958333 1279 1285 1840 1866 
 416 0.041667 0.958333 1263 1274 1280 1301 
 417 0.916666 0.708332 504 517 1327 1370 
 418 0.875000 0.708331 506 508 513 519 
 419 0.833333 0.208331 135 136 251 252 
 420 0.791666 0.208330 134 135 136 758 
 421 0.833333 0.374996 525 528 591 1802 
 422 0.791666 0.416662 137 193 531 567 
 423 0.791666 0.374995 137 521 527 530 
 424 0.125000 0.333330 140 141 151 152 
 425 0.083333 0.291665 138 141 162 163 
 426 0.125000 0.291664 138 139 140 141 
 427 0.166666 0.374996 142 143 152 153 
 428 0.208333 0.374995 142 143 144 145 
 429 0.250000 0.791663 147 148 168 169 
 430 0.291666 0.749995 148 149 289 290 
 431 0.333333 0.791662 146 149 189 190 
 432 0.291666 0.791663 146 147 148 149 
 433 0.125000 0.374997 150 151 152 153 
 434 0.249999 0.708329 154 155 290 291 
 435 0.208333 0.749996 155 156 167 168 
 436 0.166666 0.708330 156 157 851 853 
 437 0.208333 0.666662 154 157 268 269 
 438 0.208333 0.708329 154 155 156 157 
 439 0.624999 0.499993 159 160 233 234 
 440 0.624999 0.416660 158 161 244 245 
 441 0.624999 0.458326 158 159 160 161 
 442 0.041667 0.249999 162 165 174 175 
 443 0.041667 0.291666 162 163 164 165 
 444 0.166666 0.791664 166 167 352 353 
 445 0.208333 0.791664 166 167 168 169 
 446 0.958333 0.749999 1359 1365 1440 1466 
 447 0.958333 0.708332 1317 1343 1354 1360 
 448 0.958333 0.958333 1376 1397 1423 1434 
 449 0.958333 0.791666 1445 1471 1482 1488 
 450 0.875000 0.874999 532 1509 1535 1546 
 451 0.333332 0.458326 172 173 228 229 
 452 0.291666 0.499994 170 173 299 302 
 453 0.291666 0.458327 170 171 172 173 
 454 0.041667 0.208333 174 175 176 177 
 455 0.291666 0.249995 179 180 220 221 
 456 0.291666 0.291661 178 179 180 181 
 457 0.624999 0.249995 253 537 540 635 
 458 0.583333 0.208328 543 551 761 782 
 459 0.624999 0.208329 539 542 760 765 
 460 0.708333 0.749996 183 184 349 350 
 461 0.708333 0.666661 182 185 214 217 
 462 0.708333 0.708328 182 183 184 185 
 463 0.333333 0.958332 1557 1568 1738 1759 
 464 0.250000 0.958333 1594 1615 1637 1648 
 465 0.291667 0.958332 1567 1578 1584 1605 
 466 0.166667 0.958333 1631 1674 1829 1887 
 467 0.208333 0.958333 1621 1647 1658 1664 
 468 0.083333 0.624998 563 768 774 789 
 469 0.125000 0.583330 186 335 338 773 
 470 0.166666 0.624996 186 187 269 270 
 471 0.125000 0.666664 187 771 845 848 
 472 0.125000 0.624997 186 187 769 775 
 473 0.958333 0.499999 546 609 1712 1888 
 474 0.958333 0.541666 547 1690 1696 1717 
 475 0.374999 0.749995 190 191 272 273 
 476 0.416666 0.791662 188 191 210 213 
 477 0.374999 0.791662 188 189 190 191 
 478 0.499999 0.208328 553 631 776 806 
 479 0.541666 0.166662 779 781 792 798 
 480 0.541666 0.208328 549 555 778 780 
 481 0.041667 0.583332 557 560 618 623 
 482 0.041667 0.666666 787 790 856 861 
 483 0.041667 0.624999 559 562 785 788 
 484 0.833333 0.458329 564 570 639 641 
 485 0.791666 0.499995 192 194 197 569 
 486 0.791666 0.458328 192 193 565 571 
 487 0.041667 0.499999 574 584 612 625 
 488 0.041667 0.458332 575 578 580 585 
 489 0.375000 0.958332 1728 1749 1775 1786 
 490 0.791666 0.583329 195 196 223 598 
 491 0.749999 0.541661 196 197 262 263 
 492 0.791666 0.541662 194 195 196 197 
 493 0.666667 0.041666 198 199 224 225 
 494 0.750000 0.041666 200 201 203 204 
 495 0.708333 0.041666 198 199 200 201 
 496 0.833333 0.041666 202 205 236 239 
 497 0.791667 0.041666 202 203 204 205 
 498 0.375000 0.083331 206 207 332 333 
 499 0.333333 0.041666 207 208 319 322 
 500 0.416667 0.041666 206 209 307 308 
 501 0.375000 0.041666 206 207 208 209 
 502 0.916666 0.374998 593 682 687 1808 
 503 0.875000 0.416664 642 1797 1823 1935 
 504 0.875000 0.374997 589 595 1792 1818 
 505 0.499999 0.791662 211 212 312 313 
 506 0.458333 0.833329 212 213 293 294 
 507 0.458333 0.791662 210 211 212 213 
 508 0.666666 0.624994 214 215 276 277 
 509 0.708333 0.583327 215 216 260 263 
 510 0.749999 0.624995 216 217 222 223 
 511 0.708333 0.624994 214 215 216 217 
 512 0.125000 0.958333 1824 1845 1871 1882 
 513 0.291666 0.166663 218 219 327 328 
 514 0.333333 0.208329 219 220 819 821 
 515 0.291666 0.208329 218 219 220 221 
 516 0.791666 0.624996 222 223 599 602 
 517 0.916666 0.458331 1903 1909 1920 1946 
 518 0.958333 0.416666 607 681 695 1914 
 519 0.958333 0.458332 605 611 1898 1904 
 520 0.625000 0.041666 224 225 226 227 
 521 0.374999 0.499993 228 231 246 249 
 522 0.374999 0.458326 228 229 230 231 
 523 0.666666 0.541660 234 235 260 261 
 524 0.624999 0.583326 232 235 276 279 
 525 0.624999 0.541660 232 233 234 235 
 526 0.875000 0.083332 238 239 303 304 
 527 0.875000 0.041666 236 237 238 239 
 528 0.500000 0.124997 240 340 797 835 
 529 0.541666 0.124997 240 241 793 799 
 530 0.083333 0.541664 335 336 615 617 
 531 0.041667 0.541666 614 616 621 627 
 532 0.458333 0.166662 803 805 832 838 
 533 0.458333 0.249994 266 267 628 810 
 534 0.416666 0.208328 800 809 824 830 
 535 0.458333 0.208328 629 802 804 811 
 536 0.624999 0.333327 242 243 254 255 
 537 0.624999 0.374993 242 243 244 245 
 538 0.374999 0.583326 247 248 258 259 
 539 0.333332 0.541660 248 249 299 300 
 540 0.374999 0.541659 246 247 248 249 
 541 0.916666 0.208332 250 345 699 814 
 542 0.875000 0.166665 250 252 305 306 
 543 0.875000 0.208331 250 251 252 815 
 544 0.666666 0.291661 254 280 632 644 
 545 0.624999 0.291661 253 254 255 633 
 546 0.374999 0.666660 256 257 274 275 
 547 0.374999 0.624993 256 257 258 259 
 548 0.708333 0.541661 260 261 262 263 
 549 0.458332 0.291660 264 265 266 267 
 550 0.208333 0.583328 270 271 295 298 
 551 0.208333 0.624995 268 269 270 271 
 552 0.333333 0.708328 273 274 289 292 
 553 0.374999 0.708328 272 273 274 275 
 554 0.875000 0.458330 638 640 1925 1951 
 555 0.624999 0.624993 276 277 278 279 
 556 0.708333 0.291662 280 646 648 653 
 557 0.958333 0.166666 283 284 345 346 
 558 0.916667 0.124999 281 284 304 305 
 559 0.958333 0.125000 281 282 283 284 
 560 0.541666 0.749994 287 288 313 314 
 561 0.541666 0.708327 285 286 287 288 
 562 0.291666 0.708328 289 290 291 292 
 563 0.500000 0.874997 294 362 659 737 
 564 0.458333 0.874997 293 294 657 663 
 565 0.166666 0.541662 295 296 337 338 
 566 0.249999 0.541661 297 298 301 302 
 567 0.208333 0.541662 295 296 297 298 
 568 0.291666 0.541660 299 300 301 302 
 569 0.875000 0.124999 303 304 305 306 
 570 0.374999 0.166663 331 334 822 827 
 571 0.374999 0.208329 818 820 825 831 
 572 0.458333 0.083331 307 310 339 340 
 573 0.458333 0.041666 307 308 309 310 
 574 0.541666 0.833329 311 312 362 363 
 575 0.583333 0.791662 311 314 323 324 
 576 0.541666 0.791662 311 312 313 314 
 577 0.958333 0.249999 666 671 696 701 
 578 0.958333 0.333332 673 676 684 690 
 579 0.958333 0.291666 664 669 675 678 
 580 0.958333 0.374999 680 685 691 694 
 581 0.166667 0.041666 315 316 343 344 
 582 0.250000 0.041666 317 318 320 321 
 583 0.208333 0.083332 315 318 358 359 
 584 0.208333 0.041666 315 316 317 318 
 585 0.291666 0.083332 319 320 329 330 
 586 0.291667 0.041666 319 320 321 322 
 587 0.666666 0.791663 325 326 348 349 
 588 0.625000 0.833330 323 326 355 723 
 589 0.624999 0.791662 323 324 325 326 
 590 0.666667 0.958332 1957 1968 2090 2128 
 591 0.583333 0.958332 1994 2015 2149 2207 
 592 0.625000 0.916665 725 728 1962 2000 
 593 0.625000 0.958332 1967 1978 1984 2005 
 594 0.250000 0.124998 328 329 359 360 
 595 0.333333 0.124997 327 330 331 332 
 596 0.291666 0.124997 327 328 329 330 
 597 0.416666 0.124997 333 334 339 837 
 598 0.375000 0.124997 331 332 333 334 
 599 0.125000 0.541663 335 336 337 338 
 600 0.458333 0.124997 339 340 833 839 
 601 0.125000 0.041666 341 342 343 344 
 602 0.958333 0.208333 345 346 698 703 
 603 0.750000 0.958333 2058 2079 2111 2117 
 604 0.791667 0.958333 2031 2042 2048 2069 
 605 0.708333 0.916665 712 718 2085 2096 
 606 0.708333 0.958333 2095 2106 2112 2133 
 607 0.083333 0.708332 356 840 846 859 
 608 0.125000 0.749998 351 352 843 854 
 609 0.125000 0.708331 841 847 850 852 
 610 0.708333 0.833330 347 348 707 709 
 611 0.708333 0.791663 347 348 349 350 
 612 0.666666 0.874997 704 717 720 726 
 613 0.708333 0.874998 706 708 713 719 
 614 0.083333 0.791665 351 354 365 366 
 615 0.125000 0.791665 351 352 353 354 
 616 0.583333 0.874997 355 363 731 735 
 617 0.625000 0.874997 355 721 727 730 
 618 0.041667 0.749999 356 357 364 365 
 619 0.041667 0.708332 356 357 858 863 
 620 0.541666 0.916665 732 738 2181 2192 
 621 0.541667 0.958332 2144 2165 2191 2202 
 622 0.208333 0.124998 358 359 360 361 
 623 0.541666 0.874997 362 363 733 739 
 624 0.041667 0.791666 364 365 366 367 
 625 0.020833 1.000000 1307 1310 
 626 0.979167 1.000000 1431 1437 
 627 0.979167 0.208333 702 703 
 628 1.000000 0.229167 700 702 
 629 0.979167 0.250000 670 671 700 701 
 630 1.000000 0.270833 668 670 
 631 0.979167 0.291666 668 669 674 675 
 632 1.000000 0.312500 672 674 
 633 1.000000 0.354167 688 689 
 634 0.979167 0.333333 672 673 688 690 
 635 1.000000 0.395833 692 693 
 636 0.979167 0.374999 689 691 692 694 
 637 0.979167 0.416666 606 607 693 695 
 638 1.000000 0.437500 604 606 
 639 0.979167 0.458333 604 605 610 611 
 640 1.000000 0.479167 608 610 
 641 1.000000 0.520833 544 545 
 642 0.979167 0.499999 544 546 608 609 
 643 1.000000 0.562500 1681 1684 
 644 0.979167 0.541666 545 547 1682 1688 
 645 1.000000 0.604167 1185 1188 
 646 0.979167 0.583333 1186 1192 1687 1693 
 647 1.000000 0.645833 1201 1204 
 648 0.979167 0.625000 1191 1197 1202 1208 
 649 1.000000 0.687500 1329 1332 
 650 0.979167 0.666666 1207 1213 1330 1336 
 651 1.000000 0.729167 1345 1348 
 652 0.979167 0.708333 1335 1341 1346 1352 
 653 1.000000 0.770833 1457 1460 
 654 0.979167 0.750000 1351 1357 1458 1464 
 655 1.000000 0.812500 1473 1476 
 656 0.979167 0.791666 1463 1469 1474 1480 
 657 0.979167 0.833333 1035 1038 1479 1485 
 658 1.000000 0.854167 1026 1032 
 659 0.979167 0.875000 1025 1028 1051 1054 
 660 1.000000 0.895833 1042 1048 
 661 1.000000 0.937500 1409 1412 
 662 0.979167 0.916667 1041 1044 1410 1416 
 663 1.000000 0.979167 1425 1428 
 664 0.979167 0.958333 1415 1421 1426 1432 
 665 0.937500 1.000000 1383 1389 
 666 0.895833 1.000000 1111 1117 
 667 0.854167 1.000000 1063 1069 
 668 0.812500 1.000000 2039 2045 
 669 0.770833 1.000000 2055 2061 
 670 0.729167 1.000000 2123 2126 
 671 0.687500 1.000000 2139 2142 
 672 0.645833 1.000000 1975 1981 
 673 0.604167 1.000000 1991 1997 
 674 0.562500 1.000000 2155 2158 
 675 0.520833 1.000000 2171 2174 
 676 0.479167 1.000000 955 958 
 677 0.437500 1.000000 907 910 
 678 0.395833 1.000000 1783 1789 
 679 0.354167 1.000000 1735 1741 
 680 0.312500 1.000000 1575 1581 
 681 0.270833 1.000000 1591 1597 
 682 0.229167 1.000000 1655 1661 
 683 0.187500 1.000000 1671 1677 
 684 0.145833 1.000000 1835 1838 
 685 0.104167 1.000000 1851 1854 
 686 0.062500 1.000000 1291 1294 
 687 0.000000 0.979167 1298 1304 
 688 0.020833 0.958333 1259 1262 1297 1300 
 689 0.000000 0.937500 1250 1256 
 690 0.000000 0.895833 396 397 
 691 0.020833 0.916667 396 398 1249 1252 
 692 0.020833 0.875000 397 399 
 693 0.020833 0.624999 558 559 784 785 
 694 0.000000 0.604167 556 558 
 695 0.020833 0.583333 556 557 622 623 
 696 0.000000 0.562500 620 622 
 697 0.020833 0.541666 620 621 626 627 
 698 0.000000 0.520833 624 626 
 699 0.000000 0.479167 572 573 
 700 0.020833 0.499999 572 574 624 625 
 701 0.000000 0.437500 576 577 
 702 0.020833 0.458333 573 575 576 578 
 703 0.020833 0.416666 458 459 577 579 
 704 0.000000 0.395833 456 458 
 705 0.020833 0.374999 456 457 462 463 
 706 0.000000 0.354167 460 462 
 707 0.020833 0.333333 460 461 
 708 0.083333 0.604164 561 563 772 774 
 709 0.895833 0.499997 962 968 1937 1940 
 710 0.916666 0.520831 961 964 1723 1726 
 711 0.916666 0.479164 1895 1901 1938 1944 
 712 0.583333 0.937498 2011 2014 2199 2205 
 713 0.583333 0.895831 729 731 734 735 
 714 0.895833 0.666664 516 518 1143 1149 
 715 0.916666 0.687498 516 517 1323 1326 
 716 0.250000 0.895831 373 375 384 386 
 717 0.229166 0.916665 384 385 1634 1640 
 718 0.250000 0.937499 1611 1614 1633 1636 
 719 0.083333 0.354165 449 451 
 720 0.750000 0.895832 714 715 1223 1229 
 721 0.750000 0.937499 2075 2078 2103 2109 
 722 0.916667 0.895833 999 1005 1522 1528 
 723 0.895833 0.916666 1090 1096 1521 1524 
 724 0.916667 0.937500 1089 1092 1403 1406 
 725 0.083333 0.895833 394 395 444 445 
 726 0.104167 0.916666 444 446 1857 1860 
 727 0.083333 0.937500 1271 1277 1858 1864 
 728 0.083333 0.479164 586 587 
 729 0.083333 0.520831 613 615 
 730 0.416666 0.937498 914 920 1761 1764 
 731 0.437500 0.916665 660 662 913 916 
 732 0.416666 0.895831 400 402 660 661 
 733 0.395833 0.916665 400 401 1762 1768 
 734 0.916666 0.312498 484 486 677 679 
 735 0.895833 0.333331 484 485 592 594 
 736 0.916666 0.354165 592 593 686 687 
 737 0.895833 0.749998 505 507 866 872 
 738 0.916666 0.770832 865 868 1451 1454 
 739 0.833333 0.770831 382 383 424 425 
 740 0.812500 0.749997 424 426 501 503 
 741 0.333333 0.895831 368 370 405 407 
 742 0.312500 0.916665 368 369 1554 1560 
 743 0.333333 0.937499 1553 1556 1755 1758 
 744 0.895833 0.833332 887 893 1515 1518 
 745 0.833333 0.937499 1083 1086 2017 2020 
 746 0.833333 0.895832 1234 1240 1543 1549 
 747 0.812500 0.916666 1233 1236 2018 2024 
 748 0.895833 0.583331 983 989 1122 1128 
 749 0.916666 0.604165 1121 1124 1179 1182 
 750 0.895833 0.416664 1815 1821 1931 1934 
 751 0.500000 0.937498 935 941 2178 2184 
 752 0.500000 0.895831 658 659 736 737 
 753 0.520833 0.916665 736 738 2177 2180 
 754 0.916666 0.229165 697 699 812 814 
 755 0.666666 0.937499 1953 1956 2082 2088 
 756 0.645833 0.916665 724 725 1954 1960 
 757 0.687500 0.916665 716 718 2081 2084 
 758 0.666666 0.895831 716 717 724 726 
 759 0.166666 0.895832 389 391 442 443 
 760 0.166667 0.937499 1627 1630 1879 1885 
 761 0.812499 0.416662 529 531 566 567 
 762 0.833333 0.604163 478 479 596 597 
 763 0.812499 0.583329 596 598 
 764 0.812499 0.666663 496 498 601 603 
 765 0.833333 0.687497 496 497 514 515 
 766 0.812500 0.833331 429 431 494 495 
 767 0.833333 0.312497 420 422 481 483 
 768 0.812499 0.333329 420 421 524 526 
 769 0.833333 0.354163 524 525 590 591 
 770 0.812500 0.249997 418 419 
 771 0.687499 0.249995 468 470 645 647 
 772 0.666666 0.229162 468 469 536 538 
 773 0.645833 0.249995 536 537 634 635 
 774 0.833333 0.520829 438 439 
 775 0.833333 0.479163 568 570 637 639 
 776 0.812499 0.499996 568 569 
 777 0.749999 0.312495 409 411 654 655 
 778 0.749999 0.354161 522 523 
 779 0.645833 0.833330 722 723 
 780 0.687500 0.833330 705 707 
 781 0.749999 0.229163 466 467 757 759 
 782 0.583333 0.229161 541 543 550 551 
 783 0.520833 0.249994 552 554 
 784 0.499999 0.229161 552 553 630 631 
 785 0.312500 0.874997 370 371 
 786 0.270833 0.916665 372 373 1602 1608 
 787 0.291666 0.895831 369 371 372 374 
 788 0.291666 0.937499 1563 1566 1601 1604 
 789 0.229166 0.874998 386 387 
 790 0.270833 0.874998 374 375 
 791 0.562499 0.249994 548 550 
 792 0.541666 0.229161 548 549 554 555 
 793 0.833333 0.812498 378 379 428 429 
 794 0.812500 0.791664 425 427 428 430 
 795 0.854166 0.749997 380 382 509 511 
 796 0.875000 0.770831 380 381 875 878 
 797 0.916667 0.812499 881 884 1499 1502 
 798 0.895833 0.791665 871 877 882 888 
 799 0.854166 0.833332 377 379 534 535 
 800 0.854166 0.791665 376 378 381 383 
 801 0.875000 0.812498 376 377 891 894 
 802 0.416667 0.979166 898 904 1777 1780 
 803 0.437500 0.958332 897 900 923 926 
 804 0.395833 0.958332 1767 1773 1778 1784 
 805 0.479166 0.916665 656 658 929 932 
 806 0.458333 0.937498 919 925 930 936 
 807 0.458333 0.895831 656 657 662 663 
 808 0.500000 0.979166 951 957 2162 2168 
 809 0.520833 0.958332 2161 2164 2187 2190 
 810 0.458333 0.979166 903 909 946 952 
 811 0.479167 0.958332 939 942 945 948 
 812 0.187500 0.916665 388 389 1618 1624 
 813 0.208333 0.895832 385 387 388 390 
 814 0.208333 0.937499 1617 1620 1643 1646 
 815 0.187500 0.874998 390 391 
 816 0.062500 0.916666 392 394 1265 1268 
 817 0.041667 0.895833 392 393 398 399 
 818 0.041667 0.937500 1255 1261 1266 1272 
 819 0.104167 0.874999 445 447 
 820 0.062500 0.874999 393 395 
 821 0.083333 0.437498 582 583 
 822 0.395833 0.874997 402 403 
 823 0.437500 0.874997 661 663 
 824 0.354166 0.916665 404 405 1746 1752 
 825 0.375000 0.895831 401 403 404 406 
 826 0.375000 0.937498 1745 1748 1771 1774 
 827 0.354166 0.874997 406 407 
 828 0.749999 0.270829 413 415 650 651 
 829 0.770833 0.249996 414 415 756 757 
 830 0.833333 0.270830 416 418 749 751 
 831 0.812500 0.291663 416 417 422 423 
 832 0.770833 0.333329 408 409 520 522 
 833 0.791666 0.312496 408 410 421 423 
 834 0.791666 0.354162 520 521 526 527 
 835 0.770833 0.291662 410 411 412 413 
 836 0.791666 0.270830 412 414 417 419 
 837 0.770833 0.833331 490 491 
 838 0.791666 0.770830 426 427 
 839 0.791666 0.812497 430 431 
 840 0.833333 0.562496 434 435 
 841 0.854166 0.499996 436 438 636 637 
 842 0.875000 0.520830 436 437 971 974 
 843 0.875000 0.479164 636 638 1943 1949 
 844 0.916666 0.562498 977 980 1707 1710 
 845 0.895833 0.541664 967 973 978 984 
 846 0.854166 0.583330 433 435 476 478 
 847 0.875000 0.604164 476 477 1131 1134 
 848 0.854166 0.541663 432 434 437 439 
 849 0.875000 0.562497 432 433 987 990 
 850 0.916667 0.854166 1015 1021 1506 1512 
 851 0.895833 0.874999 1505 1508 1531 1534 
 852 0.937500 0.833333 1019 1022 1495 1501 
 853 0.937500 0.916666 993 996 1394 1400 
 854 0.958333 0.895833 994 1000 1047 1053 
 855 0.958333 0.937500 1393 1396 1419 1422 
 856 0.937500 0.874999 1003 1006 1009 1012 
 857 0.958333 0.854166 1010 1016 1031 1037 
 858 0.145833 0.916666 440 442 1873 1876 
 859 0.125000 0.895832 440 441 446 447 
 860 0.125000 0.937499 1863 1869 1874 1880 
 861 0.145833 0.874999 441 443 
 862 0.833333 0.979166 1067 1070 2033 2036 
 863 0.812500 0.958333 2023 2029 2034 2040 
 864 0.854167 0.916666 1074 1080 1537 1540 
 865 0.875000 0.937499 1073 1076 1099 1102 
 866 0.875000 0.895832 1527 1533 1538 1544 
 867 0.916667 0.979167 1105 1108 1387 1390 
 868 0.895833 0.958333 1095 1101 1106 1112 
 869 0.875000 0.979166 1057 1060 1115 1118 
 870 0.854167 0.958333 1058 1064 1079 1085 
 871 0.083333 0.395831 453 455 
 872 0.062500 0.416665 454 455 581 583 
 873 0.062500 0.333332 448 449 
 874 0.041667 0.354166 448 450 461 463 
 875 0.062500 0.374998 450 451 452 453 
 876 0.041667 0.395832 452 454 457 459 
 877 0.729166 0.333328 652 654 
 878 0.708333 0.312495 652 653 
 879 0.729166 0.249996 464 466 649 651 
 880 0.708333 0.229162 464 465 470 471 
 881 0.687499 0.208329 469 471 740 742 
 882 0.645833 0.208329 538 539 764 765 
 883 0.729166 0.208330 465 467 
 884 0.916666 0.645831 1137 1140 1163 1166 
 885 0.895833 0.624998 1127 1133 1138 1144 
 886 0.854166 0.666664 473 475 512 514 
 887 0.875000 0.687497 512 513 518 519 
 888 0.833333 0.645830 474 475 600 601 
 889 0.812499 0.624996 597 599 600 602 
 890 0.875000 0.645831 472 473 1147 1150 
 891 0.854166 0.624997 472 474 477 479 
 892 0.937500 0.583332 1170 1176 1703 1709 
 893 0.958333 0.604166 1169 1172 1195 1198 
 894 0.937500 0.666665 1159 1165 1314 1320 
 895 0.958333 0.687499 1313 1316 1339 1342 
 896 0.937500 0.624999 1154 1160 1175 1181 
 897 0.958333 0.645832 1153 1156 1211 1214 
 898 0.916666 0.270832 665 667 752 754 
 899 0.895833 0.291665 486 487 752 753 
 900 0.854166 0.333330 480 481 588 590 
 901 0.875000 0.312497 480 482 485 487 
 902 0.875000 0.354164 588 589 594 595 
 903 0.854166 0.291664 482 483 748 749 
 904 0.750000 0.854164 489 491 710 711 
 905 0.833333 0.854165 492 494 533 535 
 906 0.812500 0.874998 492 493 1243 1246 
 907 0.770833 0.916665 1217 1220 2066 2072 
 908 0.791666 0.895832 1218 1224 1239 1245 
 909 0.791667 0.937499 2027 2030 2065 2068 
 910 0.791666 0.854165 488 490 493 495 
 911 0.770833 0.874998 488 489 1227 1230 
 912 0.791666 0.687496 498 499 
 913 0.833333 0.729164 500 501 510 511 
 914 0.812500 0.708330 497 499 500 502 
 915 0.791666 0.729163 502 503 
 916 0.083333 0.979167 1287 1293 1842 1848 
 917 0.104167 0.958333 1841 1844 1867 1870 
 918 0.041667 0.979167 1282 1288 1303 1309 
 919 0.062500 0.958333 1275 1278 1281 1284 
 920 0.916666 0.729165 504 505 1371 1374 
 921 0.895833 0.708331 504 506 517 519 
 922 0.875000 0.729164 506 507 508 509 
 923 0.854166 0.708331 508 510 513 515 
 924 0.833333 0.395829 528 529 1803 1806 
 925 0.812499 0.374996 525 527 528 530 
 926 0.770833 0.374995 521 523 
 927 0.791666 0.395829 530 531 
 928 0.937500 0.749999 1367 1373 1442 1448 
 929 0.958333 0.770833 1441 1444 1467 1470 
 930 0.937500 0.708332 1319 1325 1362 1368 
 931 0.958333 0.729166 1355 1358 1361 1364 
 932 0.958333 0.979167 1377 1380 1435 1438 
 933 0.937500 0.958333 1378 1384 1399 1405 
 934 0.937500 0.791666 1447 1453 1490 1496 
 935 0.958333 0.812499 1483 1486 1489 1492 
 936 0.875000 0.854165 532 534 1511 1517 
 937 0.854166 0.874999 532 533 1547 1550 
 938 0.604166 0.249994 540 541 
 939 0.624999 0.229162 537 539 540 542 
 940 0.604166 0.208329 542 543 760 761 
 941 0.333333 0.979166 1569 1572 1739 1742 
 942 0.312500 0.958332 1559 1565 1570 1576 
 943 0.250000 0.979166 1595 1598 1649 1652 
 944 0.229167 0.958333 1639 1645 1650 1656 
 945 0.291667 0.979166 1579 1582 1585 1588 
 946 0.270833 0.958333 1586 1592 1607 1613 
 947 0.166667 0.979166 1675 1678 1831 1837 
 948 0.208333 0.979166 1659 1662 1665 1668 
 949 0.187500 0.958333 1623 1629 1666 1672 
 950 0.937500 0.499998 1714 1720 1889 1892 
 951 0.958333 0.520832 546 547 1713 1716 
 952 0.958333 0.479166 609 611 1890 1896 
 953 0.937500 0.541665 1698 1704 1719 1725 
 954 0.958333 0.562499 1691 1694 1697 1700 
 955 0.520833 0.208328 553 555 776 778 
 956 0.562499 0.208328 549 551 780 782 
 957 0.062500 0.583332 560 561 618 619 
 958 0.041667 0.604166 557 559 560 562 
 959 0.062500 0.624998 562 563 788 789 
 960 0.833333 0.437496 564 566 641 643 
 961 0.812499 0.458329 564 565 570 571 
 962 0.791666 0.479162 569 571 
 963 0.791666 0.437495 565 567 
 964 0.062500 0.499998 584 586 612 613 
 965 0.041667 0.479166 574 575 584 585 
 966 0.041667 0.520832 612 614 625 627 
 967 0.062500 0.458332 580 582 585 587 
 968 0.041667 0.437499 578 579 580 581 
 969 0.375000 0.979166 1729 1732 1787 1790 
 970 0.354167 0.958332 1730 1736 1751 1757 
 971 0.791666 0.604162 598 599 
 972 0.916666 0.395831 682 683 1809 1812 
 973 0.895833 0.374998 593 595 1810 1816 
 974 0.854166 0.416663 642 643 1799 1805 
 975 0.854166 0.374997 589 591 1794 1800 
 976 0.875000 0.395830 1793 1796 1819 1822 
 977 0.125000 0.979166 1826 1832 1847 1853 
 978 0.145833 0.958333 1825 1828 1883 1886 
 979 0.791666 0.645829 602 603 
 980 0.916666 0.437498 1911 1917 1922 1928 
 981 0.895833 0.458331 1921 1924 1947 1950 
 982 0.937500 0.416665 681 683 1915 1918 
 983 0.937500 0.458332 1899 1902 1905 1908 
 984 0.958333 0.437499 605 607 1906 1912 
 985 0.083333 0.562498 617 619 
 986 0.041667 0.562499 616 618 621 623 
 987 0.062500 0.541665 614 615 616 617 
 988 0.479166 0.249994 628 630 
 989 0.458333 0.229161 628 629 810 811 
 990 0.479166 0.208328 629 631 804 806 
 991 0.666666 0.270828 632 634 644 645 
 992 0.645833 0.291661 632 633 
 993 0.687499 0.291661 644 646 
 994 0.624999 0.270828 633 635 
 995 0.854166 0.458330 638 639 640 641 
 996 0.875000 0.437497 640 642 1927 1933 
 997 0.729166 0.291662 648 650 653 655 
 998 0.708333 0.270828 646 647 648 649 
 999 0.520833 0.874997 737 739 
 1000 0.479166 0.874997 657 659 
 1001 0.937500 0.249999 666 667 696 697 
 1002 0.958333 0.229166 696 698 701 703 
 1003 0.937500 0.333332 676 677 684 686 
 1004 0.958333 0.312499 673 675 676 678 
 1005 0.958333 0.354166 684 685 690 691 
 1006 0.937500 0.291665 664 665 678 679 
 1007 0.958333 0.270833 664 666 669 671 
 1008 0.937500 0.374998 680 682 685 687 
 1009 0.958333 0.395832 680 681 694 695 
 1010 0.666667 0.979166 1969 1972 2130 2136 
 1011 0.645833 0.958332 1959 1965 1970 1976 
 1012 0.687500 0.958332 2091 2094 2129 2132 
 1013 0.583333 0.979166 1995 1998 2151 2157 
 1014 0.604166 0.916665 728 729 2002 2008 
 1015 0.625000 0.937499 1963 1966 2001 2004 
 1016 0.625000 0.895831 725 727 728 730 
 1017 0.625000 0.979166 1979 1982 1985 1988 
 1018 0.604167 0.958332 1986 1992 2007 2013 
 1019 0.937500 0.208332 698 699 
 1020 0.750000 0.979166 2059 2062 2119 2125 
 1021 0.791667 0.979166 2043 2046 2049 2052 
 1022 0.770833 0.958333 2050 2056 2071 2077 
 1023 0.729166 0.916665 712 714 2097 2100 
 1024 0.708333 0.937499 2087 2093 2098 2104 
 1025 0.708333 0.895831 712 713 718 719 
 1026 0.708333 0.979166 2114 2120 2135 2141 
 1027 0.729167 0.958333 2107 2110 2113 2116 
 1028 0.729166 0.833330 709 711 
 1029 0.666666 0.854164 704 705 720 722 
 1030 0.687500 0.874997 704 706 717 719 
 1031 0.645833 0.874997 720 721 726 727 
 1032 0.729166 0.874998 708 710 713 715 
 1033 0.708333 0.854164 706 707 708 709 
 1034 0.625000 0.854163 721 723 
 1035 0.604166 0.874997 730 731 
 1036 0.562500 0.916665 732 734 2193 2196 
 1037 0.541666 0.937498 2183 2189 2194 2200 
 1038 0.541666 0.895831 732 733 738 739 
 1039 0.541667 0.979166 2146 2152 2167 2173 
 1040 0.562500 0.958332 2145 2148 2203 2206 
 1041 0.562500 0.874997 733 735 
 1042 0.312500 0.895831 368 369 370 371 
 1043 0.270833 0.895831 372 373 374 375 
 1044 0.854166 0.812498 376 377 378 379 
 1045 0.854166 0.770831 380 381 382 383 
 1046 0.895833 0.770832 867 870 873 876 
 1047 0.895833 0.812499 883 886 889 892 
 1048 0.437500 0.979166 899 902 905 908 
 1049 0.437500 0.937498 915 918 921 924 
 1050 0.479166 0.937498 931 934 937 940 
 1051 0.479167 0.979166 947 950 953 956 
 1052 0.229166 0.895832 384 385 386 387 
 1053 0.187500 0.895832 388 389 390 391 
 1054 0.062500 0.895833 392 393 394 395 
 1055 0.020833 0.895833 396 397 398 399 
 1056 0.395833 0.895831 400 401 402 403 
 1057 0.354166 0.895831 404 405 406 407 
 1058 0.770833 0.312496 408 409 410 411 
 1059 0.770833 0.270829 412 413 414 415 
 1060 0.812500 0.270830 416 417 418 419 
 1061 0.812499 0.312496 420 421 422 423 
 1062 0.812500 0.770830 424 425 426 427 
 1063 0.812500 0.812498 428 429 430 431 
 1064 0.854166 0.562496 432 433 434 435 
 1065 0.854166 0.520830 436 437 438 439 
 1066 0.895833 0.520831 963 966 969 972 
 1067 0.895833 0.562497 979 982 985 988 
 1068 0.937500 0.895833 995 998 1001 1004 
 1069 0.937500 0.854166 1011 1014 1017 1020 
 1070 0.979167 0.854166 1027 1030 1033 1036 
 1071 0.979167 0.895833 1043 1046 1049 1052 
 1072 0.145833 0.895832 440 441 442 443 
 1073 0.104167 0.895832 444 445 446 447 
 1074 0.854167 0.979166 1059 1062 1065 1068 
 1075 0.854167 0.937499 1075 1078 1081 1084 
 1076 0.895833 0.937499 1091 1094 1097 1100 
 1077 0.895833 0.979166 1107 1110 1113 1116 
 1078 0.062500 0.354165 448 449 450 451 
 1079 0.062500 0.395832 452 453 454 455 
 1080 0.020833 0.395833 456 457 458 459 
 1081 0.020833 0.354166 460 461 462 463 
 1082 0.729166 0.229163 464 465 466 467 
 1083 0.687499 0.229162 468 469 470 471 
 1084 0.895833 0.604164 1123 1126 1129 1132 
 1085 0.895833 0.645831 1139 1142 1145 1148 
 1086 0.854166 0.645830 472 473 474 475 
 1087 0.854166 0.604163 476 477 478 479 
 1088 0.937500 0.645832 1155 1158 1161 1164 
 1089 0.937500 0.604165 1171 1174 1177 1180 
 1090 0.979167 0.604166 1187 1190 1193 1196 
 1091 0.979167 0.645833 1203 1206 1209 1212 
 1092 0.854166 0.312497 480 481 482 483 
 1093 0.895833 0.312498 484 485 486 487 
 1094 0.770833 0.895832 1219 1222 1225 1228 
 1095 0.770833 0.854164 488 489 490 491 
 1096 0.812500 0.854165 492 493 494 495 
 1097 0.812500 0.895832 1235 1238 1241 1244 
 1098 0.812500 0.687496 496 497 498 499 
 1099 0.812500 0.729163 500 501 502 503 
 1100 0.020833 0.937500 1251 1254 1257 1260 
 1101 0.062500 0.937500 1267 1270 1273 1276 
 1102 0.062500 0.979167 1283 1286 1289 1292 
 1103 0.020833 0.979167 1299 1302 1305 1308 
 1104 0.895833 0.729165 504 505 506 507 
 1105 0.854166 0.729164 508 509 510 511 
 1106 0.854166 0.687497 512 513 514 515 
 1107 0.895833 0.687498 516 517 518 519 
 1108 0.770833 0.354162 520 521 522 523 
 1109 0.812499 0.354163 524 525 526 527 
 1110 0.812499 0.395829 528 529 530 531 
 1111 0.937500 0.687499 1315 1318 1321 1324 
 1112 0.979167 0.687500 1331 1334 1337 1340 
 1113 0.979167 0.729166 1347 1350 1353 1356 
 1114 0.937500 0.729165 1363 1366 1369 1372 
 1115 0.937500 0.979167 1379 1382 1385 1388 
 1116 0.937500 0.937500 1395 1398 1401 1404 
 1117 0.979167 0.937500 1411 1414 1417 1420 
 1118 0.979167 0.979167 1427 1430 1433 1436 
 1119 0.937500 0.770832 1443 1446 1449 1452 
 1120 0.979167 0.770833 1459 1462 1465 1468 
 1121 0.979167 0.812500 1475 1478 1481 1484 
 1122 0.937500 0.812499 1491 1494 1497 1500 
 1123 0.895833 0.854166 1507 1510 1513 1516 
 1124 0.895833 0.895833 1523 1526 1529 1532 
 1125 0.854167 0.895832 1539 1542 1545 1548 
 1126 0.854166 0.854165 532 533 534 535 
 1127 0.645833 0.229162 536 537 538 539 
 1128 0.604166 0.229162 540 541 542 543 
 1129 0.312500 0.937499 1555 1558 1561 1564 
 1130 0.312500 0.979166 1571 1574 1577 1580 
 1131 0.270833 0.979166 1587 1590 1593 1596 
 1132 0.270833 0.937499 1603 1606 1609 1612 
 1133 0.187500 0.937499 1619 1622 1625 1628 
 1134 0.229167 0.937499 1635 1638 1641 1644 
 1135 0.229167 0.979166 1651 1654 1657 1660 
 1136 0.187500 0.979166 1667 1670 1673 1676 
 1137 0.979167 0.520833 544 545 546 547 
 1138 0.979167 0.562499 1683 1686 1689 1692 
 1139 0.937500 0.562498 1699 1702 1705 1708 
 1140 0.937500 0.520832 1715 1718 1721 1724 
 1141 0.562499 0.229161 548 549 550 551 
 1142 0.520833 0.229161 552 553 554 555 
 1143 0.020833 0.604166 556 557 558 559 
 1144 0.062500 0.604165 560 561 562 563 
 1145 0.812499 0.437496 564 565 566 567 
 1146 0.812499 0.479162 568 569 570 571 
 1147 0.020833 0.479166 572 573 574 575 
 1148 0.020833 0.437499 576 577 578 579 
 1149 0.062500 0.437498 580 581 582 583 
 1150 0.062500 0.479165 584 585 586 587 
 1151 0.354167 0.979166 1731 1734 1737 1740 
 1152 0.354166 0.937499 1747 1750 1753 1756 
 1153 0.395833 0.937498 1763 1766 1769 1772 
 1154 0.395833 0.979166 1779 1782 1785 1788 
 1155 0.854166 0.395830 1795 1798 1801 1804 
 1156 0.854166 0.354163 588 589 590 591 
 1157 0.895833 0.354164 592 593 594 595 
 1158 0.895833 0.395831 1811 1814 1817 1820 
 1159 0.145833 0.979166 1827 1830 1833 1836 
 1160 0.104167 0.979166 1843 1846 1849 1852 
 1161 0.104167 0.937499 1859 1862 1865 1868 
 1162 0.145833 0.937499 1875 1878 1881 1884 
 1163 0.812499 0.604162 596 597 598 599 
 1164 0.812499 0.645829 600 601 602 603 
 1165 0.937500 0.479165 1891 1894 1897 1900 
 1166 0.937500 0.437498 1907 1910 1913 1916 
 1167 0.979167 0.437499 604 605 606 607 
 1168 0.979167 0.479166 608 609 610 611 
 1169 0.062500 0.520832 612 613 614 615 
 1170 0.062500 0.562498 616 617 618 619 
 1171 0.020833 0.562499 620 621 622 623 
 1172 0.020833 0.520833 624 625 626 627 
 1173 0.479166 0.229161 628 629 630 631 
 1174 0.645833 0.270828 632 633 634 635 
 1175 0.895833 0.437497 1923 1926 1929 1932 
 1176 0.895833 0.479164 1939 1942 1945 1948 
 1177 0.854166 0.479163 636 637 638 639 
 1178 0.854166 0.437496 640 641 642 643 
 1179 0.687499 0.270828 644 645 646 647 
 1180 0.729166 0.270829 648 649 650 651 
 1181 0.729166 0.312495 652 653 654 655 
 1182 0.479166 0.895831 656 657 658 659 
 1183 0.437500 0.895831 660 661 662 663 
 1184 0.937500 0.270832 664 665 666 667 
 1185 0.979167 0.270833 668 669 670 671 
 1186 0.979167 0.312500 672 673 674 675 
 1187 0.937500 0.312499 676 677 678 679 
 1188 0.937500 0.395832 680 681 682 683 
 1189 0.937500 0.354165 684 685 686 687 
 1190 0.979167 0.354166 688 689 690 691 
 1191 0.979167 0.395833 692 693 694 695 
 1192 0.645833 0.937499 1955 1958 1961 1964 
 1193 0.645833 0.979166 1971 1974 1977 1980 
 1194 0.604167 0.979166 1987 1990 1993 1996 
 1195 0.604166 0.937498 2003 2006 2009 2012 
 1196 0.937500 0.229166 696 697 698 699 
 1197 0.979167 0.229166 700 701 702 703 
 1198 0.812500 0.937499 2019 2022 2025 2028 
 1199 0.812500 0.979166 2035 2038 2041 2044 
 1200 0.770833 0.979166 2051 2054 2057 2060 
 1201 0.770833 0.937499 2067 2070 2073 2076 
 1202 0.687500 0.937499 2083 2086 2089 2092 
 1203 0.729167 0.937499 2099 2102 2105 2108 
 1204 0.729167 0.979166 2115 2118 2121 2124 
 1205 0.687500 0.979166 2131 2134 2137 2140 
 1206 0.687500 0.854164 704 705 706 707 
 1207 0.729166 0.854164 708 709 710 711 
 1208 0.729166 0.895831 712 713 714 715 
 1209 0.687500 0.895831 716 717 718 719 
 1210 0.645833 0.854164 720 721 722 723 
 1211 0.645833 0.895831 724 725 726 727 
 1212 0.604166 0.895831 728 729 730 731 
 1213 0.562500 0.979166 2147 2150 2153 2156 
 1214 0.520833 0.979166 2163 2166 2169 2172 
 1215 0.520833 0.937498 2179 2182 2185 2188 
 1216 0.562500 0.937498 2195 2198 2201 2204 
 1217 0.562500 0.895831 732 733 734 735 
 1218 0.520833 0.895831 736 737 738 739 
 1219 0.020833 0.708333 862 863 
 1220 0.000000 0.687500 860 862 
 1221 0.020833 0.666666 786 787 860 861 
 1222 0.000000 0.645833 784 786 
 1223 0.104166 0.583331 772 773 
 1224 0.104166 0.749998 842 843 
 1225 0.104166 0.666664 770 771 844 845 
 1226 0.083333 0.687498 844 846 857 859 
 1227 0.895833 0.249998 754 755 812 813 
 1228 0.520833 0.166662 777 779 796 798 
 1229 0.499999 0.145830 796 797 834 835 
 1230 0.166666 0.687496 849 851 
 1231 0.687500 0.166663 741 743 
 1232 0.645833 0.166663 766 767 
 1233 0.437499 0.166662 801 803 836 838 
 1234 0.395833 0.166663 826 827 
 1235 0.416666 0.145830 836 837 
 1236 0.395833 0.249994 828 829 
 1237 0.437499 0.249994 808 810 
 1238 0.416666 0.229161 808 809 828 830 
 1239 0.583333 0.145830 745 747 794 795 
 1240 0.333333 0.229162 817 819 
 1241 0.791666 0.229163 756 758 
 1242 0.354166 0.249995 816 817 
 1243 0.374999 0.229162 816 818 829 831 
 1244 0.666666 0.187496 740 741 764 766 
 1245 0.708333 0.187496 742 743 
 1246 0.604166 0.166663 744 745 762 763 
 1247 0.625000 0.145830 744 746 
 1248 0.604166 0.124997 746 747 
 1249 0.854166 0.249997 750 751 
 1250 0.875000 0.229165 813 815 
 1251 0.875000 0.270831 748 750 753 755 
 1252 0.770833 0.208330 758 759 
 1253 0.166666 0.729164 853 855 
 1254 0.583333 0.187496 761 763 782 783 
 1255 0.624999 0.187496 760 762 765 767 
 1256 0.083333 0.645831 768 770 789 791 
 1257 0.104166 0.624997 768 769 774 775 
 1258 0.125000 0.604164 773 775 
 1259 0.145833 0.666663 848 849 
 1260 0.125000 0.687497 845 847 848 850 
 1261 0.125000 0.645830 769 771 
 1262 0.499999 0.187495 776 777 806 807 
 1263 0.562499 0.166663 781 783 792 794 
 1264 0.541666 0.145830 792 793 798 799 
 1265 0.541666 0.187495 778 779 780 781 
 1266 0.062500 0.666665 790 791 856 857 
 1267 0.041667 0.687499 856 858 861 863 
 1268 0.041667 0.645832 785 787 788 790 
 1269 0.333333 0.187496 821 823 
 1270 0.520833 0.124997 797 799 
 1271 0.562500 0.124997 793 795 
 1272 0.479166 0.166662 805 807 832 834 
 1273 0.458333 0.145830 832 833 838 839 
 1274 0.416666 0.187495 800 801 824 826 
 1275 0.437499 0.208328 800 802 809 811 
 1276 0.395833 0.208329 824 825 830 831 
 1277 0.458333 0.187495 802 803 804 805 
 1278 0.895833 0.208332 814 815 
 1279 0.354166 0.166663 822 823 
 1280 0.354166 0.208329 818 819 820 821 
 1281 0.374999 0.187496 820 822 825 827 
 1282 0.437500 0.124997 837 839 
 1283 0.479166 0.124997 833 835 
 1284 0.083333 0.729165 840 842 
 1285 0.104166 0.708331 840 841 846 847 
 1286 0.145833 0.749997 854 855 
 1287 0.145833 0.708330 850 851 852 853 
 1288 0.125000 0.729164 841 843 852 854 
 1289 0.062500 0.708332 858 859 
 1290 0.010417 1.000000 1306 1307 
 1291 0.031250 1.000000 1310 1311 
 1292 0.989583 1.000000 1429 1431 
 1293 0.968750 1.000000 1437 1439 
 1294 1.000000 0.552083 1680 1681 
 1295 1.000000 0.572917 1684 1685 
 1296 0.989583 0.541666 1680 1682 
 1297 0.968750 0.541666 1688 1690 
 1298 1.000000 0.593750 1184 1185 
 1299 1.000000 0.614583 1188 1189 
 1300 0.989583 0.583333 1184 1186 1685 1687 
 1301 0.968750 0.583333 1192 1194 1693 1695 
 1302 1.000000 0.635417 1200 1201 
 1303 1.000000 0.656250 1204 1205 
 1304 0.989583 0.625000 1189 1191 1200 1202 
 1305 0.968750 0.624999 1197 1199 1208 1210 
 1306 1.000000 0.677083 1328 1329 
 1307 1.000000 0.697917 1332 1333 
 1308 0.989583 0.666666 1205 1207 1328 1330 
 1309 0.968750 0.666666 1213 1215 1336 1338 
 1310 1.000000 0.718750 1344 1345 
 1311 1.000000 0.739583 1348 1349 
 1312 0.989583 0.708333 1333 1335 1344 1346 
 1313 0.968750 0.708333 1341 1343 1352 1354 
 1314 1.000000 0.760417 1456 1457 
 1315 1.000000 0.781250 1460 1461 
 1316 0.989583 0.750000 1349 1351 1456 1458 
 1317 0.968750 0.749999 1357 1359 1464 1466 
 1318 1.000000 0.802083 1472 1473 
 1319 1.000000 0.822917 1476 1477 
 1320 0.989583 0.791667 1461 1463 1472 1474 
 1321 0.968750 0.791666 1469 1471 1480 1482 
 1322 0.989583 0.833333 1034 1035 1477 1479 
 1323 0.968750 0.833333 1038 1039 1485 1487 
 1324 1.000000 0.864583 1024 1026 
 1325 1.000000 0.843750 1032 1034 
 1326 0.989583 0.875000 1024 1025 1050 1051 
 1327 0.968750 0.875000 1028 1029 1054 1055 
 1328 1.000000 0.906250 1040 1042 
 1329 1.000000 0.885417 1048 1050 
 1330 1.000000 0.927083 1408 1409 
 1331 1.000000 0.947917 1412 1413 
 1332 0.989583 0.916667 1040 1041 1408 1410 
 1333 0.968750 0.916666 1044 1045 1416 1418 
 1334 1.000000 0.968750 1424 1425 
 1335 1.000000 0.989583 1428 1429 
 1336 0.989583 0.958333 1413 1415 1424 1426 
 1337 0.968750 0.958333 1421 1423 1432 1434 
 1338 0.947917 1.000000 1381 1383 
 1339 0.927083 1.000000 1389 1391 
 1340 0.906250 1.000000 1109 1111 
 1341 0.885417 1.000000 1117 1119 
 1342 0.864583 1.000000 1061 1063 
 1343 0.843750 1.000000 1069 1071 
 1344 0.822917 1.000000 2037 2039 
 1345 0.802083 1.000000 2045 2047 
 1346 0.781250 1.000000 2053 2055 
 1347 0.760417 1.000000 2061 2063 
 1348 0.718750 1.000000 2122 2123 
 1349 0.739583 1.000000 2126 2127 
 1350 0.677083 1.000000 2138 2139 
 1351 0.697917 1.000000 2142 2143 
 1352 0.656250 1.000000 1973 1975 
 1353 0.635417 1.000000 1981 1983 
 1354 0.614583 1.000000 1989 1991 
 1355 0.593750 1.000000 1997 1999 
 1356 0.552083 1.000000 2154 2155 
 1357 0.572917 1.000000 2158 2159 
 1358 0.510417 1.000000 2170 2171 
 1359 0.531250 1.000000 2174 2175 
 1360 0.468750 1.000000 954 955 
 1361 0.489583 1.000000 958 959 
 1362 0.427083 1.000000 906 907 
 1363 0.447917 1.000000 910 911 
 1364 0.406250 1.000000 1781 1783 
 1365 0.385417 1.000000 1789 1791 
 1366 0.364583 1.000000 1733 1735 
 1367 0.343750 1.000000 1741 1743 
 1368 0.322917 1.000000 1573 1575 
 1369 0.302083 1.000000 1581 1583 
 1370 0.281250 1.000000 1589 1591 
 1371 0.260417 1.000000 1597 1599 
 1372 0.239583 1.000000 1653 1655 
 1373 0.218750 1.000000 1661 1663 
 1374 0.197917 1.000000 1669 1671 
 1375 0.177083 1.000000 1677 1679 
 1376 0.135417 1.000000 1834 1835 
 1377 0.156250 1.000000 1838 1839 
 1378 0.093750 1.000000 1850 1851 
 1379 0.114583 1.000000 1854 1855 
 1380 0.052083 1.000000 1290 1291 
 1381 0.072917 1.000000 1294 1295 
 1382 0.000000 0.968750 1296 1298 
 1383 0.000000 0.989583 1304 1306 
 1384 0.010417 0.958333 1258 1259 1296 1297 
 1385 0.031250 0.958333 1262 1263 1300 1301 
 1386 0.000000 0.927083 1248 1250 
 1387 0.000000 0.947917 1256 1258 
 1388 0.010417 0.916667 1248 1249 
 1389 0.031250 0.916666 1252 1253 
 1390 0.906250 0.499998 960 962 1936 1937 
 1391 0.885416 0.499997 968 970 1940 1941 
 1392 0.916666 0.510414 960 961 1722 1723 
 1393 0.916666 0.531248 964 965 1726 1727 
 1394 0.916666 0.489581 1893 1895 1936 1938 
 1395 0.916666 0.468748 1901 1903 1944 1946 
 1396 0.583333 0.927082 2010 2011 2197 2199 
 1397 0.583333 0.947915 2014 2015 2205 2207 
 1398 0.906250 0.666665 1141 1143 
 1399 0.885416 0.666664 1149 1151 
 1400 0.916666 0.677082 1322 1323 
 1401 0.916666 0.697915 1326 1327 
 1402 0.239583 0.916665 1632 1634 
 1403 0.218750 0.916665 1640 1642 
 1404 0.250000 0.927082 1610 1611 1632 1633 
 1405 0.250000 0.947916 1614 1615 1636 1637 
 1406 0.750000 0.906248 1221 1223 
 1407 0.750000 0.885415 1229 1231 
 1408 0.750000 0.927082 2074 2075 2101 2103 
 1409 0.750000 0.947916 2078 2079 2109 2111 
 1410 0.916667 0.906249 997 999 1520 1522 
 1411 0.916667 0.885416 1005 1007 1528 1530 
 1412 0.906250 0.916666 1088 1090 1520 1521 
 1413 0.885417 0.916666 1096 1098 1524 1525 
 1414 0.916667 0.927083 1088 1089 1402 1403 
 1415 0.916667 0.947916 1092 1093 1406 1407 
 1416 0.093750 0.916666 1856 1857 
 1417 0.114583 0.916666 1860 1861 
 1418 0.083333 0.927083 1269 1271 1856 1858 
 1419 0.083333 0.947916 1277 1279 1864 1866 
 1420 0.416666 0.927081 912 914 1760 1761 
 1421 0.416666 0.947915 920 922 1764 1765 
 1422 0.427083 0.916665 912 913 
 1423 0.447916 0.916665 916 917 
 1424 0.406250 0.916665 1760 1762 
 1425 0.385416 0.916665 1768 1770 
 1426 0.906250 0.749998 864 866 
 1427 0.885416 0.749998 872 874 
 1428 0.916666 0.760415 864 865 1450 1451 
 1429 0.916666 0.781249 868 869 1454 1455 
 1430 0.322916 0.916665 1552 1554 
 1431 0.302083 0.916665 1560 1562 
 1432 0.333333 0.927082 1552 1553 1754 1755 
 1433 0.333333 0.947915 1556 1557 1758 1759 
 1434 0.906250 0.833332 885 887 1514 1515 
 1435 0.885416 0.833332 893 895 1518 1519 
 1436 0.833333 0.927082 1082 1083 2016 2017 
 1437 0.833333 0.947916 1086 1087 2020 2021 
 1438 0.833333 0.906249 1232 1234 1541 1543 
 1439 0.833333 0.885415 1240 1242 1549 1551 
 1440 0.822917 0.916666 1232 1233 2016 2018 
 1441 0.802083 0.916665 1236 1237 2024 2026 
 1442 0.906250 0.583331 981 983 1120 1122 
 1443 0.885416 0.583331 989 991 1128 1130 
 1444 0.916666 0.593748 1120 1121 1178 1179 
 1445 0.916666 0.614581 1124 1125 1182 1183 
 1446 0.906250 0.416664 1813 1815 1930 1931 
 1447 0.885416 0.416664 1821 1823 1934 1935 
 1448 0.500000 0.927081 933 935 2176 2178 
 1449 0.500000 0.947915 941 943 2184 2186 
 1450 0.510416 0.916665 2176 2177 
 1451 0.531250 0.916665 2180 2181 
 1452 0.666666 0.927082 1952 1953 2080 2082 
 1453 0.666667 0.947916 1956 1957 2088 2090 
 1454 0.656250 0.916665 1952 1954 
 1455 0.635416 0.916665 1960 1962 
 1456 0.677083 0.916665 2080 2081 
 1457 0.697916 0.916665 2084 2085 
 1458 0.166667 0.927082 1626 1627 1877 1879 
 1459 0.166667 0.947916 1630 1631 1885 1887 
 1460 0.281250 0.916665 1600 1602 
 1461 0.260416 0.916665 1608 1610 
 1462 0.291666 0.927082 1562 1563 1600 1601 
 1463 0.291667 0.947916 1566 1567 1604 1605 
 1464 0.875000 0.760415 874 875 
 1465 0.875000 0.781248 878 879 
 1466 0.916667 0.802082 880 881 1498 1499 
 1467 0.916667 0.822916 884 885 1502 1503 
 1468 0.906250 0.791665 869 871 880 882 
 1469 0.885416 0.791665 877 879 888 890 
 1470 0.875000 0.802082 890 891 
 1471 0.875000 0.822915 894 895 
 1472 0.416667 0.968749 896 898 1776 1777 
 1473 0.416667 0.989583 904 906 1780 1781 
 1474 0.427083 0.958332 896 897 922 923 
 1475 0.447917 0.958332 900 901 926 927 
 1476 0.406250 0.958332 1765 1767 1776 1778 
 1477 0.385417 0.958332 1773 1775 1784 1786 
 1478 0.468750 0.916665 928 929 
 1479 0.489583 0.916665 932 933 
 1480 0.458333 0.927081 917 919 928 930 
 1481 0.458333 0.947915 925 927 936 938 
 1482 0.500000 0.968749 949 951 2160 2162 
 1483 0.500000 0.989583 957 959 2168 2170 
 1484 0.510417 0.958332 2160 2161 2186 2187 
 1485 0.531250 0.958332 2164 2165 2190 2191 
 1486 0.458333 0.968749 901 903 944 946 
 1487 0.458333 0.989583 909 911 952 954 
 1488 0.468750 0.958332 938 939 944 945 
 1489 0.489583 0.958332 942 943 948 949 
 1490 0.197916 0.916665 1616 1618 
 1491 0.177083 0.916666 1624 1626 
 1492 0.208333 0.927082 1616 1617 1642 1643 
 1493 0.208333 0.947916 1620 1621 1646 1647 
 1494 0.052083 0.916666 1264 1265 
 1495 0.072917 0.916666 1268 1269 
 1496 0.041667 0.927083 1253 1255 1264 1266 
 1497 0.041667 0.947916 1261 1263 1272 1274 
 1498 0.364583 0.916665 1744 1746 
 1499 0.343750 0.916665 1752 1754 
 1500 0.375000 0.927082 1744 1745 1770 1771 
 1501 0.375000 0.947915 1748 1749 1774 1775 
 1502 0.875000 0.510414 970 971 
 1503 0.875000 0.531247 974 975 
 1504 0.875000 0.489580 1941 1943 
 1505 0.875000 0.468747 1949 1951 
 1506 0.916666 0.552081 976 977 1706 1707 
 1507 0.916666 0.572915 980 981 1710 1711 
 1508 0.906250 0.541664 965 967 976 978 
 1509 0.885416 0.541664 973 975 984 986 
 1510 0.875000 0.593747 1130 1131 
 1511 0.875000 0.614580 1134 1135 
 1512 0.875000 0.552080 986 987 
 1513 0.875000 0.572914 990 991 
 1514 0.916667 0.864582 1013 1015 1504 1506 
 1515 0.916667 0.843749 1021 1023 1512 1514 
 1516 0.906250 0.874999 1504 1505 1530 1531 
 1517 0.885417 0.874999 1508 1509 1534 1535 
 1518 0.947917 0.833333 1018 1019 1493 1495 
 1519 0.927083 0.833332 1022 1023 1501 1503 
 1520 0.947917 0.916666 992 993 1392 1394 
 1521 0.927083 0.916666 996 997 1400 1402 
 1522 0.958333 0.906250 992 994 1045 1047 
 1523 0.958333 0.885416 1000 1002 1053 1055 
 1524 0.958333 0.927083 1392 1393 1418 1419 
 1525 0.958333 0.947916 1396 1397 1422 1423 
 1526 0.947917 0.875000 1002 1003 1008 1009 
 1527 0.927083 0.874999 1006 1007 1012 1013 
 1528 0.958333 0.864583 1008 1010 1029 1031 
 1529 0.958333 0.843750 1016 1018 1037 1039 
 1530 0.135417 0.916666 1872 1873 
 1531 0.156250 0.916666 1876 1877 
 1532 0.125000 0.927083 1861 1863 1872 1874 
 1533 0.125000 0.947916 1869 1871 1880 1882 
 1534 0.833333 0.968750 1066 1067 2032 2033 
 1535 0.833333 0.989583 1070 1071 2036 2037 
 1536 0.822917 0.958333 2021 2023 2032 2034 
 1537 0.802083 0.958333 2029 2031 2040 2042 
 1538 0.864583 0.916666 1072 1074 1536 1537 
 1539 0.843750 0.916666 1080 1082 1540 1541 
 1540 0.875000 0.927083 1072 1073 1098 1099 
 1541 0.875000 0.947916 1076 1077 1102 1103 
 1542 0.875000 0.906249 1525 1527 1536 1538 
 1543 0.875000 0.885416 1533 1535 1544 1546 
 1544 0.916667 0.968750 1104 1105 1386 1387 
 1545 0.916667 0.989583 1108 1109 1390 1391 
 1546 0.906250 0.958333 1093 1095 1104 1106 
 1547 0.885417 0.958333 1101 1103 1112 1114 
 1548 0.875000 0.968750 1056 1057 1114 1115 
 1549 0.875000 0.989583 1060 1061 1118 1119 
 1550 0.864583 0.958333 1056 1058 1077 1079 
 1551 0.843750 0.958333 1064 1066 1085 1087 
 1552 0.916666 0.635415 1136 1137 1162 1163 
 1553 0.916666 0.656248 1140 1141 1166 1167 
 1554 0.906250 0.624998 1125 1127 1136 1138 
 1555 0.885416 0.624997 1133 1135 1144 1146 
 1556 0.875000 0.635414 1146 1147 
 1557 0.875000 0.656247 1150 1151 
 1558 0.947916 0.583332 1168 1170 1701 1703 
 1559 0.927083 0.583332 1176 1178 1709 1711 
 1560 0.958333 0.593749 1168 1169 1194 1195 
 1561 0.958333 0.614582 1172 1173 1198 1199 
 1562 0.947917 0.666665 1157 1159 1312 1314 
 1563 0.927083 0.666665 1165 1167 1320 1322 
 1564 0.958333 0.677082 1312 1313 1338 1339 
 1565 0.958333 0.697916 1316 1317 1342 1343 
 1566 0.947917 0.624999 1152 1154 1173 1175 
 1567 0.927083 0.624998 1160 1162 1181 1183 
 1568 0.958333 0.635416 1152 1153 1210 1211 
 1569 0.958333 0.656249 1156 1157 1214 1215 
 1570 0.822916 0.874998 1242 1243 
 1571 0.802083 0.874998 1246 1247 
 1572 0.781250 0.916665 1216 1217 2064 2066 
 1573 0.760416 0.916665 1220 1221 2072 2074 
 1574 0.791666 0.906249 1216 1218 1237 1239 
 1575 0.791666 0.885415 1224 1226 1245 1247 
 1576 0.791667 0.927082 2026 2027 2064 2065 
 1577 0.791667 0.947916 2030 2031 2068 2069 
 1578 0.781250 0.874998 1226 1227 
 1579 0.760416 0.874998 1230 1231 
 1580 0.083333 0.968750 1285 1287 1840 1842 
 1581 0.083333 0.989583 1293 1295 1848 1850 
 1582 0.093750 0.958333 1840 1841 1866 1867 
 1583 0.114583 0.958333 1844 1845 1870 1871 
 1584 0.041667 0.968750 1280 1282 1301 1303 
 1585 0.041667 0.989583 1288 1290 1309 1311 
 1586 0.052083 0.958333 1274 1275 1280 1281 
 1587 0.072917 0.958333 1278 1279 1284 1285 
 1588 0.916666 0.718748 1370 1371 
 1589 0.916666 0.739582 1374 1375 
 1590 0.833333 0.385413 1802 1803 
 1591 0.833333 0.406246 1806 1807 
 1592 0.947917 0.749999 1365 1367 1440 1442 
 1593 0.927083 0.749999 1373 1375 1448 1450 
 1594 0.958333 0.760416 1440 1441 1466 1467 
 1595 0.958333 0.781249 1444 1445 1470 1471 
 1596 0.947917 0.708332 1317 1319 1360 1362 
 1597 0.927083 0.708332 1325 1327 1368 1370 
 1598 0.958333 0.718749 1354 1355 1360 1361 
 1599 0.958333 0.739583 1358 1359 1364 1365 
 1600 0.958333 0.968750 1376 1377 1434 1435 
 1601 0.958333 0.989583 1380 1381 1438 1439 
 1602 0.947917 0.958333 1376 1378 1397 1399 
 1603 0.927083 0.958333 1384 1386 1405 1407 
 1604 0.947917 0.791666 1445 1447 1488 1490 
 1605 0.927083 0.791666 1453 1455 1496 1498 
 1606 0.958333 0.802083 1482 1483 1488 1489 
 1607 0.958333 0.822916 1486 1487 1492 1493 
 1608 0.875000 0.864582 1509 1511 
 1609 0.875000 0.843749 1517 1519 
 1610 0.864583 0.874999 1546 1547 
 1611 0.843750 0.874999 1550 1551 
 1612 0.333333 0.968749 1568 1569 1738 1739 
 1613 0.333333 0.989583 1572 1573 1742 1743 
 1614 0.322917 0.958332 1557 1559 1568 1570 
 1615 0.302083 0.958332 1565 1567 1576 1578 
 1616 0.250000 0.968749 1594 1595 1648 1649 
 1617 0.250000 0.989583 1598 1599 1652 1653 
 1618 0.239583 0.958333 1637 1639 1648 1650 
 1619 0.218750 0.958333 1645 1647 1656 1658 
 1620 0.291667 0.968749 1578 1579 1584 1585 
 1621 0.291667 0.989583 1582 1583 1588 1589 
 1622 0.281250 0.958332 1584 1586 1605 1607 
 1623 0.260417 0.958333 1592 1594 1613 1615 
 1624 0.166667 0.968750 1674 1675 1829 1831 
 1625 0.166667 0.989583 1678 1679 1837 1839 
 1626 0.208333 0.968749 1658 1659 1664 1665 
 1627 0.208333 0.989583 1662 1663 1668 1669 
 1628 0.197917 0.958333 1621 1623 1664 1666 
 1629 0.177083 0.958333 1629 1631 1672 1674 
 1630 0.947916 0.499999 1712 1714 1888 1889 
 1631 0.927083 0.499998 1720 1722 1892 1893 
 1632 0.958333 0.510416 1712 1713 
 1633 0.958333 0.531249 1716 1717 
 1634 0.958333 0.489582 1888 1890 
 1635 0.958333 0.468749 1896 1898 
 1636 0.947916 0.541665 1696 1698 1717 1719 
 1637 0.927083 0.541665 1704 1706 1725 1727 
 1638 0.958333 0.552082 1690 1691 1696 1697 
 1639 0.958333 0.572916 1694 1695 1700 1701 
 1640 0.375000 0.968749 1728 1729 1786 1787 
 1641 0.375000 0.989583 1732 1733 1790 1791 
 1642 0.364583 0.958332 1728 1730 1749 1751 
 1643 0.343750 0.958332 1736 1738 1757 1759 
 1644 0.916666 0.385415 1808 1809 
 1645 0.916666 0.406248 1812 1813 
 1646 0.906250 0.374998 1808 1810 
 1647 0.885416 0.374997 1816 1818 
 1648 0.864583 0.416663 1797 1799 
 1649 0.843749 0.416663 1805 1807 
 1650 0.864583 0.374997 1792 1794 
 1651 0.843750 0.374996 1800 1802 
 1652 0.875000 0.385414 1792 1793 1818 1819 
 1653 0.875000 0.406247 1796 1797 1822 1823 
 1654 0.125000 0.968750 1824 1826 1845 1847 
 1655 0.125000 0.989583 1832 1834 1853 1855 
 1656 0.135417 0.958333 1824 1825 1882 1883 
 1657 0.156250 0.958333 1828 1829 1886 1887 
 1658 0.916666 0.447915 1909 1911 1920 1922 
 1659 0.916666 0.427081 1917 1919 1928 1930 
 1660 0.906250 0.458331 1920 1921 1946 1947 
 1661 0.885416 0.458330 1924 1925 1950 1951 
 1662 0.947916 0.416665 1914 1915 
 1663 0.927083 0.416665 1918 1919 
 1664 0.947916 0.458332 1898 1899 1904 1905 
 1665 0.927083 0.458331 1902 1903 1908 1909 
 1666 0.958333 0.447916 1904 1906 
 1667 0.958333 0.427082 1912 1914 
 1668 0.875000 0.447914 1925 1927 
 1669 0.875000 0.427080 1933 1935 
 1670 0.666667 0.968749 1968 1969 2128 2130 
 1671 0.666667 0.989583 1972 1973 2136 2138 
 1672 0.656250 0.958332 1957 1959 1968 1970 
 1673 0.635417 0.958332 1965 1967 1976 1978 
 1674 0.677083 0.958332 2090 2091 2128 2129 
 1675 0.697917 0.958332 2094 2095 2132 2133 
 1676 0.583333 0.968749 1994 1995 2149 2151 
 1677 0.583333 0.989583 1998 1999 2157 2159 
 1678 0.614583 0.916665 2000 2002 
 1679 0.593750 0.916665 2008 2010 
 1680 0.625000 0.927082 1962 1963 2000 2001 
 1681 0.625000 0.947915 1966 1967 2004 2005 
 1682 0.625000 0.968749 1978 1979 1984 1985 
 1683 0.625000 0.989583 1982 1983 1988 1989 
 1684 0.614583 0.958332 1984 1986 2005 2007 
 1685 0.593750 0.958332 1992 1994 2013 2015 
 1686 0.750000 0.968749 2058 2059 2117 2119 
 1687 0.750000 0.989583 2062 2063 2125 2127 
 1688 0.791667 0.968750 2042 2043 2048 2049 
 1689 0.791667 0.989583 2046 2047 2052 2053 
 1690 0.781250 0.958333 2048 2050 2069 2071 
 1691 0.760417 0.958333 2056 2058 2077 2079 
 1692 0.718750 0.916665 2096 2097 
 1693 0.739583 0.916665 2100 2101 
 1694 0.708333 0.927082 2085 2087 2096 2098 
 1695 0.708333 0.947916 2093 2095 2104 2106 
 1696 0.708333 0.968749 2112 2114 2133 2135 
 1697 0.708333 0.989583 2120 2122 2141 2143 
 1698 0.718750 0.958333 2106 2107 2112 2113 
 1699 0.739583 0.958333 2110 2111 2116 2117 
 1700 0.552083 0.916665 2192 2193 
 1701 0.572916 0.916665 2196 2197 
 1702 0.541666 0.927081 2181 2183 2192 2194 
 1703 0.541666 0.947915 2189 2191 2200 2202 
 1704 0.541667 0.968749 2144 2146 2165 2167 
 1705 0.541667 0.989583 2152 2154 2173 2175 
 1706 0.552083 0.958332 2144 2145 2202 2203 
 1707 0.572917 0.958332 2148 2149 2206 2207 
 1708 0.906250 0.770832 865 867 868 870 
 1709 0.885416 0.770831 873 875 876 878 
 1710 0.895833 0.760415 866 867 872 873 
 1711 0.895833 0.781248 870 871 876 877 
 1712 0.906250 0.812499 881 883 884 886 
 1713 0.885416 0.812498 889 891 892 894 
 1714 0.895833 0.802082 882 883 888 889 
 1715 0.895833 0.822915 886 887 892 893 
 1716 0.437500 0.968749 897 899 900 902 
 1717 0.437500 0.989583 905 907 908 910 
 1718 0.427083 0.979166 898 899 904 905 
 1719 0.447917 0.979166 902 903 908 909 
 1720 0.437500 0.927081 913 915 916 918 
 1721 0.437500 0.947915 921 923 924 926 
 1722 0.427083 0.937498 914 915 920 921 
 1723 0.447916 0.937498 918 919 924 925 
 1724 0.479166 0.927081 929 931 932 934 
 1725 0.479166 0.947915 937 939 940 942 
 1726 0.468750 0.937498 930 931 936 937 
 1727 0.489583 0.937498 934 935 940 941 
 1728 0.479167 0.968749 945 947 948 950 
 1729 0.479167 0.989583 953 955 956 958 
 1730 0.468750 0.979166 946 947 952 953 
 1731 0.489583 0.979166 950 951 956 957 
 1732 0.906250 0.520831 961 963 964 966 
 1733 0.885416 0.520830 969 971 972 974 
 1734 0.895833 0.510414 962 963 968 969 
 1735 0.895833 0.531247 966 967 972 973 
 1736 0.906250 0.562498 977 979 980 982 
 1737 0.885416 0.562497 985 987 988 990 
 1738 0.895833 0.552081 978 979 984 985 
 1739 0.895833 0.572914 982 983 988 989 
 1740 0.937500 0.906250 993 995 996 998 
 1741 0.937500 0.885416 1001 1003 1004 1006 
 1742 0.947917 0.895833 994 995 1000 1001 
 1743 0.927083 0.895833 998 999 1004 1005 
 1744 0.937500 0.864583 1009 1011 1012 1014 
 1745 0.937500 0.843749 1017 1019 1020 1022 
 1746 0.947917 0.854166 1010 1011 1016 1017 
 1747 0.927083 0.854166 1014 1015 1020 1021 
 1748 0.979167 0.864583 1025 1027 1028 1030 
 1749 0.979167 0.843750 1033 1035 1036 1038 
 1750 0.989583 0.854167 1026 1027 1032 1033 
 1751 0.968750 0.854166 1030 1031 1036 1037 
 1752 0.979167 0.906250 1041 1043 1044 1046 
 1753 0.979167 0.885416 1049 1051 1052 1054 
 1754 0.989583 0.895833 1042 1043 1048 1049 
 1755 0.968750 0.895833 1046 1047 1052 1053 
 1756 0.864583 0.979166 1057 1059 1060 1062 
 1757 0.843750 0.979166 1065 1067 1068 1070 
 1758 0.854167 0.968750 1058 1059 1064 1065 
 1759 0.854167 0.989583 1062 1063 1068 1069 
 1760 0.864583 0.937499 1073 1075 1076 1078 
 1761 0.843750 0.937499 1081 1083 1084 1086 
 1762 0.854167 0.927083 1074 1075 1080 1081 
 1763 0.854167 0.947916 1078 1079 1084 1085 
 1764 0.906250 0.937500 1089 1091 1092 1094 
 1765 0.885417 0.937499 1097 1099 1100 1102 
 1766 0.895833 0.927083 1090 1091 1096 1097 
 1767 0.895833 0.947916 1094 1095 1100 1101 
 1768 0.906250 0.979167 1105 1107 1108 1110 
 1769 0.885417 0.979166 1113 1115 1116 1118 
 1770 0.895833 0.968750 1106 1107 1112 1113 
 1771 0.895833 0.989583 1110 1111 1116 1117 
 1772 0.906250 0.604164 1121 1123 1124 1126 
 1773 0.885416 0.604164 1129 1131 1132 1134 
 1774 0.895833 0.593747 1122 1123 1128 1129 
 1775 0.895833 0.614581 1126 1127 1132 1133 
 1776 0.906250 0.645831 1137 1139 1140 1142 
 1777 0.885416 0.645831 1145 1147 1148 1150 
 1778 0.895833 0.635414 1138 1139 1144 1145 
 1779 0.895833 0.656248 1142 1143 1148 1149 
 1780 0.947917 0.645832 1153 1155 1156 1158 
 1781 0.927083 0.645832 1161 1163 1164 1166 
 1782 0.937500 0.635415 1154 1155 1160 1161 
 1783 0.937500 0.656249 1158 1159 1164 1165 
 1784 0.947916 0.604165 1169 1171 1172 1174 
 1785 0.927083 0.604165 1177 1179 1180 1182 
 1786 0.937500 0.593748 1170 1171 1176 1177 
 1787 0.937500 0.614582 1174 1175 1180 1181 
 1788 0.989583 0.604166 1185 1187 1188 1190 
 1789 0.968750 0.604166 1193 1195 1196 1198 
 1790 0.979167 0.593749 1186 1187 1192 1193 
 1791 0.979167 0.614583 1190 1191 1196 1197 
 1792 0.989583 0.645833 1201 1203 1204 1206 
 1793 0.968750 0.645833 1209 1211 1212 1214 
 1794 0.979167 0.635416 1202 1203 1208 1209 
 1795 0.979167 0.656250 1206 1207 1212 1213 
 1796 0.770833 0.906248 1217 1219 1220 1222 
 1797 0.770833 0.885415 1225 1227 1228 1230 
 1798 0.781250 0.895832 1218 1219 1224 1225 
 1799 0.760416 0.895832 1222 1223 1228 1229 
 1800 0.812500 0.906249 1233 1235 1236 1238 
 1801 0.812500 0.885415 1241 1243 1244 1246 
 1802 0.822916 0.895832 1234 1235 1240 1241 
 1803 0.802083 0.895832 1238 1239 1244 1245 
 1804 0.020833 0.927083 1249 1251 1252 1254 
 1805 0.020833 0.947917 1257 1259 1260 1262 
 1806 0.010417 0.937500 1250 1251 1256 1257 
 1807 0.031250 0.937500 1254 1255 1260 1261 
 1808 0.062500 0.927083 1265 1267 1268 1270 
 1809 0.062500 0.947916 1273 1275 1276 1278 
 1810 0.052083 0.937500 1266 1267 1272 1273 
 1811 0.072917 0.937500 1270 1271 1276 1277 
 1812 0.062500 0.968750 1281 1283 1284 1286 
 1813 0.062500 0.989583 1289 1291 1292 1294 
 1814 0.052083 0.979167 1282 1283 1288 1289 
 1815 0.072917 0.979167 1286 1287 1292 1293 
 1816 0.020833 0.968750 1297 1299 1300 1302 
 1817 0.020833 0.989583 1305 1307 1308 1310 
 1818 0.010417 0.979167 1298 1299 1304 1305 
 1819 0.031250 0.979167 1302 1303 1308 1309 
 1820 0.947917 0.687499 1313 1315 1316 1318 
 1821 0.927083 0.687498 1321 1323 1324 1326 
 1822 0.937500 0.677082 1314 1315 1320 1321 
 1823 0.937500 0.697915 1318 1319 1324 1325 
 1824 0.989583 0.687500 1329 1331 1332 1334 
 1825 0.968750 0.687499 1337 1339 1340 1342 
 1826 0.979167 0.677083 1330 1331 1336 1337 
 1827 0.979167 0.697916 1334 1335 1340 1341 
 1828 0.989583 0.729166 1345 1347 1348 1350 
 1829 0.968750 0.729166 1353 1355 1356 1358 
 1830 0.979167 0.718750 1346 1347 1352 1353 
 1831 0.979167 0.739583 1350 1351 1356 1357 
 1832 0.947917 0.729166 1361 1363 1364 1366 
 1833 0.927083 0.729165 1369 1371 1372 1374 
 1834 0.937500 0.718749 1362 1363 1368 1369 
 1835 0.937500 0.739582 1366 1367 1372 1373 
 1836 0.947917 0.979167 1377 1379 1380 1382 
 1837 0.927083 0.979167 1385 1387 1388 1390 
 1838 0.937500 0.968750 1378 1379 1384 1385 
 1839 0.937500 0.989583 1382 1383 1388 1389 
 1840 0.947917 0.937500 1393 1395 1396 1398 
 1841 0.927083 0.937500 1401 1403 1404 1406 
 1842 0.937500 0.927083 1394 1395 1400 1401 
 1843 0.937500 0.947916 1398 1399 1404 1405 
 1844 0.989583 0.937500 1409 1411 1412 1414 
 1845 0.968750 0.937500 1417 1419 1420 1422 
 1846 0.979167 0.927083 1410 1411 1416 1417 
 1847 0.979167 0.947917 1414 1415 1420 1421 
 1848 0.989583 0.979167 1425 1427 1428 1430 
 1849 0.968750 0.979167 1433 1435 1436 1438 
 1850 0.979167 0.968750 1426 1427 1432 1433 
 1851 0.979167 0.989583 1430 1431 1436 1437 
 1852 0.947917 0.770832 1441 1443 1444 1446 
 1853 0.927083 0.770832 1449 1451 1452 1454 
 1854 0.937500 0.760416 1442 1443 1448 1449 
 1855 0.937500 0.781249 1446 1447 1452 1453 
 1856 0.989583 0.770833 1457 1459 1460 1462 
 1857 0.968750 0.770833 1465 1467 1468 1470 
 1858 0.979167 0.760416 1458 1459 1464 1465 
 1859 0.979167 0.781250 1462 1463 1468 1469 
 1860 0.989583 0.812500 1473 1475 1476 1478 
 1861 0.968750 0.812500 1481 1483 1484 1486 
 1862 0.979167 0.802083 1474 1475 1480 1481 
 1863 0.979167 0.822916 1478 1479 1484 1485 
 1864 0.947917 0.812499 1489 1491 1492 1494 
 1865 0.927083 0.812499 1497 1499 1500 1502 
 1866 0.937500 0.802082 1490 1491 1496 1497 
 1867 0.937500 0.822916 1494 1495 1500 1501 
 1868 0.895833 0.864582 1505 1507 1508 1510 
 1869 0.895833 0.843749 1513 1515 1516 1518 
 1870 0.906250 0.854166 1506 1507 1512 1513 
 1871 0.885417 0.854165 1510 1511 1516 1517 
 1872 0.895833 0.906249 1521 1523 1524 1526 
 1873 0.895833 0.885416 1529 1531 1532 1534 
 1874 0.906250 0.895833 1522 1523 1528 1529 
 1875 0.885417 0.895832 1526 1527 1532 1533 
 1876 0.854167 0.906249 1537 1539 1540 1542 
 1877 0.854167 0.885415 1545 1547 1548 1550 
 1878 0.864583 0.895832 1538 1539 1544 1545 
 1879 0.843750 0.895832 1542 1543 1548 1549 
 1880 0.322916 0.937499 1553 1555 1556 1558 
 1881 0.302083 0.937499 1561 1563 1564 1566 
 1882 0.312500 0.927082 1554 1555 1560 1561 
 1883 0.312500 0.947916 1558 1559 1564 1565 
 1884 0.322917 0.979166 1569 1571 1572 1574 
 1885 0.302083 0.979166 1577 1579 1580 1582 
 1886 0.312500 0.968749 1570 1571 1576 1577 
 1887 0.312500 0.989583 1574 1575 1580 1581 
 1888 0.281250 0.979166 1585 1587 1588 1590 
 1889 0.260417 0.979166 1593 1595 1596 1598 
 1890 0.270833 0.968749 1586 1587 1592 1593 
 1891 0.270833 0.989583 1590 1591 1596 1597 
 1892 0.281250 0.937499 1601 1603 1604 1606 
 1893 0.260417 0.937499 1609 1611 1612 1614 
 1894 0.270833 0.927082 1602 1603 1608 1609 
 1895 0.270833 0.947916 1606 1607 1612 1613 
 1896 0.197917 0.937499 1617 1619 1620 1622 
 1897 0.177083 0.937499 1625 1627 1628 1630 
 1898 0.187500 0.927082 1618 1619 1624 1625 
 1899 0.187500 0.947916 1622 1623 1628 1629 
 1900 0.239583 0.937499 1633 1635 1636 1638 
 1901 0.218750 0.937499 1641 1643 1644 1646 
 1902 0.229166 0.927082 1634 1635 1640 1641 
 1903 0.229167 0.947916 1638 1639 1644 1645 
 1904 0.239583 0.979166 1649 1651 1652 1654 
 1905 0.218750 0.979166 1657 1659 1660 1662 
 1906 0.229167 0.968749 1650 1651 1656 1657 
 1907 0.229167 0.989583 1654 1655 1660 1661 
 1908 0.197917 0.979166 1665 1667 1668 1670 
 1909 0.177083 0.979166 1673 1675 1676 1678 
 1910 0.187500 0.968750 1666 1667 1672 1673 
 1911 0.187500 0.989583 1670 1671 1676 1677 
 1912 0.989583 0.562500 1681 1683 1684 1686 
 1913 0.968750 0.562499 1689 1691 1692 1694 
 1914 0.979167 0.552083 1682 1683 1688 1689 
 1915 0.979167 0.572916 1686 1687 1692 1693 
 1916 0.947916 0.562499 1697 1699 1700 1702 
 1917 0.927083 0.562498 1705 1707 1708 1710 
 1918 0.937500 0.552082 1698 1699 1704 1705 
 1919 0.937500 0.572915 1702 1703 1708 1709 
 1920 0.947916 0.520832 1713 1715 1716 1718 
 1921 0.927083 0.520831 1721 1723 1724 1726 
 1922 0.937500 0.510415 1714 1715 1720 1721 
 1923 0.937500 0.531248 1718 1719 1724 1725 
 1924 0.364583 0.979166 1729 1731 1732 1734 
 1925 0.343750 0.979166 1737 1739 1740 1742 
 1926 0.354167 0.968749 1730 1731 1736 1737 
 1927 0.354167 0.989583 1734 1735 1740 1741 
 1928 0.364583 0.937499 1745 1747 1748 1750 
 1929 0.343750 0.937499 1753 1755 1756 1758 
 1930 0.354166 0.927082 1746 1747 1752 1753 
 1931 0.354167 0.947915 1750 1751 1756 1757 
 1932 0.406250 0.937498 1761 1763 1764 1766 
 1933 0.385416 0.937498 1769 1771 1772 1774 
 1934 0.395833 0.927082 1762 1763 1768 1769 
 1935 0.395833 0.947915 1766 1767 1772 1773 
 1936 0.406250 0.979166 1777 1779 1780 1782 
 1937 0.385417 0.979166 1785 1787 1788 1790 
 1938 0.395833 0.968749 1778 1779 1784 1785 
 1939 0.395833 0.989583 1782 1783 1788 1789 
 1940 0.864583 0.395830 1793 1795 1796 1798 
 1941 0.843750 0.395830 1801 1803 1804 1806 
 1942 0.854166 0.385413 1794 1795 1800 1801 
 1943 0.854166 0.406246 1798 1799 1804 1805 
 1944 0.906250 0.395831 1809 1811 1812 1814 
 1945 0.885416 0.395831 1817 1819 1820 1822 
 1946 0.895833 0.385414 1810 1811 1816 1817 
 1947 0.895833 0.406247 1814 1815 1820 1821 
 1948 0.145833 0.968750 1825 1827 1828 1830 
 1949 0.145833 0.989583 1833 1835 1836 1838 
 1950 0.135417 0.979166 1826 1827 1832 1833 
 1951 0.156250 0.979166 1830 1831 1836 1837 
 1952 0.104167 0.968750 1841 1843 1844 1846 
 1953 0.104167 0.989583 1849 1851 1852 1854 
 1954 0.093750 0.979167 1842 1843 1848 1849 
 1955 0.114583 0.979166 1846 1847 1852 1853 
 1956 0.104167 0.927083 1857 1859 1860 1862 
 1957 0.104167 0.947916 1865 1867 1868 1870 
 1958 0.093750 0.937500 1858 1859 1864 1865 
 1959 0.114583 0.937499 1862 1863 1868 1869 
 1960 0.145833 0.927082 1873 1875 1876 1878 
 1961 0.145833 0.947916 1881 1883 1884 1886 
 1962 0.135417 0.937499 1874 1875 1880 1881 
 1963 0.156250 0.937499 1878 1879 1884 1885 
 1964 0.937500 0.489582 1889 1891 1892 1894 
 1965 0.937500 0.468748 1897 1899 1900 1902 
 1966 0.947916 0.479165 1890 1891 1896 1897 
 1967 0.927083 0.479165 1894 1895 1900 1901 
 1968 0.937500 0.447915 1905 1907 1908 1910 
 1969 0.937500 0.427082 1913 1915 1916 1918 
 1970 0.947916 0.437499 1906 1907 1912 1913 
 1971 0.927083 0.437498 1910 1911 1916 1917 
 1972 0.895833 0.447914 1921 1923 1924 1926 
 1973 0.895833 0.427081 1929 1931 1932 1934 
 1974 0.906250 0.437498 1922 1923 1928 1929 
 1975 0.885416 0.437497 1926 1927 1932 1933 
 1976 0.895833 0.489581 1937 1939 1940 1942 
 1977 0.895833 0.468747 1945 1947 1948 1950 
 1978 0.906250 0.479164 1938 1939 1944 1945 
 1979 0.885416 0.479164 1942 1943 1948 1949 
 1980 0.656250 0.937499 1953 1955 1956 1958 
 1981 0.635416 0.937499 1961 1963 1964 1966 
 1982 0.645833 0.927082 1954 1955 1960 1961 
 1983 0.645833 0.947915 1958 1959 1964 1965 
 1984 0.656250 0.979166 1969 1971 1972 1974 
 1985 0.635417 0.979166 1977 1979 1980 1982 
 1986 0.645833 0.968749 1970 1971 1976 1977 
 1987 0.645833 0.989583 1974 1975 1980 1981 
 1988 0.614583 0.979166 1985 1987 1988 1990 
 1989 0.593750 0.979166 1993 1995 1996 1998 
 1990 0.604167 0.968749 1986 1987 1992 1993 
 1991 0.604167 0.989583 1990 1991 1996 1997 
 1992 0.614583 0.937499 2001 2003 2004 2006 
 1993 0.593750 0.937498 2009 2011 2012 2014 
 1994 0.604166 0.927082 2002 2003 2008 2009 
 1995 0.604166 0.947915 2006 2007 2012 2013 
 1996 0.822917 0.937499 2017 2019 2020 2022 
 1997 0.802083 0.937499 2025 2027 2028 2030 
 1998 0.812500 0.927082 2018 2019 2024 2025 
 1999 0.812500 0.947916 2022 2023 2028 2029 
 2000 0.822917 0.979166 2033 2035 2036 2038 
 2001 0.802083 0.979166 2041 2043 2044 2046 
 2002 0.812500 0.968750 2034 2035 2040 2041 
 2003 0.812500 0.989583 2038 2039 2044 2045 
 2004 0.781250 0.979166 2049 2051 2052 2054 
 2005 0.760417 0.979166 2057 2059 2060 2062 
 2006 0.770833 0.968749 2050 2051 2056 2057 
 2007 0.770833 0.989583 2054 2055 2060 2061 
 2008 0.781250 0.937499 2065 2067 2068 2070 
 2009 0.760417 0.937499 2073 2075 2076 2078 
 2010 0.770833 0.927082 2066 2067 2072 2073 
 2011 0.770833 0.947916 2070 2071 2076 2077 
 2012 0.687500 0.927082 2081 2083 2084 2086 
 2013 0.687500 0.947916 2089 2091 2092 2094 
 2014 0.677083 0.937499 2082 2083 2088 2089 
 2015 0.697916 0.937499 2086 2087 2092 2093 
 2016 0.729166 0.927082 2097 2099 2100 2102 
 2017 0.729167 0.947916 2105 2107 2108 2110 
 2018 0.718750 0.937499 2098 2099 2104 2105 
 2019 0.739583 0.937499 2102 2103 2108 2109 
 2020 0.729167 0.968749 2113 2115 2116 2118 
 2021 0.729167 0.989583 2121 2123 2124 2126 
 2022 0.718750 0.979166 2114 2115 2120 2121 
 2023 0.739583 0.979166 2118 2119 2124 2125 
 2024 0.687500 0.968749 2129 2131 2132 2134 
 2025 0.687500 0.989583 2137 2139 2140 2142 
 2026 0.677083 0.979166 2130 2131 2136 2137 
 2027 0.697917 0.979166 2134 2135 2140 2141 
 2028 0.562500 0.968749 2145 2147 2148 2150 
 2029 0.562500 0.989583 2153 2155 2156 2158 
 2030 0.552083 0.979166 2146 2147 2152 2153 
 2031 0.572917 0.979166 2150 2151 2156 2157 
 2032 0.520833 0.968749 2161 2163 2164 2166 
 2033 0.520833 0.989583 2169 2171 2172 2174 
 2034 0.510417 0.979166 2162 2163 2168 2169 
 2035 0.531250 0.979166 2166 2167 2172 2173 
 2036 0.520833 0.927081 2177 2179 2180 2182 
 2037 0.520833 0.947915 2185 2187 2188 2190 
 2038 0.510416 0.937498 2178 2179 2184 2185 
 2039 0.531250 0.937498 2182 2183 2188 2189 
 2040 0.562500 0.927081 2193 2195 2196 2198 
 2041 0.562500 0.947915 2201 2203 2204 2206 
 2042 0.552083 0.937498 2194 2195 2200 2201 
 2043 0.572916 0.937498 2198 2199 2204 2205 
 2044 0.687499 0.187496 740 741 742 743 
 2045 0.604166 0.145830 744 745 746 747 
 2046 0.854166 0.270831 748 749 750 751 
 2047 0.895833 0.270831 752 753 754 755 
 2048 0.770833 0.229163 756 757 758 759 
 2049 0.604166 0.187496 760 761 762 763 
 2050 0.645833 0.187496 764 765 766 767 
 2051 0.104166 0.645831 768 769 770 771 
 2052 0.104166 0.604164 772 773 774 775 
 2053 0.520833 0.187495 776 777 778 779 
 2054 0.562499 0.187495 780 781 782 783 
 2055 0.020833 0.645833 784 785 786 787 
 2056 0.062500 0.645832 788 789 790 791 
 2057 0.562500 0.145830 792 793 794 795 
 2058 0.520833 0.145830 796 797 798 799 
 2059 0.437499 0.187495 800 801 802 803 
 2060 0.479166 0.187495 804 805 806 807 
 2061 0.437499 0.229161 808 809 810 811 
 2062 0.895833 0.229165 812 813 814 815 
 2063 0.354166 0.229162 816 817 818 819 
 2064 0.354166 0.187496 820 821 822 823 
 2065 0.395833 0.187496 824 825 826 827 
 2066 0.395833 0.229161 828 829 830 831 
 2067 0.479166 0.145830 832 833 834 835 
 2068 0.437500 0.145830 836 837 838 839 
 2069 0.104166 0.729165 840 841 842 843 
 2070 0.104166 0.687498 844 845 846 847 
 2071 0.145833 0.687497 848 849 850 851 
 2072 0.145833 0.729164 852 853 854 855 
 2073 0.062500 0.687499 856 857 858 859 
 2074 0.020833 0.687500 860 861 862 863 
 2075 0.906250 0.760415 864 865 866 867 
 2076 0.906250 0.781249 868 869 870 871 
 2077 0.885416 0.760415 872 873 874 875 
 2078 0.885416 0.781248 876 877 878 879 
 2079 0.906250 0.802082 880 881 882 883 
 2080 0.906250 0.822915 884 885 886 887 
 2081 0.885416 0.802082 888 889 890 891 
 2082 0.885416 0.822915 892 893 894 895 
 2083 0.427083 0.968749 896 897 898 899 
 2084 0.447917 0.968749 900 901 902 903 
 2085 0.427083 0.989583 904 905 906 907 
 2086 0.447917 0.989583 908 909 910 911 
 2087 0.427083 0.927081 912 913 914 915 
 2088 0.447916 0.927081 916 917 918 919 
 2089 0.427083 0.947915 920 921 922 923 
 2090 0.447916 0.947915 924 925 926 927 
 2091 0.468750 0.927081 928 929 930 931 
 2092 0.489583 0.927081 932 933 934 935 
 2093 0.468750 0.947915 936 937 938 939 
 2094 0.489583 0.947915 940 941 942 943 
 2095 0.468750 0.968749 944 945 946 947 
 2096 0.489583 0.968749 948 949 950 951 
 2097 0.468750 0.989583 952 953 954 955 
 2098 0.489583 0.989583 956 957 958 959 
 2099 0.906250 0.510414 960 961 962 963 
 2100 0.906250 0.531248 964 965 966 967 
 2101 0.885416 0.510414 968 969 970 971 
 2102 0.885416 0.531247 972 973 974 975 
 2103 0.906250 0.552081 976 977 978 979 
 2104 0.906250 0.572914 980 981 982 983 
 2105 0.885416 0.552081 984 985 986 987 
 2106 0.885416 0.572914 988 989 990 991 
 2107 0.947917 0.906250 992 993 994 995 
 2108 0.927083 0.906249 996 997 998 999 
 2109 0.947917 0.885416 1000 1001 1002 1003 
 2110 0.927083 0.885416 1004 1005 1006 1007 
 2111 0.947917 0.864583 1008 1009 1010 1011 
 2112 0.927083 0.864583 1012 1013 1014 1015 
 2113 0.947917 0.843749 1016 1017 1018 1019 
 2114 0.927083 0.843749 1020 1021 1022 1023 
 2115 0.989583 0.864583 1024 1025 1026 1027 
 2116 0.968750 0.864583 1028 1029 1030 1031 
 2117 0.989583 0.843750 1032 1033 1034 1035 
 2118 0.968750 0.843750 1036 1037 1038 1039 
 2119 0.989583 0.906250 1040 1041 1042 1043 
 2120 0.968750 0.906250 1044 1045 1046 1047 
 2121 0.989583 0.885417 1048 1049 1050 1051 
 2122 0.968750 0.885416 1052 1053 1054 1055 
 2123 0.864583 0.968750 1056 1057 1058 1059 
 2124 0.864583 0.989583 1060 1061 1062 1063 
 2125 0.843750 0.968750 1064 1065 1066 1067 
 2126 0.843750 0.989583 1068 1069 1070 1071 
 2127 0.864583 0.927083 1072 1073 1074 1075 
 2128 0.864583 0.947916 1076 1077 1078 1079 
 2129 0.843750 0.927082 1080 1081 1082 1083 
 2130 0.843750 0.947916 1084 1085 1086 1087 
 2131 0.906250 0.927083 1088 1089 1090 1091 
 2132 0.906250 0.947916 1092 1093 1094 1095 
 2133 0.885417 0.927083 1096 1097 1098 1099 
 2134 0.885417 0.947916 1100 1101 1102 1103 
 2135 0.906250 0.968750 1104 1105 1106 1107 
 2136 0.906250 0.989583 1108 1109 1110 1111 
 2137 0.885417 0.968750 1112 1113 1114 1115 
 2138 0.885417 0.989583 1116 1117 1118 1119 
 2139 0.906250 0.593748 1120 1121 1122 1123 
 2140 0.906250 0.614581 1124 1125 1126 1127 
 2141 0.885416 0.593747 1128 1129 1130 1131 
 2142 0.885416 0.614581 1132 1133 1134 1135 
 2143 0.906250 0.635415 1136 1137 1138 1139 
 2144 0.906250 0.656248 1140 1141 1142 1143 
 2145 0.885416 0.635414 1144 1145 1146 1147 
 2146 0.885416 0.656247 1148 1149 1150 1151 
 2147 0.947917 0.635415 1152 1153 1154 1155 
 2148 0.947917 0.656249 1156 1157 1158 1159 
 2149 0.927083 0.635415 1160 1161 1162 1163 
 2150 0.927083 0.656248 1164 1165 1166 1167 
 2151 0.947916 0.593749 1168 1169 1170 1171 
 2152 0.947917 0.614582 1172 1173 1174 1175 
 2153 0.927083 0.593748 1176 1177 1178 1179 
 2154 0.927083 0.614582 1180 1181 1182 1183 
 2155 0.989583 0.593750 1184 1185 1186 1187 
 2156 0.989583 0.614583 1188 1189 1190 1191 
 2157 0.968750 0.593749 1192 1193 1194 1195 
 2158 0.968750 0.614583 1196 1197 1198 1199 
 2159 0.989583 0.635416 1200 1201 1202 1203 
 2160 0.989583 0.656250 1204 1205 1206 1207 
 2161 0.968750 0.635416 1208 1209 1210 1211 
 2162 0.968750 0.656249 1212 1213 1214 1215 
 2163 0.781250 0.906249 1216 1217 1218 1219 
 2164 0.760416 0.906248 1220 1221 1222 1223 
 2165 0.781250 0.885415 1224 1225 1226 1227 
 2166 0.760416 0.885415 1228 1229 1230 1231 
 2167 0.822917 0.906249 1232 1233 1234 1235 
 2168 0.802083 0.906249 1236 1237 1238 1239 
 2169 0.822916 0.885415 1240 1241 1242 1243 
 2170 0.802083 0.885415 1244 1245 1246 1247 
 2171 0.010417 0.927083 1248 1249 1250 1251 
 2172 0.031250 0.927083 1252 1253 1254 1255 
 2173 0.010417 0.947917 1256 1257 1258 1259 
 2174 0.031250 0.947917 1260 1261 1262 1263 
 2175 0.052083 0.927083 1264 1265 1266 1267 
 2176 0.072917 0.927083 1268 1269 1270 1271 
 2177 0.052083 0.947916 1272 1273 1274 1275 
 2178 0.072917 0.947916 1276 1277 1278 1279 
 2179 0.052083 0.968750 1280 1281 1282 1283 
 2180 0.072917 0.968750 1284 1285 1286 1287 
 2181 0.052083 0.989583 1288 1289 1290 1291 
 2182 0.072917 0.989583 1292 1293 1294 1295 
 2183 0.010417 0.968750 1296 1297 1298 1299 
 2184 0.031250 0.968750 1300 1301 1302 1303 
 2185 0.010417 0.989583 1304 1305 1306 1307 
 2186 0.031250 0.989583 1308 1309 1310 1311 
 2187 0.947917 0.677082 1312 1313 1314 1315 
 2188 0.947917 0.697916 1316 1317 1318 1319 
 2189 0.927083 0.677082 1320 1321 1322 1323 
 2190 0.927083 0.697915 1324 1325 1326 1327 
 2191 0.989583 0.677083 1328 1329 1330 1331 
 2192 0.989583 0.697916 1332 1333 1334 1335 
 2193 0.968750 0.677083 1336 1337 1338 1339 
 2194 0.968750 0.697916 1340 1341 1342 1343 
 2195 0.989583 0.718750 1344 1345 1346 1347 
 2196 0.989583 0.739583 1348 1349 1350 1351 
 2197 0.968750 0.718749 1352 1353 1354 1355 
 2198 0.968750 0.739583 1356 1357 1358 1359 
 2199 0.947917 0.718749 1360 1361 1362 1363 
 2200 0.947917 0.739582 1364 1365 1366 1367 
 2201 0.927083 0.718749 1368 1369 1370 1371 
 2202 0.927083 0.739582 1372 1373 1374 1375 
 2203 0.947917 0.968750 1376 1377 1378 1379 
 2204 0.947917 0.989583 1380 1381 1382 1383 
 2205 0.927083 0.968750 1384 1385 1386 1387 
 2206 0.927083 0.989583 1388 1389 1390 1391 
 2207 0.947917 0.927083 1392 1393 1394 1395 
 2208 0.947917 0.947916 1396 1397 1398 1399 
 2209 0.927083 0.927083 1400 1401 1402 1403 
 2210 0.927083 0.947916 1404 1405 1406 1407 
 2211 0.989583 0.927083 1408 1409 1410 1411 
 2212 0.989583 0.947917 1412 1413 1414 1415 
 2213 0.968750 0.927083 1416 1417 1418 1419 
 2214 0.968750 0.947917 1420 1421 1422 1423 
 2215 0.989583 0.968750 1424 1425 1426 1427 
 2216 0.989583 0.989583 1428 1429 1430 1431 
 2217 0.968750 0.968750 1432 1433 1434 1435 
 2218 0.968750 0.989583 1436 1437 1438 1439 
 2219 0.947917 0.760416 1440 1441 1442 1443 
 2220 0.947917 0.781249 1444 1445 1446 1447 
 2221 0.927083 0.760415 1448 1449 1450 1451 
 2222 0.927083 0.781249 1452 1453 1454 1455 
 2223 0.989583 0.760416 1456 1457 1458 1459 
 2224 0.989583 0.781250 1460 1461 1462 1463 
 2225 0.968750 0.760416 1464 1465 1466 1467 
 2226 0.968750 0.781250 1468 1469 1470 1471 
 2227 0.989583 0.802083 1472 1473 1474 1475 
 2228 0.989583 0.822917 1476 1477 1478 1479 
 2229 0.968750 0.802083 1480 1481 1482 1483 
 2230 0.968750 0.822916 1484 1485 1486 1487 
 2231 0.947917 0.802083 1488 1489 1490 1491 
 2232 0.947917 0.822916 1492 1493 1494 1495 
 2233 0.927083 0.802082 1496 1497 1498 1499 
 2234 0.927083 0.822916 1500 1501 1502 1503 
 2235 0.906250 0.864582 1504 1505 1506 1507 
 2236 0.885417 0.864582 1508 1509 1510 1511 
 2237 0.906250 0.843749 1512 1513 1514 1515 
 2238 0.885416 0.843749 1516 1517 1518 1519 
 2239 0.906250 0.906249 1520 1521 1522 1523 
 2240 0.885417 0.906249 1524 1525 1526 1527 
 2241 0.906250 0.885416 1528 1529 1530 1531 
 2242 0.885417 0.885416 1532 1533 1534 1535 
 2243 0.864583 0.906249 1536 1537 1538 1539 
 2244 0.843750 0.906249 1540 1541 1542 1543 
 2245 0.864583 0.885416 1544 1545 1546 1547 
 2246 0.843750 0.885415 1548 1549 1550 1551 
 2247 0.322916 0.927082 1552 1553 1554 1555 
 2248 0.322917 0.947916 1556 1557 1558 1559 
 2249 0.302083 0.927082 1560 1561 1562 1563 
 2250 0.302083 0.947916 1564 1565 1566 1567 
 2251 0.322917 0.968749 1568 1569 1570 1571 
 2252 0.322917 0.989583 1572 1573 1574 1575 
 2253 0.302083 0.968749 1576 1577 1578 1579 
 2254 0.302083 0.989583 1580 1581 1582 1583 
 2255 0.281250 0.968749 1584 1585 1586 1587 
 2256 0.281250 0.989583 1588 1589 1590 1591 
 2257 0.260417 0.968749 1592 1593 1594 1595 
 2258 0.260417 0.989583 1596 1597 1598 1599 
 2259 0.281250 0.927082 1600 1601 1602 1603 
 2260 0.281250 0.947916 1604 1605 1606 1607 
 2261 0.260416 0.927082 1608 1609 1610 1611 
 2262 0.260417 0.947916 1612 1613 1614 1615 
 2263 0.197917 0.927082 1616 1617 1618 1619 
 2264 0.197917 0.947916 1620 1621 1622 1623 
 2265 0.177083 0.927082 1624 1625 1626 1627 
 2266 0.177083 0.947916 1628 1629 1630 1631 
 2267 0.239583 0.927082 1632 1633 1634 1635 
 2268 0.239583 0.947916 1636 1637 1638 1639 
 2269 0.218750 0.927082 1640 1641 1642 1643 
 2270 0.218750 0.947916 1644 1645 1646 1647 
 2271 0.239583 0.968749 1648 1649 1650 1651 
 2272 0.239583 0.989583 1652 1653 1654 1655 
 2273 0.218750 0.968749 1656 1657 1658 1659 
 2274 0.218750 0.989583 1660 1661 1662 1663 
 2275 0.197917 0.968750 1664 1665 1666 1667 
 2276 0.197917 0.989583 1668 1669 1670 1671 
 2277 0.177083 0.968750 1672 1673 1674 1675 
 2278 0.177083 0.989583 1676 1677 1678 1679 
 2279 0.989583 0.552083 1680 1681 1682 1683 
 2280 0.989583 0.572916 1684 1685 1686 1687 
 2281 0.968750 0.552083 1688 1689 1690 1691 
 2282 0.968750 0.572916 1692 1693 1694 1695 
 2283 0.947916 0.552082 1696 1697 1698 1699 
 2284 0.947916 0.572915 1700 1701 1702 1703 
 2285 0.927083 0.552081 1704 1705 1706 1707 
 2286 0.927083 0.572915 1708 1709 1710 1711 
 2287 0.947916 0.510415 1712 1713 1714 1715 
 2288 0.947916 0.531249 1716 1717 1718 1719 
 2289 0.927083 0.510415 1720 1721 1722 1723 
 2290 0.927083 0.531248 1724 1725 1726 1727 
 2291 0.364583 0.968749 1728 1729 1730 1731 
 2292 0.364583 0.989583 1732 1733 1734 1735 
 2293 0.343750 0.968749 1736 1737 1738 1739 
 2294 0.343750 0.989583 1740 1741 1742 1743 
 2295 0.364583 0.927082 1744 1745 1746 1747 
 2296 0.364583 0.947915 1748 1749 1750 1751 
 2297 0.343750 0.927082 1752 1753 1754 1755 
 2298 0.343750 0.947915 1756 1757 1758 1759 
 2299 0.406250 0.927081 1760 1761 1762 1763 
 2300 0.406250 0.947915 1764 1765 1766 1767 
 2301 0.385416 0.927082 1768 1769 1770 1771 
 2302 0.385416 0.947915 1772 1773 1774 1775 
 2303 0.406250 0.968749 1776 1777 1778 1779 
 2304 0.406250 0.989583 1780 1781 1782 1783 
 2305 0.385417 0.968749 1784 1785 1786 1787 
 2306 0.385417 0.989583 1788 1789 1790 1791 
 2307 0.864583 0.385413 1792 1793 1794 1795 
 2308 0.864583 0.406247 1796 1797 1798 1799 
 2309 0.843750 0.385413 1800 1801 1802 1803 
 2310 0.843749 0.406246 1804 1805 1806 1807 
 2311 0.906250 0.385414 1808 1809 1810 1811 
 2312 0.906250 0.406248 1812 1813 1814 1815 
 2313 0.885416 0.385414 1816 1817 1818 1819 
 2314 0.885416 0.406247 1820 1821 1822 1823 
 2315 0.135417 0.968750 1824 1825 1826 1827 
 2316 0.156250 0.968750 1828 1829 1830 1831 
 2317 0.135417 0.989583 1832 1833 1834 1835 
 2318 0.156250 0.989583 1836 1837 1838 1839 
 2319 0.093750 0.968750 1840 1841 1842 1843 
 2320 0.114583 0.968750 1844 1845 1846 1847 
 2321 0.093750 0.989583 1848 1849 1850 1851 
 2322 0.114583 0.989583 1852 1853 1854 1855 
 2323 0.093750 0.927083 1856 1857 1858 1859 
 2324 0.114583 0.927083 1860 1861 1862 1863 
 2325 0.093750 0.947916 1864 1865 1866 1867 
 2326 0.114583 0.947916 1868 1869 1870 1871 
 2327 0.135417 0.927083 1872 1873 1874 1875 
 2328 0.156250 0.927082 1876 1877 1878 1879 
 2329 0.135417 0.947916 1880 1881 1882 1883 
 2330 0.156250 0.947916 1884 1885 1886 1887 
 2331 0.947916 0.489582 1888 1889 1890 1891 
 2332 0.927083 0.489581 1892 1893 1894 1895 
 2333 0.947916 0.468749 1896 1897 1898 1899 
 2334 0.927083 0.468748 1900 1901 1902 1903 
 2335 0.947916 0.447915 1904 1905 1906 1907 
 2336 0.927083 0.447915 1908 1909 1910 1911 
 2337 0.947916 0.427082 1912 1913 1914 1915 
 2338 0.927083 0.427081 1916 1917 1918 1919 
 2339 0.906250 0.447914 1920 1921 1922 1923 
 2340 0.885416 0.447914 1924 1925 1926 1927 
 2341 0.906250 0.427081 1928 1929 1930 1931 
 2342 0.885416 0.427080 1932 1933 1934 1935 
 2343 0.906250 0.489581 1936 1937 1938 1939 
 2344 0.885416 0.489580 1940 1941 1942 1943 
 2345 0.906250 0.468748 1944 1945 1946 1947 
 2346 0.885416 0.468747 1948 1949 1950 1951 
 2347 0.656250 0.927082 1952 1953 1954 1955 
 2348 0.656250 0.947916 1956 1957 1958 1959 
 2349 0.635416 0.927082 1960 1961 1962 1963 
 2350 0.635417 0.947915 1964 1965 1966 1967 
 2351 0.656250 0.968749 1968 1969 1970 1971 
 2352 0.656250 0.989583 1972 1973 1974 1975 
 2353 0.635417 0.968749 1976 1977 1978 1979 
 2354 0.635417 0.989583 1980 1981 1982 1983 
 2355 0.614583 0.968749 1984 1985 1986 1987 
 2356 0.614583 0.989583 1988 1989 1990 1991 
 2357 0.593750 0.968749 1992 1993 1994 1995 
 2358 0.593750 0.989583 1996 1997 1998 1999 
 2359 0.614583 0.927082 2000 2001 2002 2003 
 2360 0.614583 0.947915 2004 2005 2006 2007 
 2361 0.593750 0.927082 2008 2009 2010 2011 
 2362 0.593750 0.947915 2012 2013 2014 2015 
 2363 0.822917 0.927082 2016 2017 2018 2019 
 2364 0.822917 0.947916 2020 2021 2022 2023 
 2365 0.802083 0.927082 2024 2025 2026 2027 
 2366 0.802083 0.947916 2028 2029 2030 2031 
 2367 0.822917 0.968750 2032 2033 2034 2035 
 2368 0.822917 0.989583 2036 2037 2038 2039 
 2369 0.802083 0.968750 2040 2041 2042 2043 
 2370 0.802083 0.989583 2044 2045 2046 2047 
 2371 0.781250 0.968750 2048 2049 2050 2051 
 2372 0.781250 0.989583 2052 2053 2054 2055 
 2373 0.760417 0.968749 2056 2057 2058 2059 
 2374 0.760417 0.989583 2060 2061 2062 2063 
 2375 0.781250 0.927082 2064 2065 2066 2067 
 2376 0.781250 0.947916 2068 2069 2070 2071 
 2377 0.760416 0.927082 2072 2073 2074 2075 
 2378 0.760417 0.947916 2076 2077 2078 2079 
 2379 0.677083 0.927082 2080 2081 2082 2083 
 2380 0.697916 0.927082 2084 2085 2086 2087 
 2381 0.677083 0.947916 2088 2089 2090 2091 
 2382 0.697917 0.947916 2092 2093 2094 2095 
 2383 0.718750 0.927082 2096 2097 2098 2099 
 2384 0.739583 0.927082 2100 2101 2102 2103 
 2385 0.718750 0.947916 2104 2105 2106 2107 
 2386 0.739583 0.947916 2108 2109 2110 2111 
 2387 0.718750 0.968749 2112 2113 2114 2115 
 2388 0.739583 0.968749 2116 2117 2118 2119 
 2389 0.718750 0.989583 2120 2121 2122 2123 
 2390 0.739583 0.989583 2124 2125 2126 2127 
 2391 0.677083 0.968749 2128 2129 2130 2131 
 2392 0.697917 0.968749 2132 2133 2134 2135 
 2393 0.677083 0.989583 2136 2137 2138 2139 
 2394 0.697917 0.989583 2140 2141 2142 2143 
 2395 0.552083 0.968749 2144 2145 2146 2147 
 2396 0.572917 0.968749 2148 2149 2150 2151 
 2397 0.552083 0.989583 2152 2153 2154 2155 
 2398 0.572917 0.989583 2156 2157 2158 2159 
 2399 0.510417 0.968749 2160 2161 2162 2163 
 2400 0.531250 0.968749 2164 2165 2166 2167 
 2401 0.510417 0.989583 2168 2169 2170 2171 
 2402 0.531250 0.989583 2172 2173 2174 2175 
 2403 0.510416 0.927081 2176 2177 2178 2179 
 2404 0.531250 0.927081 2180 2181 2182 2183 
 2405 0.510416 0.947915 2184 2185 2186 2187 
 2406 0.531250 0.947915 2188 2189 2190 2191 
 2407 0.552083 0.927081 2192 2193 2194 2195 
 2408 0.572916 0.927082 2196 2197 2198 2199 
 2409 0.552083 0.947915 2200 2201 2202 2203 
 2410 0.572916 0.947915 2204 2205 2206 2207 
 