65 1 3
 97 1 3
 98 1 3
 101 2 2
 104 2 2
 106 1 1
 122 1 3
 123 2 2
 123 1 3
 124 2 2
 138 2 4
 139 3 1
 139 2 4
 140 3 1
 172 1 3
 173 1 3
 183 1 3
 184 1 3
 207 1 1
 216 2 2
 217 2 2
 221 2 4
 222 2 4
 225 2 4
 226 2 4
 241 2 4
 244 2 4
 253 2 4
 254 2 4
 304 3 1
 305 3 1
 333 2 2
 334 2 2
 341 2 4
 342 2 4
 346 2 4
 347 2 4
 369 2 2
 370 2 2
 374 3 1
 375 3 1
 390 1 1
 391 1 1
 396 1 1
 399 1 1
 426 0 4
 427 0 4
 438 0 4
 439 0 4
 452 1 3
 453 1 3
 512 3 1
 514 3 1
 516 3 1
 518 3 1
 529 0 2
 531 0 2
 541 0 2
 543 0 2
 548 1 1
 550 1 1
 580 3 3
 581 3 3
 584 3 3
 585 3 3
 620 1 1
 622 1 1
 630 0 4
 631 0 4
 632 1 1
 634 1 1
 634 0 4
 635 0 4
 672 3 3
 673 3 3
 676 3 3
 677 3 3
 685 0 2
 687 0 2
 692 3 3
 693 3 3
 696 3 3
 697 0 2
 697 3 3
 699 0 2
 704 3 3
 705 3 3
 708 3 3
 709 3 3
 745 0 2
 747 0 2
 749 0 2
 751 0 2
 765 0 2
 767 0 2
 769 0 2
 771 0 2
 772 3 3
 773 3 3
 776 3 3
 777 3 3
 792 1 1
 794 1 1
 808 1 3
 809 1 3
 812 1 3
 813 1 3
 825 0 2
 827 0 2
 837 0 2
 839 0 2
 858 0 4
 859 0 4
 862 0 4
 863 0 4
 888 3 1
 890 3 1
 892 3 1
 894 3 1
 904 1 1
 906 1 1
 908 1 1
 910 1 1
 968 3 1
 970 3 1
 972 3 1
 974 3 1
 988 3 3
 989 3 3
 992 3 3
 993 3 3
 1001 0 2
 1003 0 2
 1005 0 2
 1007 0 2
 1017 0 2
 1019 0 2
 1021 0 2
 1023 0 2
 1038 0 4
 1039 0 4
 1042 0 4
 1043 0 4
 1078 0 4
 1079 0 4
 1082 0 4
 1083 0 4
 