91 1 3
 92 1 3
 93 2 2
 96 2 2
 99 1 1
 100 1 1
 114 1 3
 115 2 2
 115 1 3
 116 2 2
 130 2 4
 131 3 1
 131 2 4
 132 3 1
 164 1 3
 165 1 3
 175 1 3
 176 1 3
 202 1 1
 203 1 1
 205 1 3
 206 1 3
 210 2 2
 211 2 2
 215 2 4
 216 2 4
 219 2 4
 220 2 4
 234 2 4
 237 2 4
 246 2 4
 247 2 4
 254 1 1
 255 1 1
 303 3 1
 304 3 1
 331 2 2
 332 2 2
 339 3 1
 340 3 1
 343 2 4
 344 2 4
 348 2 4
 349 2 4
 371 2 2
 372 2 2
 376 3 1
 377 3 1
 391 1 1
 392 1 1
 397 1 1
 400 1 1
 435 0 4
 436 0 4
 447 0 4
 448 0 4
 469 1 3
 470 1 3
 473 1 3
 474 1 3
 537 3 1
 539 3 1
 541 3 1
 543 3 1
 562 0 2
 564 0 2
 574 0 2
 576 0 2
 613 3 3
 614 3 3
 617 3 3
 618 3 3
 653 1 1
 655 1 1
 663 0 4
 664 0 4
 665 1 1
 667 1 1
 667 0 4
 668 0 4
 705 3 3
 706 3 3
 709 3 3
 710 3 3
 718 0 2
 720 0 2
 725 3 3
 726 3 3
 729 3 3
 730 0 2
 730 3 3
 732 0 2
 737 3 3
 738 3 3
 741 3 3
 742 3 3
 770 0 2
 772 0 2
 774 0 2
 776 0 2
 790 0 2
 792 0 2
 794 0 2
 796 0 2
 797 3 3
 798 3 3
 801 3 3
 802 3 3
 842 0 2
 844 0 2
 854 0 2
 856 0 2
 883 0 4
 884 0 4
 887 0 4
 888 0 4
 917 3 1
 919 3 1
 921 3 1
 923 3 1
 981 3 3
 982 3 3
 985 3 3
 986 3 3
 994 0 2
 996 0 2
 998 0 2
 1000 0 2
 1010 0 2
 1012 0 2
 1014 0 2
 1016 0 2
 1031 0 4
 1032 0 4
 1035 0 4
 1036 0 4
 1075 0 4
 1076 0 4
 1079 0 4
 1080 0 4
 