25 1 3
 26 1 3
 27 2 2
 30 2 2
 40 1 3
 41 2 2
 41 1 3
 42 2 2
 52 2 4
 53 3 1
 53 2 4
 54 3 1
 61 1 3
 62 1 3
 77 2 2
 78 2 2
 82 2 4
 83 2 4
 86 2 4
 87 2 4
 92 2 4
 95 2 4
 96 2 4
 97 2 4
 118 3 1
 119 3 1
 130 2 2
 131 2 2
 134 2 4
 135 2 4
 139 2 4
 140 2 4
 154 2 2
 155 2 2
 159 3 1
 160 3 1
 170 0 2
 172 0 2
 175 0 4
 176 0 4
 229 3 1
 231 3 1
 241 1 1
 243 1 1
 425 1 1
 427 1 1
 429 1 1
 431 1 1
 529 1 3
 530 1 3
 533 1 3
 534 1 3
 573 3 1
 575 3 1
 645 3 3
 646 3 3
 869 1 3
 870 1 3
 873 1 3
 874 1 3
 1041 3 1
 1043 3 1
 1045 3 1
 1047 3 1
 1057 3 3
 1058 3 3
 1309 3 3
 1310 3 3
 1313 3 3
 1314 3 3
 1373 3 3
 1374 3 3
 1410 0 2
 1412 0 2
 1414 0 2
 1416 0 2
 1418 0 2
 1420 0 2
 1422 0 2
 1424 0 2
 1430 0 2
 1432 0 2
 1438 0 2
 1440 0 2
 1503 0 4
 1504 0 4
 1521 1 1
 1523 1 1
 1529 1 1
 1531 1 1
 1547 0 4
 1548 0 4
 1551 0 4
 1552 0 4
 1665 3 3
 1666 3 3
 1669 3 3
 1670 3 3
 1915 0 4
 1916 0 4
 1919 0 4
 1920 0 4
 2113 1 1
 2115 1 1
 2121 1 1
 2123 1 1
 2155 0 4
 2156 0 4
 2159 0 4
 2160 0 4
 2369 3 3
 2370 3 3
 2373 3 3
 2374 3 3
 2385 3 3
 2386 3 3
 2389 3 3
 2390 3 3
 2662 0 2
 2664 0 2
 2670 0 2
 2672 0 2
 2865 1 1
 2867 1 1
 2873 1 1
 2875 1 1
 2881 1 1
 2883 1 1
 2889 1 1
 2891 1 1
 2907 0 4
 2908 0 4
 2911 0 4
 2912 0 4
 2929 1 1
 2931 1 1
 2937 1 1
 2939 1 1
 2945 1 1
 2947 1 1
 2953 1 1
 2955 1 1
 3057 1 1
 3059 1 1
 3065 1 1
 3067 1 1
 3313 1 3
 3314 1 3
 3321 1 3
 3322 1 3
 3325 1 3
 3326 1 3
 3365 1 3
 3366 1 3
 3369 1 3
 3370 1 3
 3542 0 2
 3544 0 2
 3566 0 2
 3568 0 2
 3574 0 2
 3576 0 2
 3781 3 3
 3782 3 3
 3785 3 3
 3786 3 3
 3797 3 3
 3798 3 3
 3801 3 3
 3802 3 3
 3845 3 3
 3846 3 3
 3849 3 3
 3850 3 3
 3861 3 3
 3862 3 3
 3865 3 3
 3866 3 3
 4266 0 2
 4268 0 2
 4274 0 2
 4276 0 2
 4298 0 2
 4300 0 2
 4306 0 2
 4308 0 2
 4330 0 2
 4332 0 2
 4338 0 2
 4340 0 2
 4343 0 4
 4344 0 4
 4347 0 4
 4348 0 4
 4359 0 4
 4360 0 4
 4363 0 4
 4364 0 4
 4446 0 2
 4448 0 2
 4454 0 2
 4456 0 2
 4462 0 2
 4464 0 2
 4470 0 2
 4472 0 2
 4761 1 3
 4762 1 3
 4765 1 3
 4766 1 3
 5209 3 3
 5210 3 3
 5213 3 3
 5214 3 3
 5241 3 3
 5242 3 3
 5245 3 3
 5246 3 3
 5257 3 3
 5258 3 3
 5261 3 3
 5262 3 3
 5582 0 2
 5584 0 2
 5590 0 2
 5592 0 2
 5598 0 2
 5600 0 2
 5606 0 2
 5608 0 2
 5614 0 2
 5616 0 2
 5622 0 2
 5624 0 2
 5870 0 2
 5872 0 2
 5878 0 2
 5880 0 2
 5902 0 2
 5904 0 2
 5910 0 2
 5912 0 2
 5923 0 4
 5924 0 4
 5927 0 4
 5928 0 4
 5929 1 3
 5930 1 3
 5933 1 3
 5934 1 3
 6201 3 1
 6203 3 1
 6209 3 1
 6211 3 1
 6233 3 1
 6235 3 1
 6241 3 1
 6243 3 1
 6329 3 1
 6331 3 1
 6337 3 1
 6339 3 1
 6361 3 1
 6363 3 1
 6369 3 1
 6371 3 1
 6457 3 1
 6459 3 1
 6465 3 1
 6467 3 1
 6489 3 1
 6491 3 1
 6497 3 1
 6499 3 1
 6585 3 1
 6587 3 1
 6593 3 1
 6595 3 1
 6617 3 1
 6619 3 1
 6625 3 1
 6627 3 1
 6718 0 2
 6720 0 2
 6726 0 2
 6728 0 2
 6830 0 2
 6832 0 2
 6838 0 2
 6840 0 2
 6862 0 2
 6864 0 2
 6870 0 2
 6872 0 2
 6894 0 2
 6896 0 2
 6902 0 2
 6904 0 2
 6926 0 2
 6928 0 2
 6934 0 2
 6936 0 2
 6937 1 1
 6939 1 1
 6945 1 1
 6947 1 1
 6969 1 1
 6971 1 1
 6977 1 1
 6979 1 1
 7065 1 1
 7067 1 1
 7073 1 1
 7075 1 1
 7097 1 1
 7099 1 1
 7105 1 1
 7107 1 1
 7491 0 4
 7492 0 4
 7495 0 4
 7496 0 4
 7507 0 4
 7508 0 4
 7511 0 4
 7512 0 4
 7555 0 4
 7556 0 4
 7559 0 4
 7560 0 4
 7571 0 4
 7572 0 4
 7575 0 4
 7576 0 4
 7577 1 1
 7579 1 1
 7585 1 1
 7587 1 1
 7609 1 1
 7611 1 1
 7617 1 1
 7619 1 1
 7705 1 1
 7707 1 1
 7713 1 1
 7715 1 1
 7737 1 1
 7739 1 1
 7745 1 1
 7747 1 1
 7747 0 4
 7748 0 4
 7751 0 4
 7752 0 4
 7763 0 4
 7764 0 4
 7767 0 4
 7768 0 4
 7811 0 4
 7812 0 4
 7815 0 4
 7816 0 4
 7827 0 4
 7828 0 4
 7831 0 4
 7832 0 4
 7918 0 2
 7920 0 2
 7926 0 2
 7928 0 2
 7950 0 2
 7952 0 2
 7958 0 2
 7960 0 2
 8046 0 2
 8048 0 2
 8054 0 2
 8056 0 2
 8078 0 2
 8080 0 2
 8086 0 2
 8088 0 2
 8281 3 3
 8282 3 3
 8285 3 3
 8286 3 3
 8297 3 3
 8298 3 3
 8301 3 3
 8302 3 3
 8345 3 3
 8346 3 3
 8349 3 3
 8350 3 3
 8361 3 3
 8362 3 3
 8365 3 3
 8366 3 3
 8537 3 3
 8538 3 3
 8541 3 3
 8542 3 3
 8553 3 3
 8554 3 3
 8557 3 3
 8558 3 3
 8601 3 3
 8602 3 3
 8605 3 3
 8606 3 3
 8617 3 3
 8618 3 3
 8621 3 3
 8622 0 2
 8622 3 3
 8624 0 2
 8630 0 2
 8632 0 2
 8654 0 2
 8656 0 2
 8662 0 2
 8664 0 2
 8750 0 2
 8752 0 2
 8758 0 2
 8760 0 2
 8782 0 2
 8784 0 2
 8790 0 2
 8792 0 2
 9123 0 4
 9124 0 4
 9127 0 4
 9128 0 4
 9139 0 4
 9140 0 4
 9143 0 4
 9144 0 4
 9187 0 4
 9188 0 4
 9191 0 4
 9192 0 4
 9203 0 4
 9204 0 4
 9207 0 4
 9208 0 4
 