0 0.000000 0.000000 114 
 1 1.000000 0.000000 130 
 2 0.000000 1.000000 666 
 3 1.000000 1.000000 729 
 4 0.041667 0.000000 114 115 
 5 0.083333 0.000000 115 370 
 6 0.125000 0.000000 370 371 
 7 0.166667 0.000000 342 371 
 8 0.208333 0.000000 342 343 
 9 0.250000 0.000000 343 347 
 10 0.291667 0.000000 347 348 
 11 0.333333 0.000000 218 348 
 12 0.375000 0.000000 218 219 
 13 0.416667 0.000000 219 330 
 14 0.458333 0.000000 330 331 
 15 0.500000 0.000000 95 331 
 16 0.541667 0.000000 92 95 
 17 0.583333 0.000000 92 236 
 18 0.625000 0.000000 233 236 
 19 0.666667 0.000000 209 233 
 20 0.708333 0.000000 209 210 
 21 0.750000 0.000000 210 214 
 22 0.791667 0.000000 214 215 
 23 0.833333 0.000000 215 245 
 24 0.875000 0.000000 245 246 
 25 0.916667 0.000000 129 246 
 26 0.958333 0.000000 129 130 
 27 1.000000 0.041667 130 131 
 28 1.000000 0.083333 131 302 
 29 1.000000 0.125000 302 303 
 30 1.000000 0.166667 303 375 
 31 1.000000 0.208333 375 376 
 32 1.000000 0.250000 338 376 
 33 1.000000 0.291667 338 339 
 34 1.000000 0.333333 339 980 
 35 1.000000 0.375000 981 984 
 36 1.000000 0.416667 918 985 
 37 1.000000 0.458333 916 922 
 38 1.000000 0.500000 796 920 
 39 1.000000 0.541667 797 800 
 40 1.000000 0.583333 612 801 
 41 1.000000 0.625000 613 616 
 42 1.000000 0.666667 617 704 
 43 1.000000 0.708333 705 708 
 44 1.000000 0.750000 709 736 
 45 1.000000 0.791667 737 740 
 46 1.000000 0.833333 538 741 
 47 1.000000 0.875000 536 542 
 48 1.000000 0.916667 540 724 
 49 1.000000 0.958333 725 728 
 50 0.958333 1.000000 717 731 
 51 0.916667 1.000000 573 719 
 52 0.875000 1.000000 561 575 
 53 0.833333 1.000000 563 1009 
 54 0.791667 1.000000 1011 1013 
 55 0.750000 1.000000 1015 1031 
 56 0.708333 1.000000 1030 1035 
 57 0.666667 1.000000 993 1034 
 58 0.625000 1.000000 995 997 
 59 0.583333 1.000000 999 1075 
 60 0.541667 1.000000 1074 1079 
 61 0.500000 1.000000 447 1078 
 62 0.458333 1.000000 435 446 
 63 0.416667 1.000000 434 853 
 64 0.375000 1.000000 841 855 
 65 0.333333 1.000000 769 843 
 66 0.291667 1.000000 771 773 
 67 0.250000 1.000000 775 789 
 68 0.208333 1.000000 791 793 
 69 0.166667 1.000000 795 883 
 70 0.125000 1.000000 882 887 
 71 0.083333 1.000000 663 886 
 72 0.041667 1.000000 662 667 
 73 0.000000 0.958333 654 664 
 74 0.000000 0.916667 468 652 
 75 0.000000 0.875000 469 472 
 76 0.000000 0.833333 399 473 
 77 0.000000 0.791667 396 399 
 78 0.000000 0.750000 390 396 
 79 0.000000 0.708333 390 391 
 80 0.000000 0.666667 201 391 
 81 0.000000 0.625000 201 202 
 82 0.000000 0.583333 202 253 
 83 0.000000 0.541667 253 254 
 84 0.000000 0.500000 204 254 
 85 0.000000 0.458333 204 205 
 86 0.000000 0.416667 98 205 
 87 0.000000 0.375000 98 99 
 88 0.000000 0.333333 99 163 
 89 0.000000 0.291667 163 164 
 90 0.000000 0.250000 164 174 
 91 0.000000 0.208333 174 175 
 92 0.000000 0.166667 90 175 
 93 0.000000 0.125000 90 91 
 94 0.000000 0.083333 91 113 
 95 0.000000 0.041667 113 114 
 96 0.083333 0.583331 190 361 813 931 
 97 0.916666 0.499998 520 810 909 936 
 98 0.416666 0.083331 216 329 359 367 
 99 0.583333 0.916665 1002 1065 1085 1098 
 100 0.750000 0.083332 35 117 211 213 
 101 0.916666 0.666665 593 607 680 702 
 102 0.250000 0.916665 413 448 778 784 
 103 0.083333 0.333331 96 140 150 162 
 104 0.750000 0.916665 621 1018 1025 1050 
 105 0.250000 0.083332 344 346 355 393 
 106 0.083333 0.833332 387 398 479 545 
 107 0.916667 0.166666 267 304 323 374 
 108 0.916667 0.916666 529 568 722 752 
 109 0.083333 0.083333 3 88 116 369 
 110 0.083333 0.916666 466 556 657 888 
 111 0.083333 0.499998 66 362 838 925 
 112 0.416666 0.916665 436 488 848 960 
 113 0.916666 0.333331 124 340 872 978 
 114 0.583333 0.083331 93 111 235 250 
 115 0.083333 0.249998 42 137 161 173 
 116 0.916666 0.749998 424 669 715 734 
 117 0.083333 0.749998 377 384 389 397 
 118 0.916667 0.083333 132 247 301 322 
 119 0.166666 0.583329 191 289 313 364 
 120 0.833333 0.749997 422 496 649 675 
 121 0.166666 0.249997 23 41 128 138 
 122 0.166666 0.833331 165 386 459 551 
 123 0.333333 0.916665 408 493 764 846 
 124 0.833333 0.166665 119 135 270 324 
 125 0.083333 0.166666 2 43 89 176 
 126 0.666666 0.083331 34 112 208 234 
 127 0.916667 0.833332 429 535 747 750 
 128 0.833333 0.916666 566 632 757 1004 
 129 0.916666 0.583331 525 588 610 807 
 130 0.916666 0.416665 877 915 934 975 
 131 0.083333 0.416664 67 97 149 835 
 132 0.500000 0.916665 441 958 1080 1100 
 133 0.500000 0.083331 94 249 332 368 
 134 0.333333 0.083331 217 345 356 358 
 135 0.083333 0.666665 189 203 378 388 
 136 0.916666 0.249998 123 268 337 373 
 137 0.666666 0.916665 988 1020 1052 1060 
 138 0.166667 0.916666 453 554 782 893 
 139 0.833333 0.083332 118 212 248 321 
 140 0.166667 0.083332 0 341 372 392 
 141 0.499999 0.166662 199 252 256 365 
 142 0.833333 0.416663 697 826 867 947 
 143 0.499999 0.833329 222 334 971 1089 
 144 0.166666 0.666663 156 192 288 379 
 145 0.166666 0.166664 1 20 40 395 
 146 0.333333 0.833330 145 194 406 483 
 147 0.750000 0.833330 507 627 1039 1047 
 148 0.250000 0.833330 146 168 403 462 
 149 0.250000 0.166664 21 228 354 394 
 150 0.666666 0.166663 33 101 109 182 
 151 0.750000 0.166664 32 102 120 134 
 152 0.833333 0.583329 515 602 861 896 
 153 0.166666 0.416662 47 64 141 152 
 154 0.166666 0.499996 46 65 314 363 
 155 0.833333 0.666663 599 644 678 901 
 156 0.166666 0.333330 127 139 142 151 
 157 0.416666 0.166663 255 327 360 366 
 158 0.833333 0.833331 419 501 630 763 
 159 0.583333 0.833329 333 349 1071 1095 
 160 0.166666 0.749997 155 166 380 385 
 161 0.833333 0.333330 75 121 692 870 
 162 0.833333 0.249997 74 122 136 269 
 163 0.249999 0.583328 77 290 316 319 
 164 0.416666 0.249994 83 258 285 328 
 165 0.583333 0.749995 87 307 336 350 
 166 0.749999 0.416661 48 587 687 823 
 167 0.249999 0.416661 44 107 144 170 
 168 0.666666 0.249995 104 183 272 299 
 169 0.749999 0.583328 206 226 232 282 
 170 0.333333 0.749995 148 195 292 309 
 171 0.749999 0.749996 186 383 510 639 
 172 0.249999 0.333328 108 126 143 177 
 173 0.249999 0.249996 22 125 178 231 
 174 0.416666 0.833329 193 223 486 965 
 175 0.583333 0.166663 110 181 200 251 
 176 0.833333 0.499996 518 828 856 941 
 177 0.749999 0.333328 72 581 690 950 
 178 0.249999 0.666662 76 153 287 311 
 179 0.333333 0.166663 229 326 353 357 
 180 0.666666 0.833330 352 381 1041 1058 
 181 0.749999 0.249996 73 103 133 300 
 182 0.249999 0.749996 147 154 167 310 
 183 0.416666 0.749994 57 196 220 291 
 184 0.583333 0.249994 37 184 197 271 
 185 0.499999 0.749994 56 221 308 335 
 186 0.749999 0.666662 185 227 642 907 
 187 0.333332 0.416660 68 106 171 238 
 188 0.499999 0.249994 36 198 257 286 
 189 0.749999 0.499994 49 207 281 817 
 190 0.249999 0.499994 45 169 315 320 
 191 0.666666 0.416660 51 100 157 261 
 192 0.666666 0.333327 260 273 576 952 
 193 0.333332 0.583326 78 265 277 318 
 194 0.333333 0.666661 79 276 293 312 
 195 0.666666 0.749995 86 187 351 382 
 196 0.333333 0.333327 69 81 105 180 
 197 0.333333 0.249995 82 179 230 325 
 198 0.583332 0.666660 8 84 297 306 
 199 0.499999 0.666660 9 54 59 305 
 200 0.499999 0.333326 25 39 60 283 
 201 0.416666 0.416659 30 62 71 239 
 202 0.583332 0.416659 17 27 160 262 
 203 0.416666 0.583326 5 52 264 278 
 204 0.583332 0.333327 26 38 259 274 
 205 0.416666 0.666660 55 58 275 294 
 206 0.416666 0.333327 63 70 80 284 
 207 0.333332 0.499993 172 237 266 317 
 208 0.666666 0.499993 50 158 243 280 
 209 0.666666 0.583327 225 244 279 295 
 210 0.666666 0.666661 85 188 224 296 
 211 0.499999 0.583326 4 10 12 53 
 212 0.583332 0.499992 14 18 159 242 
 213 0.583332 0.583326 11 15 241 298 
 214 0.499999 0.416659 16 24 31 61 
 215 0.416666 0.499992 6 29 240 263 
 216 0.499999 0.499992 7 13 19 28 
 217 0.166666 0.124998 0 1 392 395 
 218 0.125000 0.166665 1 2 40 43 
 219 0.083333 0.124999 2 3 88 89 
 220 0.125000 0.083332 0 3 369 372 
 221 0.125000 0.124999 0 1 2 3 
 222 0.458332 0.583326 4 5 52 53 
 223 0.416666 0.541659 5 6 263 264 
 224 0.458332 0.499992 6 7 28 29 
 225 0.499999 0.541659 4 7 12 13 
 226 0.458332 0.541659 4 5 6 7 
 227 0.541666 0.666660 8 9 305 306 
 228 0.499999 0.624993 9 10 53 54 
 229 0.541666 0.583326 10 11 12 15 
 230 0.583332 0.624993 8 11 297 298 
 231 0.541666 0.624993 8 9 10 11 
 232 0.541666 0.499992 13 14 18 19 
 233 0.583332 0.541659 14 15 241 242 
 234 0.541666 0.541659 12 13 14 15 
 235 0.541666 0.416659 16 17 24 27 
 236 0.583332 0.458326 17 18 159 160 
 237 0.499999 0.458326 16 19 28 31 
 238 0.541666 0.458326 16 17 18 19 
 239 0.208333 0.166664 20 21 394 395 
 240 0.250000 0.208330 21 22 228 231 
 241 0.208333 0.249996 22 23 125 128 
 242 0.166666 0.208331 20 23 40 41 
 243 0.208333 0.208330 20 21 22 23 
 244 0.291666 0.833330 145 146 402 407 
 245 0.333333 0.874997 404 410 481 495 
 246 0.291666 0.916665 409 412 766 776 
 247 0.250000 0.874998 401 415 450 460 
 248 0.291666 0.874997 400 405 411 414 
 249 0.499999 0.374993 24 25 60 61 
 250 0.541666 0.333326 25 26 38 39 
 251 0.583332 0.374993 26 27 259 262 
 252 0.541666 0.374993 24 25 26 27 
 253 0.416666 0.458326 29 30 239 240 
 254 0.458332 0.416659 30 31 61 62 
 255 0.458332 0.458326 28 29 30 31 
 256 0.708333 0.166663 32 33 101 102 
 257 0.666666 0.124997 33 34 109 112 
 258 0.708333 0.083332 34 35 208 211 
 259 0.750000 0.124998 32 35 117 120 
 260 0.708333 0.124997 32 33 34 35 
 261 0.541666 0.249994 36 37 197 198 
 262 0.583333 0.291660 37 38 271 274 
 263 0.499999 0.291660 36 39 283 286 
 264 0.541666 0.291660 36 37 38 39 
 265 0.125000 0.249998 41 42 137 138 
 266 0.083333 0.208332 42 43 173 176 
 267 0.125000 0.208331 40 41 42 43 
 268 0.833333 0.791664 418 423 497 500 
 269 0.875000 0.749998 420 426 671 673 
 270 0.916666 0.791665 425 428 735 746 
 271 0.875000 0.833332 417 431 751 762 
 272 0.875000 0.791665 416 421 427 430 
 273 0.249999 0.458327 44 45 169 170 
 274 0.208333 0.499995 45 46 314 315 
 275 0.166666 0.458329 46 47 64 65 
 276 0.208333 0.416662 44 47 141 144 
 277 0.208333 0.458328 44 45 46 47 
 278 0.749999 0.458328 48 49 819 821 
 279 0.708332 0.499994 49 50 280 281 
 280 0.666666 0.458327 50 51 157 158 
 281 0.708333 0.416660 48 51 100 586 
 282 0.708333 0.458327 48 49 50 51 
 283 0.458332 0.666660 54 55 58 59 
 284 0.416666 0.624993 52 55 275 278 
 285 0.458332 0.624993 52 53 54 55 
 286 0.458333 0.749994 56 57 220 221 
 287 0.416666 0.708327 57 58 291 294 
 288 0.499999 0.708327 56 59 305 308 
 289 0.458333 0.708327 56 57 58 59 
 290 0.416667 0.958332 432 438 849 852 
 291 0.458333 0.916665 437 440 956 962 
 292 0.500000 0.958332 443 445 1076 1082 
 293 0.458333 0.958332 433 439 442 444 
 294 0.208333 0.916665 449 452 780 786 
 295 0.166666 0.874998 455 457 550 555 
 296 0.208333 0.833331 165 168 458 463 
 297 0.208333 0.874998 451 454 456 461 
 298 0.041667 0.916666 464 470 653 656 
 299 0.041667 0.833333 398 399 475 477 
 300 0.083333 0.874999 467 478 544 557 
 301 0.041667 0.875000 465 471 474 476 
 302 0.416666 0.374993 62 63 70 71 
 303 0.458332 0.333326 60 63 283 284 
 304 0.458332 0.374993 60 61 62 63 
 305 0.125000 0.499997 65 66 362 363 
 306 0.083333 0.458331 66 67 834 839 
 307 0.125000 0.416663 64 67 149 152 
 308 0.125000 0.458330 64 65 66 67 
 309 0.374999 0.833330 193 194 482 487 
 310 0.416666 0.874997 484 490 961 964 
 311 0.375000 0.916665 489 492 844 850 
 312 0.375000 0.874997 480 485 491 494 
 313 0.333332 0.374993 68 69 105 106 
 314 0.374999 0.333327 69 70 80 81 
 315 0.374999 0.416659 68 71 238 239 
 316 0.374999 0.374993 68 69 70 71 
 317 0.749999 0.291662 72 73 300 951 
 318 0.791666 0.249996 73 74 133 136 
 319 0.833333 0.291663 74 75 121 122 
 320 0.791666 0.333329 72 75 688 694 
 321 0.791666 0.291663 72 73 74 75 
 322 0.791666 0.833331 503 505 626 631 
 323 0.750000 0.791663 383 506 511 1037 
 324 0.791666 0.749997 498 508 637 651 
 325 0.791666 0.791664 499 502 504 509 
 326 0.249999 0.624995 76 77 287 290 
 327 0.291666 0.583327 77 78 318 319 
 328 0.333332 0.624994 78 79 276 277 
 329 0.291666 0.666661 76 79 311 312 
 330 0.291666 0.624994 76 77 78 79 
 331 0.333333 0.291661 81 82 179 180 
 332 0.374999 0.249995 82 83 325 328 
 333 0.416666 0.291660 80 83 284 285 
 334 0.374999 0.291661 80 81 82 83 
 335 0.624999 0.666660 84 85 296 297 
 336 0.666666 0.708328 85 86 187 188 
 337 0.624999 0.749995 86 87 350 351 
 338 0.583333 0.708327 84 87 306 307 
 339 0.624999 0.708328 84 85 86 87 
 340 0.833333 0.541663 514 519 857 860 
 341 0.875000 0.499997 516 522 937 940 
 342 0.916666 0.541665 521 524 806 811 
 343 0.875000 0.583330 513 527 590 600 
 344 0.875000 0.541664 512 517 523 526 
 345 0.916667 0.874999 531 533 748 754 
 346 0.958333 0.833333 534 539 743 745 
 347 0.958333 0.916666 528 541 720 726 
 348 0.958333 0.875000 530 532 537 543 
 349 0.041667 0.166666 89 90 175 176 
 350 0.041667 0.083333 88 91 113 116 
 351 0.041667 0.125000 88 89 90 91 
 352 0.125000 0.833332 386 387 547 549 
 353 0.125000 0.916666 552 558 889 892 
 354 0.125000 0.874999 546 548 553 559 
 355 0.583333 0.041666 92 93 235 236 
 356 0.541666 0.083331 93 94 249 250 
 357 0.500000 0.041666 94 95 331 332 
 358 0.541667 0.041666 92 93 94 95 
 359 0.833333 0.958333 562 567 1005 1008 
 360 0.875000 0.916666 564 570 753 756 
 361 0.916667 0.958333 569 572 718 723 
 362 0.875000 0.958333 560 565 571 574 
 363 0.083333 0.374998 96 97 149 150 
 364 0.041667 0.416666 97 98 205 833 
 365 0.041667 0.333332 96 99 162 163 
 366 0.041667 0.374999 96 97 98 99 
 367 0.666666 0.374994 100 260 261 578 
 368 0.708333 0.333328 577 580 948 954 
 369 0.749999 0.374995 583 585 686 691 
 370 0.708333 0.374994 100 579 582 584 
 371 0.750000 0.208330 102 103 133 134 
 372 0.708333 0.249995 103 104 299 300 
 373 0.666666 0.208329 101 104 182 183 
 374 0.708333 0.208329 101 102 103 104 
 375 0.291666 0.416660 106 107 170 171 
 376 0.249999 0.374994 107 108 143 144 
 377 0.291666 0.333328 105 108 177 180 
 378 0.291666 0.374994 105 106 107 108 
 379 0.916666 0.624998 589 592 606 611 
 380 0.875000 0.666664 595 597 676 682 
 381 0.833333 0.624996 598 603 897 900 
 382 0.875000 0.624997 591 594 596 601 
 383 0.624999 0.166663 109 110 181 182 
 384 0.583333 0.124997 110 111 250 251 
 385 0.625000 0.083331 111 112 234 235 
 386 0.625000 0.124997 109 110 111 112 
 387 0.083333 0.041666 115 116 369 370 
 388 0.041667 0.041667 113 114 115 116 
 389 0.958333 0.583332 608 614 803 805 
 390 0.958333 0.666666 605 619 700 706 
 391 0.958333 0.624999 604 609 615 618 
 392 0.791666 0.083332 117 118 212 213 
 393 0.833333 0.124998 118 119 321 324 
 394 0.791666 0.166664 119 120 134 135 
 395 0.791666 0.124998 117 118 119 120 
 396 0.875000 0.249998 122 123 268 269 
 397 0.916666 0.291665 123 124 337 340 
 398 0.875000 0.333331 121 124 868 874 
 399 0.875000 0.291664 121 122 123 124 
 400 0.750000 0.874998 623 625 1046 1051 
 401 0.833333 0.874998 628 634 759 761 
 402 0.791666 0.916665 620 633 1006 1016 
 403 0.791666 0.874998 622 624 629 635 
 404 0.249999 0.291662 125 126 177 178 
 405 0.208333 0.333329 126 127 142 143 
 406 0.166666 0.291663 127 128 138 139 
 407 0.208333 0.291663 125 126 127 128 
 408 0.749999 0.708329 185 186 638 643 
 409 0.791666 0.666663 640 646 903 905 
 410 0.833333 0.708330 645 648 674 679 
 411 0.791666 0.708330 636 641 647 650 
 412 0.958333 0.083333 131 132 301 302 
 413 0.916667 0.041666 129 132 246 247 
 414 0.958333 0.041667 129 130 131 132 
 415 0.083333 0.958333 659 661 884 890 
 416 0.041667 0.958333 655 658 660 665 
 417 0.916666 0.708332 668 681 703 714 
 418 0.875000 0.708331 670 672 677 683 
 419 0.833333 0.208331 135 136 269 270 
 420 0.791666 0.208330 133 134 135 136 
 421 0.833333 0.374996 693 696 866 871 
 422 0.791666 0.416662 685 699 822 827 
 423 0.791666 0.374995 684 689 695 698 
 424 0.125000 0.333330 139 140 150 151 
 425 0.083333 0.291665 137 140 161 162 
 426 0.125000 0.291664 137 138 139 140 
 427 0.166666 0.374996 141 142 151 152 
 428 0.208333 0.374995 141 142 143 144 
 429 0.250000 0.791663 146 147 167 168 
 430 0.291666 0.749995 147 148 309 310 
 431 0.333333 0.791662 145 148 194 195 
 432 0.291666 0.791663 145 146 147 148 
 433 0.125000 0.374997 149 150 151 152 
 434 0.249999 0.708329 153 154 310 311 
 435 0.208333 0.749996 154 155 166 167 
 436 0.166666 0.708330 155 156 379 380 
 437 0.208333 0.666662 153 156 287 288 
 438 0.208333 0.708329 153 154 155 156 
 439 0.624999 0.499993 158 159 242 243 
 440 0.624999 0.416660 157 160 261 262 
 441 0.624999 0.458326 157 158 159 160 
 442 0.041667 0.249999 161 164 173 174 
 443 0.041667 0.291666 161 162 163 164 
 444 0.166666 0.791664 165 166 385 386 
 445 0.208333 0.791664 165 166 167 168 
 446 0.958333 0.749999 711 713 732 738 
 447 0.958333 0.708332 701 707 710 712 
 448 0.958333 0.958333 716 721 727 730 
 449 0.958333 0.791666 733 739 742 744 
 450 0.875000 0.874999 749 755 758 760 
 451 0.333332 0.458326 171 172 237 238 
 452 0.291666 0.499994 169 172 317 320 
 453 0.291666 0.458327 169 170 171 172 
 454 0.041667 0.208333 173 174 175 176 
 455 0.291666 0.249995 178 179 230 231 
 456 0.291666 0.291661 177 178 179 180 
 457 0.624999 0.249995 183 184 271 272 
 458 0.583333 0.208328 181 184 197 200 
 459 0.624999 0.208329 181 182 183 184 
 460 0.708333 0.749996 186 187 382 383 
 461 0.708333 0.666661 185 188 224 227 
 462 0.708333 0.708328 185 186 187 188 
 463 0.333333 0.958332 765 768 842 847 
 464 0.250000 0.958333 774 779 785 788 
 465 0.291667 0.958332 767 770 772 777 
 466 0.166667 0.958333 783 794 881 895 
 467 0.208333 0.958333 781 787 790 792 
 468 0.083333 0.624998 189 190 203 815 
 469 0.125000 0.583330 190 191 361 364 
 470 0.166666 0.624996 191 192 288 289 
 471 0.125000 0.666664 189 192 378 379 
 472 0.125000 0.624997 189 190 191 192 
 473 0.958333 0.499999 798 808 908 921 
 474 0.958333 0.541666 799 802 804 809 
 475 0.374999 0.749995 195 196 291 292 
 476 0.416666 0.791662 193 196 220 223 
 477 0.374999 0.791662 193 194 195 196 
 478 0.499999 0.208328 198 199 256 257 
 479 0.541666 0.166662 199 200 251 252 
 480 0.541666 0.208328 197 198 199 200 
 481 0.041667 0.583332 202 253 812 930 
 482 0.041667 0.666666 201 203 388 391 
 483 0.041667 0.624999 201 202 203 814 
 484 0.833333 0.458329 824 830 943 945 
 485 0.791666 0.499995 207 816 829 858 
 486 0.791666 0.458328 818 820 825 831 
 487 0.041667 0.499999 204 254 836 924 
 488 0.041667 0.458332 204 205 832 837 
 489 0.375000 0.958332 840 845 851 854 
 490 0.791666 0.583329 206 232 863 898 
 491 0.749999 0.541661 206 207 281 282 
 492 0.791666 0.541662 206 207 859 862 
 493 0.666667 0.041666 208 209 233 234 
 494 0.750000 0.041666 210 211 213 214 
 495 0.708333 0.041666 208 209 210 211 
 496 0.833333 0.041666 212 215 245 248 
 497 0.791667 0.041666 212 213 214 215 
 498 0.375000 0.083331 216 217 358 359 
 499 0.333333 0.041666 217 218 345 348 
 500 0.416667 0.041666 216 219 329 330 
 501 0.375000 0.041666 216 217 218 219 
 502 0.916666 0.374998 873 876 974 979 
 503 0.875000 0.416664 865 879 935 946 
 504 0.875000 0.374997 864 869 875 878 
 505 0.499999 0.791662 221 222 334 335 
 506 0.458333 0.833329 222 223 967 969 
 507 0.458333 0.791662 220 221 222 223 
 508 0.666666 0.624994 224 225 295 296 
 509 0.708333 0.583327 225 226 279 282 
 510 0.749999 0.624995 226 227 232 906 
 511 0.708333 0.624994 224 225 226 227 
 512 0.125000 0.958333 880 885 891 894 
 513 0.291666 0.166663 228 229 353 354 
 514 0.333333 0.208329 229 230 325 326 
 515 0.291666 0.208329 228 229 230 231 
 516 0.791666 0.624996 232 899 902 904 
 517 0.916666 0.458331 911 913 932 938 
 518 0.958333 0.416666 914 919 973 987 
 519 0.958333 0.458332 910 912 917 923 
 520 0.625000 0.041666 233 234 235 236 
 521 0.374999 0.499993 237 240 263 266 
 522 0.374999 0.458326 237 238 239 240 
 523 0.666666 0.541660 243 244 279 280 
 524 0.624999 0.583326 241 244 295 298 
 525 0.624999 0.541660 241 242 243 244 
 526 0.875000 0.083332 247 248 321 322 
 527 0.875000 0.041666 245 246 247 248 
 528 0.500000 0.124997 249 252 365 368 
 529 0.541666 0.124997 249 250 251 252 
 530 0.083333 0.541664 361 362 927 929 
 531 0.041667 0.541666 253 254 926 928 
 532 0.458333 0.166662 255 256 365 366 
 533 0.458333 0.249994 257 258 285 286 
 534 0.416666 0.208328 255 258 327 328 
 535 0.458333 0.208328 255 256 257 258 
 536 0.624999 0.333327 259 260 273 274 
 537 0.624999 0.374993 259 260 261 262 
 538 0.374999 0.583326 264 265 277 278 
 539 0.333332 0.541660 265 266 317 318 
 540 0.374999 0.541659 263 264 265 266 
 541 0.916666 0.208332 267 268 373 374 
 542 0.875000 0.166665 267 270 323 324 
 543 0.875000 0.208331 267 268 269 270 
 544 0.666666 0.291661 272 273 299 953 
 545 0.624999 0.291661 271 272 273 274 
 546 0.374999 0.666660 275 276 293 294 
 547 0.374999 0.624993 275 276 277 278 
 548 0.708333 0.541661 279 280 281 282 
 549 0.458332 0.291660 283 284 285 286 
 550 0.208333 0.583328 289 290 313 316 
 551 0.208333 0.624995 287 288 289 290 
 552 0.333333 0.708328 292 293 309 312 
 553 0.374999 0.708328 291 292 293 294 
 554 0.875000 0.458330 933 939 942 944 
 555 0.624999 0.624993 295 296 297 298 
 556 0.708333 0.291662 299 300 949 955 
 557 0.958333 0.166666 303 304 374 375 
 558 0.916667 0.124999 301 304 322 323 
 559 0.958333 0.125000 301 302 303 304 
 560 0.541666 0.749994 307 308 335 336 
 561 0.541666 0.708327 305 306 307 308 
 562 0.291666 0.708328 309 310 311 312 
 563 0.500000 0.874997 959 970 1088 1101 
 564 0.458333 0.874997 957 963 966 968 
 565 0.166666 0.541662 313 314 363 364 
 566 0.249999 0.541661 315 316 319 320 
 567 0.208333 0.541662 313 314 315 316 
 568 0.291666 0.541660 317 318 319 320 
 569 0.875000 0.124999 321 322 323 324 
 570 0.374999 0.166663 326 327 357 360 
 571 0.374999 0.208329 325 326 327 328 
 572 0.458333 0.083331 329 332 367 368 
 573 0.458333 0.041666 329 330 331 332 
 574 0.541666 0.833329 333 334 1091 1093 
 575 0.583333 0.791662 333 336 349 350 
 576 0.541666 0.791662 333 334 335 336 
 577 0.958333 0.249999 337 338 373 376 
 578 0.958333 0.333332 339 340 976 982 
 579 0.958333 0.291666 337 338 339 340 
 580 0.958333 0.374999 972 977 983 986 
 581 0.166667 0.041666 341 342 371 372 
 582 0.250000 0.041666 343 344 346 347 
 583 0.208333 0.083332 341 344 392 393 
 584 0.208333 0.041666 341 342 343 344 
 585 0.291666 0.083332 345 346 355 356 
 586 0.291667 0.041666 345 346 347 348 
 587 0.666666 0.791663 351 352 381 382 
 588 0.625000 0.833330 349 352 1059 1070 
 589 0.624999 0.791662 349 350 351 352 
 590 0.666667 0.958332 989 992 1022 1032 
 591 0.583333 0.958332 998 1003 1073 1087 
 592 0.625000 0.916665 990 1000 1061 1064 
 593 0.625000 0.958332 991 994 996 1001 
 594 0.250000 0.124998 354 355 393 394 
 595 0.333333 0.124997 353 356 357 358 
 596 0.291666 0.124997 353 354 355 356 
 597 0.416666 0.124997 359 360 366 367 
 598 0.375000 0.124997 357 358 359 360 
 599 0.125000 0.541663 361 362 363 364 
 600 0.458333 0.124997 365 366 367 368 
 601 0.125000 0.041666 369 370 371 372 
 602 0.958333 0.208333 373 374 375 376 
 603 0.750000 0.958333 1014 1019 1027 1029 
 604 0.791667 0.958333 1007 1010 1012 1017 
 605 0.708333 0.916665 1021 1024 1048 1054 
 606 0.708333 0.958333 1023 1026 1028 1033 
 607 0.083333 0.708332 377 378 388 389 
 608 0.125000 0.749998 377 380 384 385 
 609 0.125000 0.708331 377 378 379 380 
 610 0.708333 0.833330 381 1038 1043 1045 
 611 0.708333 0.791663 381 382 383 1036 
 612 0.666666 0.874997 1040 1053 1056 1062 
 613 0.708333 0.874998 1042 1044 1049 1055 
 614 0.083333 0.791665 384 387 397 398 
 615 0.125000 0.791665 384 385 386 387 
 616 0.583333 0.874997 1067 1069 1094 1099 
 617 0.625000 0.874997 1057 1063 1066 1068 
 618 0.041667 0.749999 389 390 396 397 
 619 0.041667 0.708332 388 389 390 391 
 620 0.541666 0.916665 1081 1084 1096 1102 
 621 0.541667 0.958332 1072 1077 1083 1086 
 622 0.208333 0.124998 392 393 394 395 
 623 0.541666 0.874997 1090 1092 1097 1103 
 624 0.041667 0.791666 396 397 398 399 
 625 0.020833 1.000000 666 667 
 626 0.979167 1.000000 729 731 
 627 1.000000 0.354167 980 981 
 628 0.979167 0.333333 980 982 
 629 1.000000 0.395833 984 985 
 630 0.979167 0.374999 981 983 984 986 
 631 0.979167 0.416666 918 919 985 987 
 632 1.000000 0.437500 916 918 
 633 0.979167 0.458333 916 917 922 923 
 634 1.000000 0.479167 920 922 
 635 1.000000 0.520833 796 797 
 636 0.979167 0.499999 796 798 920 921 
 637 1.000000 0.562500 800 801 
 638 0.979167 0.541666 797 799 800 802 
 639 1.000000 0.604167 612 613 
 640 0.979167 0.583333 612 614 801 803 
 641 1.000000 0.645833 616 617 
 642 0.979167 0.625000 613 615 616 618 
 643 1.000000 0.687500 704 705 
 644 0.979167 0.666666 617 619 704 706 
 645 1.000000 0.729167 708 709 
 646 0.979167 0.708333 705 707 708 710 
 647 1.000000 0.770833 736 737 
 648 0.979167 0.750000 709 711 736 738 
 649 1.000000 0.812500 740 741 
 650 0.979167 0.791666 737 739 740 742 
 651 0.979167 0.833333 538 539 741 743 
 652 1.000000 0.854167 536 538 
 653 0.979167 0.875000 536 537 542 543 
 654 1.000000 0.895833 540 542 
 655 1.000000 0.937500 724 725 
 656 0.979167 0.916667 540 541 724 726 
 657 1.000000 0.979167 728 729 
 658 0.979167 0.958333 725 727 728 730 
 659 0.937500 1.000000 717 719 
 660 0.895833 1.000000 573 575 
 661 0.854167 1.000000 561 563 
 662 0.812500 1.000000 1009 1011 
 663 0.770833 1.000000 1013 1015 
 664 0.729167 1.000000 1030 1031 
 665 0.687500 1.000000 1034 1035 
 666 0.645833 1.000000 993 995 
 667 0.604167 1.000000 997 999 
 668 0.562500 1.000000 1074 1075 
 669 0.520833 1.000000 1078 1079 
 670 0.479167 1.000000 446 447 
 671 0.437500 1.000000 434 435 
 672 0.395833 1.000000 853 855 
 673 0.354167 1.000000 841 843 
 674 0.312500 1.000000 769 771 
 675 0.270833 1.000000 773 775 
 676 0.229167 1.000000 789 791 
 677 0.187500 1.000000 793 795 
 678 0.145833 1.000000 882 883 
 679 0.104167 1.000000 886 887 
 680 0.062500 1.000000 662 663 
 681 0.000000 0.979167 664 666 
 682 0.020833 0.958333 654 655 664 665 
 683 0.000000 0.937500 652 654 
 684 0.000000 0.895833 468 469 
 685 0.020833 0.916667 468 470 652 653 
 686 0.000000 0.854167 472 473 
 687 0.020833 0.875000 469 471 472 474 
 688 0.020833 0.833333 473 475 
 689 0.083333 0.604164 813 815 
 690 0.895833 0.499997 520 522 936 937 
 691 0.916666 0.520831 520 521 810 811 
 692 0.916666 0.479164 909 911 936 938 
 693 0.583333 0.937498 1002 1003 1085 1087 
 694 0.583333 0.895831 1065 1067 1098 1099 
 695 0.895833 0.666664 593 595 680 682 
 696 0.916666 0.687498 680 681 702 703 
 697 0.250000 0.895831 413 415 448 450 
 698 0.229166 0.916665 448 449 784 786 
 699 0.250000 0.937499 778 779 784 785 
 700 0.750000 0.895832 621 623 1050 1051 
 701 0.750000 0.937499 1018 1019 1025 1027 
 702 0.104166 0.833332 545 547 
 703 0.916667 0.895833 529 531 752 754 
 704 0.895833 0.916666 568 570 752 753 
 705 0.916667 0.937500 568 569 722 723 
 706 0.083333 0.895833 466 467 556 557 
 707 0.104167 0.916666 556 558 888 889 
 708 0.083333 0.937500 657 659 888 890 
 709 0.083333 0.479164 838 839 
 710 0.083333 0.520831 925 927 
 711 0.416666 0.937498 436 438 848 849 
 712 0.437500 0.916665 436 437 960 962 
 713 0.416666 0.895831 488 490 960 961 
 714 0.395833 0.916665 488 489 848 850 
 715 0.895833 0.333331 872 874 
 716 0.916666 0.354165 872 873 978 979 
 717 0.895833 0.749998 424 426 669 671 
 718 0.916666 0.770832 424 425 734 735 
 719 0.833333 0.770831 422 423 496 497 
 720 0.812500 0.749997 496 498 649 651 
 721 0.333333 0.895831 408 410 493 495 
 722 0.312500 0.916665 408 409 764 766 
 723 0.333333 0.937499 764 765 846 847 
 724 0.895833 0.833332 429 431 750 751 
 725 0.833333 0.937499 566 567 1004 1005 
 726 0.833333 0.895832 632 634 757 759 
 727 0.812500 0.916666 632 633 1004 1006 
 728 0.895833 0.583331 525 527 588 590 
 729 0.916666 0.604165 588 589 610 611 
 730 0.895833 0.416664 877 879 934 935 
 731 0.500000 0.937498 441 443 1080 1082 
 732 0.500000 0.895831 958 959 1100 1101 
 733 0.520833 0.916665 1080 1081 1100 1102 
 734 0.666666 0.937499 988 989 1020 1022 
 735 0.645833 0.916665 988 990 1060 1061 
 736 0.687500 0.916665 1020 1021 1052 1054 
 737 0.666666 0.895831 1052 1053 1060 1062 
 738 0.166666 0.895832 453 455 554 555 
 739 0.166667 0.937499 782 783 893 895 
 740 0.812499 0.416662 697 699 826 827 
 741 0.520833 0.833329 1089 1091 
 742 0.312500 0.833330 406 407 
 743 0.229166 0.833331 462 463 
 744 0.833333 0.604163 602 603 896 897 
 745 0.812499 0.583329 861 863 896 898 
 746 0.812499 0.666663 644 646 901 903 
 747 0.833333 0.687497 644 645 678 679 
 748 0.812500 0.833331 501 503 630 631 
 749 0.812499 0.333329 692 694 
 750 0.833333 0.354163 692 693 870 871 
 751 0.750000 0.770830 510 511 
 752 0.395833 0.833329 486 487 
 753 0.437499 0.833329 965 967 
 754 0.833333 0.520829 518 519 856 857 
 755 0.833333 0.479163 828 830 941 943 
 756 0.812499 0.499996 828 829 856 858 
 757 0.749999 0.312495 950 951 
 758 0.749999 0.354161 581 583 690 691 
 759 0.645833 0.833330 1058 1059 
 760 0.687500 0.833330 1041 1043 
 761 0.749999 0.687495 642 643 
 762 0.749999 0.479161 817 819 
 763 0.666666 0.354160 576 578 
 764 0.687499 0.333328 576 577 952 954 
 765 0.666666 0.312494 952 953 
 766 0.270833 0.833330 402 403 
 767 0.333333 0.854163 404 406 481 483 
 768 0.312500 0.874997 404 405 410 411 
 769 0.270833 0.916665 412 413 776 778 
 770 0.291666 0.895831 409 411 412 414 
 771 0.291666 0.937499 766 767 776 777 
 772 0.250000 0.854164 401 403 460 462 
 773 0.229166 0.874998 450 451 460 461 
 774 0.291666 0.854164 400 402 405 407 
 775 0.270833 0.874998 400 401 414 415 
 776 0.833333 0.812498 418 419 500 501 
 777 0.812500 0.791664 497 499 500 502 
 778 0.854166 0.749997 420 422 673 675 
 779 0.875000 0.770831 420 421 426 427 
 780 0.916667 0.812499 428 429 746 747 
 781 0.895833 0.791665 425 427 428 430 
 782 0.854166 0.833332 417 419 762 763 
 783 0.854166 0.791665 416 418 421 423 
 784 0.875000 0.812498 416 417 430 431 
 785 0.749999 0.437494 821 823 
 786 0.729166 0.416661 586 587 
 787 0.416667 0.979166 432 434 852 853 
 788 0.437500 0.958332 432 433 438 439 
 789 0.395833 0.958332 849 851 852 854 
 790 0.479166 0.916665 440 441 956 958 
 791 0.458333 0.937498 437 439 440 442 
 792 0.458333 0.895831 956 957 962 963 
 793 0.500000 0.979166 445 447 1076 1078 
 794 0.520833 0.958332 1076 1077 1082 1083 
 795 0.458333 0.979166 433 435 444 446 
 796 0.479167 0.958332 442 443 444 445 
 797 0.187500 0.916665 452 453 780 782 
 798 0.208333 0.895832 449 451 452 454 
 799 0.208333 0.937499 780 781 786 787 
 800 0.166666 0.854165 457 459 550 551 
 801 0.187500 0.833331 458 459 
 802 0.187500 0.874998 454 455 456 457 
 803 0.208333 0.854164 456 458 461 463 
 804 0.062500 0.916666 464 466 656 657 
 805 0.041667 0.895833 464 465 470 471 
 806 0.041667 0.937500 653 655 656 658 
 807 0.062500 0.833332 477 479 
 808 0.083333 0.854166 478 479 544 545 
 809 0.104167 0.874999 544 546 557 559 
 810 0.041667 0.854166 474 475 476 477 
 811 0.062500 0.874999 465 467 476 478 
 812 0.083333 0.437498 834 835 
 813 0.354166 0.833330 482 483 
 814 0.416666 0.854163 484 486 964 965 
 815 0.395833 0.874997 484 485 490 491 
 816 0.437500 0.874997 961 963 964 966 
 817 0.354166 0.916665 492 493 844 846 
 818 0.375000 0.895831 489 491 492 494 
 819 0.375000 0.937498 844 845 850 851 
 820 0.354166 0.874997 480 481 494 495 
 821 0.375000 0.854163 480 482 485 487 
 822 0.770833 0.333329 688 690 
 823 0.791666 0.354162 688 689 694 695 
 824 0.770833 0.833331 505 507 626 627 
 825 0.750000 0.812497 506 507 1037 1039 
 826 0.770833 0.749996 508 510 637 639 
 827 0.791666 0.770830 498 499 508 509 
 828 0.791666 0.812497 502 503 504 505 
 829 0.770833 0.791664 504 506 509 511 
 830 0.833333 0.562496 514 515 860 861 
 831 0.812499 0.541662 857 859 860 862 
 832 0.854166 0.499996 516 518 940 941 
 833 0.875000 0.520830 516 517 522 523 
 834 0.875000 0.479164 937 939 940 942 
 835 0.916666 0.562498 524 525 806 807 
 836 0.895833 0.541664 521 523 524 526 
 837 0.854166 0.583330 513 515 600 602 
 838 0.875000 0.604164 590 591 600 601 
 839 0.854166 0.541663 512 514 517 519 
 840 0.875000 0.562497 512 513 526 527 
 841 0.916667 0.854166 533 535 748 750 
 842 0.895833 0.874999 748 749 754 755 
 843 0.937500 0.833333 534 535 745 747 
 844 0.937500 0.916666 528 529 720 722 
 845 0.958333 0.895833 528 530 541 543 
 846 0.958333 0.937500 720 721 726 727 
 847 0.937500 0.874999 530 531 532 533 
 848 0.958333 0.854166 532 534 537 539 
 849 0.145833 0.833331 549 551 
 850 0.145833 0.916666 552 554 892 893 
 851 0.125000 0.895832 552 553 558 559 
 852 0.125000 0.937499 889 891 892 894 
 853 0.145833 0.874999 548 550 553 555 
 854 0.125000 0.854165 546 547 548 549 
 855 0.833333 0.979166 562 563 1008 1009 
 856 0.812500 0.958333 1005 1007 1008 1010 
 857 0.854167 0.916666 564 566 756 757 
 858 0.875000 0.937499 564 565 570 571 
 859 0.875000 0.895832 753 755 756 758 
 860 0.916667 0.979167 572 573 718 719 
 861 0.895833 0.958333 569 571 572 574 
 862 0.875000 0.979166 560 561 574 575 
 863 0.854167 0.958333 560 562 565 567 
 864 0.062500 0.416665 833 835 
 865 0.687499 0.374994 578 579 
 866 0.729166 0.333328 580 581 948 950 
 867 0.708333 0.354161 577 579 580 582 
 868 0.708333 0.312495 948 949 954 955 
 869 0.749999 0.395828 585 587 686 687 
 870 0.708333 0.395827 584 586 
 871 0.729166 0.374994 582 583 584 585 
 872 0.916666 0.645831 592 593 606 607 
 873 0.895833 0.624998 589 591 592 594 
 874 0.854166 0.666664 597 599 676 678 
 875 0.875000 0.687497 676 677 682 683 
 876 0.833333 0.645830 598 599 900 901 
 877 0.812499 0.624996 897 899 900 902 
 878 0.875000 0.645831 594 595 596 597 
 879 0.854166 0.624997 596 598 601 603 
 880 0.937500 0.583332 608 610 805 807 
 881 0.958333 0.604166 608 609 614 615 
 882 0.937500 0.666665 605 607 700 702 
 883 0.958333 0.687499 700 701 706 707 
 884 0.937500 0.624999 604 606 609 611 
 885 0.958333 0.645832 604 605 618 619 
 886 0.854166 0.333330 868 870 
 887 0.875000 0.354164 868 869 874 875 
 888 0.750000 0.854164 625 627 1046 1047 
 889 0.833333 0.854165 628 630 761 763 
 890 0.812500 0.874998 628 629 634 635 
 891 0.770833 0.916665 620 621 1016 1018 
 892 0.791666 0.895832 620 622 633 635 
 893 0.791667 0.937499 1006 1007 1016 1017 
 894 0.791666 0.854165 624 626 629 631 
 895 0.770833 0.874998 622 623 624 625 
 896 0.749999 0.729162 638 639 
 897 0.770833 0.666662 640 642 905 907 
 898 0.791666 0.687496 640 641 646 647 
 899 0.833333 0.729164 648 649 674 675 
 900 0.812500 0.708330 645 647 648 650 
 901 0.791666 0.729163 636 637 650 651 
 902 0.770833 0.708329 636 638 641 643 
 903 0.083333 0.979167 661 663 884 886 
 904 0.104167 0.958333 884 885 890 891 
 905 0.041667 0.979167 660 662 665 667 
 906 0.062500 0.958333 658 659 660 661 
 907 0.916666 0.729165 668 669 714 715 
 908 0.895833 0.708331 668 670 681 683 
 909 0.875000 0.729164 670 671 672 673 
 910 0.854166 0.708331 672 674 677 679 
 911 0.833333 0.395829 696 697 866 867 
 912 0.812499 0.374996 693 695 696 698 
 913 0.770833 0.416661 685 687 822 823 
 914 0.770833 0.374995 684 686 689 691 
 915 0.791666 0.395829 684 685 698 699 
 916 0.937500 0.749999 713 715 732 734 
 917 0.958333 0.770833 732 733 738 739 
 918 0.937500 0.708332 701 703 712 714 
 919 0.958333 0.729166 710 711 712 713 
 920 0.958333 0.979167 716 717 730 731 
 921 0.937500 0.958333 716 718 721 723 
 922 0.937500 0.791666 733 735 744 746 
 923 0.958333 0.812499 742 743 744 745 
 924 0.875000 0.854165 749 751 760 762 
 925 0.854166 0.874999 758 759 760 761 
 926 0.333333 0.979166 768 769 842 843 
 927 0.312500 0.958332 765 767 768 770 
 928 0.250000 0.979166 774 775 788 789 
 929 0.229167 0.958333 785 787 788 790 
 930 0.291667 0.979166 770 771 772 773 
 931 0.270833 0.958333 772 774 777 779 
 932 0.166667 0.979166 794 795 881 883 
 933 0.208333 0.979166 790 791 792 793 
 934 0.187500 0.958333 781 783 792 794 
 935 0.937500 0.499998 808 810 908 909 
 936 0.958333 0.520832 798 799 808 809 
 937 0.958333 0.479166 908 910 921 923 
 938 0.937500 0.541665 804 806 809 811 
 939 0.958333 0.562499 802 803 804 805 
 940 0.062500 0.583332 812 813 930 931 
 941 0.041667 0.604166 812 814 
 942 0.062500 0.624998 814 815 
 943 0.833333 0.437496 824 826 945 947 
 944 0.812499 0.458329 824 825 830 831 
 945 0.770833 0.499995 816 817 
 946 0.791666 0.479162 816 818 829 831 
 947 0.791666 0.520828 858 859 
 948 0.770833 0.458328 818 819 820 821 
 949 0.791666 0.437495 820 822 825 827 
 950 0.062500 0.499998 836 838 924 925 
 951 0.041667 0.479166 836 837 
 952 0.041667 0.520832 924 926 
 953 0.062500 0.458332 832 834 837 839 
 954 0.041667 0.437499 832 833 
 955 0.375000 0.979166 840 841 854 855 
 956 0.354167 0.958332 840 842 845 847 
 957 0.791666 0.604162 898 899 
 958 0.791666 0.562495 862 863 
 959 0.916666 0.395831 876 877 974 975 
 960 0.895833 0.374998 873 875 876 878 
 961 0.854166 0.416663 865 867 946 947 
 962 0.854166 0.374997 864 866 869 871 
 963 0.875000 0.395830 864 865 878 879 
 964 0.479166 0.833329 969 971 
 965 0.749999 0.645828 906 907 
 966 0.125000 0.979166 880 882 885 887 
 967 0.145833 0.958333 880 881 894 895 
 968 0.791666 0.645829 902 903 904 905 
 969 0.770833 0.624995 904 906 
 970 0.916666 0.437498 913 915 932 934 
 971 0.895833 0.458331 932 933 938 939 
 972 0.937500 0.416665 914 915 973 975 
 973 0.937500 0.458332 910 911 912 913 
 974 0.958333 0.437499 912 914 917 919 
 975 0.083333 0.562498 929 931 
 976 0.041667 0.562499 928 930 
 977 0.062500 0.541665 926 927 928 929 
 978 0.687499 0.291661 953 955 
 979 0.854166 0.458330 942 943 944 945 
 980 0.875000 0.437497 933 935 944 946 
 981 0.729166 0.291662 949 951 
 982 0.500000 0.854163 970 971 1088 1089 
 983 0.520833 0.874997 1088 1090 1101 1103 
 984 0.458333 0.854163 966 967 968 969 
 985 0.479166 0.874997 957 959 968 970 
 986 0.562499 0.833329 1093 1095 
 987 0.937500 0.333332 976 978 
 988 0.958333 0.354166 976 977 982 983 
 989 0.937500 0.374998 972 974 977 979 
 990 0.958333 0.395832 972 973 986 987 
 991 0.604166 0.833330 1070 1071 
 992 0.666667 0.979166 992 993 1032 1034 
 993 0.645833 0.958332 989 991 992 994 
 994 0.687500 0.958332 1022 1023 1032 1033 
 995 0.583333 0.979166 998 999 1073 1075 
 996 0.604166 0.916665 1000 1002 1064 1065 
 997 0.625000 0.937499 990 991 1000 1001 
 998 0.625000 0.895831 1061 1063 1064 1066 
 999 0.625000 0.979166 994 995 996 997 
 1000 0.604167 0.958332 996 998 1001 1003 
 1001 0.750000 0.979166 1014 1015 1029 1031 
 1002 0.791667 0.979166 1010 1011 1012 1013 
 1003 0.770833 0.958333 1012 1014 1017 1019 
 1004 0.729166 0.916665 1024 1025 1048 1050 
 1005 0.708333 0.937499 1021 1023 1024 1026 
 1006 0.708333 0.895831 1048 1049 1054 1055 
 1007 0.708333 0.979166 1028 1030 1033 1035 
 1008 0.729167 0.958333 1026 1027 1028 1029 
 1009 0.729166 0.833330 1038 1039 1045 1047 
 1010 0.729166 0.791663 1036 1037 
 1011 0.708333 0.812497 1036 1038 
 1012 0.666666 0.854164 1040 1041 1056 1058 
 1013 0.687500 0.874997 1040 1042 1053 1055 
 1014 0.645833 0.874997 1056 1057 1062 1063 
 1015 0.729166 0.874998 1044 1046 1049 1051 
 1016 0.708333 0.854164 1042 1043 1044 1045 
 1017 0.583333 0.854163 1069 1071 1094 1095 
 1018 0.625000 0.854163 1057 1059 1068 1070 
 1019 0.604166 0.874997 1066 1067 1068 1069 
 1020 0.562500 0.916665 1084 1085 1096 1098 
 1021 0.541666 0.937498 1081 1083 1084 1086 
 1022 0.541666 0.895831 1096 1097 1102 1103 
 1023 0.541667 0.979166 1072 1074 1077 1079 
 1024 0.562500 0.958332 1072 1073 1086 1087 
 1025 0.541666 0.854163 1090 1091 1092 1093 
 1026 0.562500 0.874997 1092 1094 1097 1099 
 1027 0.270833 0.854164 400 401 402 403 
 1028 0.312500 0.854164 404 405 406 407 
 1029 0.312500 0.895831 408 409 410 411 
 1030 0.270833 0.895831 412 413 414 415 
 1031 0.854166 0.812498 416 417 418 419 
 1032 0.854166 0.770831 420 421 422 423 
 1033 0.895833 0.770832 424 425 426 427 
 1034 0.895833 0.812499 428 429 430 431 
 1035 0.437500 0.979166 432 433 434 435 
 1036 0.437500 0.937498 436 437 438 439 
 1037 0.479166 0.937498 440 441 442 443 
 1038 0.479167 0.979166 444 445 446 447 
 1039 0.229166 0.895832 448 449 450 451 
 1040 0.187500 0.895832 452 453 454 455 
 1041 0.187500 0.854165 456 457 458 459 
 1042 0.229166 0.854164 460 461 462 463 
 1043 0.062500 0.895833 464 465 466 467 
 1044 0.020833 0.895833 468 469 470 471 
 1045 0.020833 0.854166 472 473 474 475 
 1046 0.062500 0.854166 476 477 478 479 
 1047 0.354166 0.854163 480 481 482 483 
 1048 0.395833 0.854163 484 485 486 487 
 1049 0.395833 0.895831 488 489 490 491 
 1050 0.354166 0.895831 492 493 494 495 
 1051 0.812500 0.770830 496 497 498 499 
 1052 0.812500 0.812498 500 501 502 503 
 1053 0.770833 0.812497 504 505 506 507 
 1054 0.770833 0.770830 508 509 510 511 
 1055 0.854166 0.562496 512 513 514 515 
 1056 0.854166 0.520830 516 517 518 519 
 1057 0.895833 0.520831 520 521 522 523 
 1058 0.895833 0.562497 524 525 526 527 
 1059 0.937500 0.895833 528 529 530 531 
 1060 0.937500 0.854166 532 533 534 535 
 1061 0.979167 0.854166 536 537 538 539 
 1062 0.979167 0.895833 540 541 542 543 
 1063 0.104167 0.854165 544 545 546 547 
 1064 0.145833 0.854165 548 549 550 551 
 1065 0.145833 0.895832 552 553 554 555 
 1066 0.104167 0.895832 556 557 558 559 
 1067 0.854167 0.979166 560 561 562 563 
 1068 0.854167 0.937499 564 565 566 567 
 1069 0.895833 0.937499 568 569 570 571 
 1070 0.895833 0.979166 572 573 574 575 
 1071 0.687499 0.354161 576 577 578 579 
 1072 0.729166 0.354161 580 581 582 583 
 1073 0.729166 0.395828 584 585 586 587 
 1074 0.895833 0.604164 588 589 590 591 
 1075 0.895833 0.645831 592 593 594 595 
 1076 0.854166 0.645830 596 597 598 599 
 1077 0.854166 0.604163 600 601 602 603 
 1078 0.937500 0.645832 604 605 606 607 
 1079 0.937500 0.604165 608 609 610 611 
 1080 0.979167 0.604166 612 613 614 615 
 1081 0.979167 0.645833 616 617 618 619 
 1082 0.770833 0.895832 620 621 622 623 
 1083 0.770833 0.854164 624 625 626 627 
 1084 0.812500 0.854165 628 629 630 631 
 1085 0.812500 0.895832 632 633 634 635 
 1086 0.770833 0.729163 636 637 638 639 
 1087 0.770833 0.687496 640 641 642 643 
 1088 0.812500 0.687496 644 645 646 647 
 1089 0.812500 0.729163 648 649 650 651 
 1090 0.020833 0.937500 652 653 654 655 
 1091 0.062500 0.937500 656 657 658 659 
 1092 0.062500 0.979167 660 661 662 663 
 1093 0.020833 0.979167 664 665 666 667 
 1094 0.895833 0.729165 668 669 670 671 
 1095 0.854166 0.729164 672 673 674 675 
 1096 0.854166 0.687497 676 677 678 679 
 1097 0.895833 0.687498 680 681 682 683 
 1098 0.770833 0.395828 684 685 686 687 
 1099 0.770833 0.354162 688 689 690 691 
 1100 0.812499 0.354163 692 693 694 695 
 1101 0.812499 0.395829 696 697 698 699 
 1102 0.937500 0.687499 700 701 702 703 
 1103 0.979167 0.687500 704 705 706 707 
 1104 0.979167 0.729166 708 709 710 711 
 1105 0.937500 0.729165 712 713 714 715 
 1106 0.937500 0.979167 716 717 718 719 
 1107 0.937500 0.937500 720 721 722 723 
 1108 0.979167 0.937500 724 725 726 727 
 1109 0.979167 0.979167 728 729 730 731 
 1110 0.937500 0.770832 732 733 734 735 
 1111 0.979167 0.770833 736 737 738 739 
 1112 0.979167 0.812500 740 741 742 743 
 1113 0.937500 0.812499 744 745 746 747 
 1114 0.895833 0.854166 748 749 750 751 
 1115 0.895833 0.895833 752 753 754 755 
 1116 0.854167 0.895832 756 757 758 759 
 1117 0.854166 0.854165 760 761 762 763 
 1118 0.312500 0.937499 764 765 766 767 
 1119 0.312500 0.979166 768 769 770 771 
 1120 0.270833 0.979166 772 773 774 775 
 1121 0.270833 0.937499 776 777 778 779 
 1122 0.187500 0.937499 780 781 782 783 
 1123 0.229167 0.937499 784 785 786 787 
 1124 0.229167 0.979166 788 789 790 791 
 1125 0.187500 0.979166 792 793 794 795 
 1126 0.979167 0.520833 796 797 798 799 
 1127 0.979167 0.562499 800 801 802 803 
 1128 0.937500 0.562498 804 805 806 807 
 1129 0.937500 0.520832 808 809 810 811 
 1130 0.062500 0.604165 812 813 814 815 
 1131 0.770833 0.479161 816 817 818 819 
 1132 0.770833 0.437495 820 821 822 823 
 1133 0.812499 0.437496 824 825 826 827 
 1134 0.812499 0.479162 828 829 830 831 
 1135 0.062500 0.437498 832 833 834 835 
 1136 0.062500 0.479165 836 837 838 839 
 1137 0.354167 0.979166 840 841 842 843 
 1138 0.354166 0.937499 844 845 846 847 
 1139 0.395833 0.937498 848 849 850 851 
 1140 0.395833 0.979166 852 853 854 855 
 1141 0.812499 0.520829 856 857 858 859 
 1142 0.812499 0.562496 860 861 862 863 
 1143 0.854166 0.395830 864 865 866 867 
 1144 0.854166 0.354163 868 869 870 871 
 1145 0.895833 0.354164 872 873 874 875 
 1146 0.895833 0.395831 876 877 878 879 
 1147 0.145833 0.979166 880 881 882 883 
 1148 0.104167 0.979166 884 885 886 887 
 1149 0.104167 0.937499 888 889 890 891 
 1150 0.145833 0.937499 892 893 894 895 
 1151 0.812499 0.604162 896 897 898 899 
 1152 0.812499 0.645829 900 901 902 903 
 1153 0.770833 0.645829 904 905 906 907 
 1154 0.937500 0.479165 908 909 910 911 
 1155 0.937500 0.437498 912 913 914 915 
 1156 0.979167 0.437499 916 917 918 919 
 1157 0.979167 0.479166 920 921 922 923 
 1158 0.062500 0.520832 924 925 926 927 
 1159 0.062500 0.562498 928 929 930 931 
 1160 0.895833 0.437497 932 933 934 935 
 1161 0.895833 0.479164 936 937 938 939 
 1162 0.854166 0.479163 940 941 942 943 
 1163 0.854166 0.437496 944 945 946 947 
 1164 0.729166 0.312495 948 949 950 951 
 1165 0.687499 0.312494 952 953 954 955 
 1166 0.479166 0.895831 956 957 958 959 
 1167 0.437500 0.895831 960 961 962 963 
 1168 0.437500 0.854163 964 965 966 967 
 1169 0.479166 0.854163 968 969 970 971 
 1170 0.937500 0.395832 972 973 974 975 
 1171 0.937500 0.354165 976 977 978 979 
 1172 0.979167 0.354166 980 981 982 983 
 1173 0.979167 0.395833 984 985 986 987 
 1174 0.645833 0.937499 988 989 990 991 
 1175 0.645833 0.979166 992 993 994 995 
 1176 0.604167 0.979166 996 997 998 999 
 1177 0.604166 0.937498 1000 1001 1002 1003 
 1178 0.812500 0.937499 1004 1005 1006 1007 
 1179 0.812500 0.979166 1008 1009 1010 1011 
 1180 0.770833 0.979166 1012 1013 1014 1015 
 1181 0.770833 0.937499 1016 1017 1018 1019 
 1182 0.687500 0.937499 1020 1021 1022 1023 
 1183 0.729167 0.937499 1024 1025 1026 1027 
 1184 0.729167 0.979166 1028 1029 1030 1031 
 1185 0.687500 0.979166 1032 1033 1034 1035 
 1186 0.729166 0.812497 1036 1037 1038 1039 
 1187 0.687500 0.854164 1040 1041 1042 1043 
 1188 0.729166 0.854164 1044 1045 1046 1047 
 1189 0.729166 0.895831 1048 1049 1050 1051 
 1190 0.687500 0.895831 1052 1053 1054 1055 
 1191 0.645833 0.854164 1056 1057 1058 1059 
 1192 0.645833 0.895831 1060 1061 1062 1063 
 1193 0.604166 0.895831 1064 1065 1066 1067 
 1194 0.604166 0.854163 1068 1069 1070 1071 
 1195 0.562500 0.979166 1072 1073 1074 1075 
 1196 0.520833 0.979166 1076 1077 1078 1079 
 1197 0.520833 0.937498 1080 1081 1082 1083 
 1198 0.562500 0.937498 1084 1085 1086 1087 
 1199 0.520833 0.854163 1088 1089 1090 1091 
 1200 0.562500 0.854163 1092 1093 1094 1095 
 1201 0.562500 0.895831 1096 1097 1098 1099 
 1202 0.520833 0.895831 1100 1101 1102 1103 
 