65 1 3
 97 1 3
 98 1 3
 101 2 2
 104 2 2
 118 1 3
 119 2 2
 119 1 3
 120 2 2
 132 2 4
 133 3 1
 133 2 4
 134 3 1
 166 1 3
 167 1 3
 177 1 3
 178 1 3
 201 2 2
 202 2 2
 206 2 4
 207 2 4
 210 2 4
 211 2 4
 226 2 4
 229 2 4
 238 2 4
 239 2 4
 284 3 1
 285 3 1
 310 2 2
 311 2 2
 318 2 4
 319 2 4
 323 2 4
 324 2 4
 344 2 2
 345 2 2
 348 3 1
 359 1 1
 366 1 1
 369 1 1
 398 1 3
 399 1 3
 458 1 1
 460 1 1
 462 1 1
 464 1 1
 558 3 3
 559 3 3
 570 1 1
 572 1 1
 582 1 3
 583 1 3
 586 1 3
 587 1 3
 614 3 1
 616 3 1
 618 3 1
 620 3 1
 630 1 1
 632 1 1
 634 1 1
 636 1 1
 666 3 1
 668 3 1
 670 3 1
 672 3 1
 686 3 3
 687 3 3
 690 3 3
 691 3 3
 698 3 1
 700 3 1
 766 1 1
 768 1 1
 854 1 1
 856 1 1
 900 0 4
 901 0 4
 904 0 4
 905 0 4
 948 0 4
 949 0 4
 952 0 4
 953 0 4
 1018 3 1
 1020 3 1
 1026 3 1
 1028 3 1
 1034 3 1
 1036 3 1
 1042 3 1
 1044 3 1
 1055 0 2
 1057 0 2
 1063 0 2
 1065 0 2
 1103 0 2
 1105 0 2
 1111 0 2
 1113 0 2
 1178 3 3
 1179 3 3
 1182 3 3
 1183 3 3
 1194 3 3
 1195 3 3
 1198 3 3
 1199 3 3
 1242 1 1
 1244 1 1
 1250 1 1
 1252 1 1
 1284 0 4
 1285 0 4
 1288 0 4
 1289 0 4
 1290 1 1
 1292 1 1
 1298 1 1
 1300 1 1
 1300 0 4
 1301 0 4
 1304 0 4
 1305 0 4
 1322 3 3
 1323 3 3
 1326 3 3
 1327 3 3
 1338 3 3
 1339 3 3
 1342 3 3
 1343 3 3
 1375 0 2
 1377 0 2
 1383 0 2
 1385 0 2
 1402 3 3
 1403 3 3
 1406 3 3
 1407 3 3
 1418 3 3
 1419 3 3
 1422 3 3
 1423 0 2
 1423 3 3
 1425 0 2
 1431 0 2
 1433 0 2
 1450 3 3
 1451 3 3
 1454 3 3
 1455 3 3
 1466 3 3
 1467 3 3
 1470 3 3
 1471 3 3
 1567 0 2
 1569 0 2
 1575 0 2
 1577 0 2
 1583 0 2
 1585 0 2
 1591 0 2
 1593 0 2
 1647 0 2
 1649 0 2
 1655 0 2
 1657 0 2
 1663 0 2
 1665 0 2
 1671 0 2
 1673 0 2
 1674 3 3
 1675 3 3
 1678 3 3
 1679 3 3
 1727 0 2
 1729 0 2
 1735 0 2
 1737 0 2
 1775 0 2
 1777 0 2
 1783 0 2
 1785 0 2
 1828 0 4
 1829 0 4
 1832 0 4
 1833 0 4
 1844 0 4
 1845 0 4
 1848 0 4
 1849 0 4
 1983 0 2
 1985 0 2
 1991 0 2
 1993 0 2
 1999 0 2
 2001 0 2
 2007 0 2
 2009 0 2
 2047 0 2
 2049 0 2
 2055 0 2
 2057 0 2
 2063 0 2
 2065 0 2
 2071 0 2
 2073 0 2
 2132 0 4
 2133 0 4
 2136 0 4
 2137 0 4
 2148 0 4
 2149 0 4
 2152 0 4
 2153 0 4
 2164 0 4
 2165 0 4
 2168 0 4
 2169 0 4
 2180 0 4
 2181 0 4
 2184 0 4
 2185 0 4
 