0 0.000000 0.000000 165 
 1 1.000000 0.000000 193 
 2 0.000000 1.000000 199 
 3 1.000000 1.000000 251 
 4 0.041667 0.000000 165 166 
 5 0.083333 0.000000 166 521 
 6 0.125000 0.000000 521 522 
 7 0.166667 0.000000 489 522 
 8 0.208333 0.000000 489 490 
 9 0.250000 0.000000 490 494 
 10 0.291667 0.000000 494 495 
 11 0.333333 0.000000 334 495 
 12 0.375000 0.000000 334 335 
 13 0.416667 0.000000 335 473 
 14 0.458333 0.000000 473 474 
 15 0.500000 0.000000 135 474 
 16 0.541667 0.000000 132 135 
 17 0.583333 0.000000 132 367 
 18 0.625000 0.000000 364 367 
 19 0.666667 0.000000 325 364 
 20 0.708333 0.000000 325 326 
 21 0.750000 0.000000 326 330 
 22 0.791667 0.000000 330 331 
 23 0.833333 0.000000 331 376 
 24 0.875000 0.000000 376 377 
 25 0.916667 0.000000 192 377 
 26 0.958333 0.000000 192 193 
 27 1.000000 0.041667 193 194 
 28 1.000000 0.083333 194 441 
 29 1.000000 0.125000 441 442 
 30 1.000000 0.166667 442 526 
 31 1.000000 0.208333 526 527 
 32 1.000000 0.250000 481 527 
 33 1.000000 0.291667 481 482 
 34 1.000000 0.333333 482 486 
 35 1.000000 0.375000 486 487 
 36 1.000000 0.416667 362 487 
 37 1.000000 0.458333 362 363 
 38 1.000000 0.500000 292 363 
 39 1.000000 0.541667 292 293 
 40 1.000000 0.583333 170 293 
 41 1.000000 0.625000 170 171 
 42 1.000000 0.666667 171 245 
 43 1.000000 0.708333 245 246 
 44 1.000000 0.750000 246 253 
 45 1.000000 0.791667 253 254 
 46 1.000000 0.833333 122 254 
 47 1.000000 0.875000 122 123 
 48 1.000000 0.916667 123 250 
 49 1.000000 0.958333 250 251 
 50 0.958333 1.000000 248 251 
 51 0.916667 1.000000 139 248 
 52 0.875000 1.000000 136 139 
 53 0.833333 1.000000 136 529 
 54 0.791667 1.000000 529 530 
 55 0.750000 1.000000 530 534 
 56 0.708333 1.000000 534 535 
 57 0.666667 1.000000 501 535 
 58 0.625000 1.000000 501 502 
 59 0.583333 1.000000 502 560 
 60 0.541667 1.000000 560 561 
 61 0.500000 1.000000 71 561 
 62 0.458333 1.000000 68 71 
 63 0.416667 1.000000 68 319 
 64 0.375000 1.000000 316 319 
 65 0.333333 1.000000 281 316 
 66 0.291667 1.000000 281 282 
 67 0.250000 1.000000 282 286 
 68 0.208333 1.000000 286 287 
 69 0.166667 1.000000 287 348 
 70 0.125000 1.000000 348 349 
 71 0.083333 1.000000 198 349 
 72 0.041667 1.000000 198 199 
 73 0.000000 0.958333 196 199 
 74 0.000000 0.916667 77 196 
 75 0.000000 0.875000 77 78 
 76 0.000000 0.833333 78 575 
 77 0.000000 0.791667 572 575 
 78 0.000000 0.750000 558 572 
 79 0.000000 0.708333 558 559 
 80 0.000000 0.666667 304 559 
 81 0.000000 0.625000 304 305 
 82 0.000000 0.583333 305 386 
 83 0.000000 0.541667 386 387 
 84 0.000000 0.500000 312 387 
 85 0.000000 0.458333 312 313 
 86 0.000000 0.416667 142 313 
 87 0.000000 0.375000 142 143 
 88 0.000000 0.333333 143 238 
 89 0.000000 0.291667 238 239 
 90 0.000000 0.250000 239 265 
 91 0.000000 0.208333 265 266 
 92 0.000000 0.166667 126 266 
 93 0.000000 0.125000 126 127 
 94 0.000000 0.083333 127 164 
 95 0.000000 0.041667 164 165 
 96 0.083333 0.583331 289 306 385 512 
 97 0.916666 0.499998 118 295 360 429 
 98 0.416666 0.083331 332 472 510 518 
 99 0.583333 0.916665 503 554 563 570 
 100 0.750000 0.083332 39 172 327 329 
 101 0.916666 0.666665 157 168 203 244 
 102 0.250000 0.916665 27 72 283 285 
 103 0.083333 0.333331 140 215 225 237 
 104 0.750000 0.916665 180 531 533 546 
 105 0.250000 0.083332 491 493 506 565 
 106 0.083333 0.833332 79 128 551 574 
 107 0.916667 0.166666 400 443 466 525 
 108 0.916667 0.916666 120 138 249 257 
 109 0.083333 0.083333 3 124 167 520 
 110 0.083333 0.916666 76 131 197 350 
 111 0.083333 0.499998 86 315 384 513 
 112 0.416666 0.916665 69 90 318 453 
 113 0.916666 0.333331 179 338 483 485 
 114 0.583333 0.083331 133 162 366 381 
 115 0.083333 0.249998 46 212 236 264 
 116 0.916666 0.749998 50 200 247 252 
 117 0.083333 0.749998 536 548 557 573 
 118 0.916667 0.083333 195 378 440 465 
 119 0.166666 0.583329 290 422 456 515 
 120 0.833333 0.749997 49 100 191 201 
 121 0.166666 0.249997 23 45 187 213 
 122 0.166666 0.833331 74 129 240 550 
 123 0.333333 0.916665 26 91 280 317 
 124 0.833333 0.166665 174 206 403 467 
 125 0.083333 0.166666 2 47 125 267 
 126 0.666666 0.083331 38 163 324 365 
 127 0.916667 0.833332 51 121 255 256 
 128 0.833333 0.916666 137 183 258 528 
 129 0.916666 0.583331 119 156 169 294 
 130 0.916666 0.416665 339 361 428 484 
 131 0.083333 0.416664 87 141 224 314 
 132 0.500000 0.916665 70 452 562 571 
 133 0.500000 0.083331 134 380 475 519 
 134 0.333333 0.083331 333 492 507 509 
 135 0.083333 0.666665 288 307 537 556 
 136 0.916666 0.249998 178 401 480 524 
 137 0.666666 0.916665 500 532 547 553 
 138 0.166667 0.916666 73 130 284 351 
 139 0.833333 0.083332 173 328 379 464 
 140 0.166667 0.083332 0 488 523 564 
 141 0.499999 0.166662 302 383 389 516 
 142 0.833333 0.416663 211 310 336 431 
 143 0.499999 0.833329 342 455 477 568 
 144 0.166666 0.666663 231 291 421 538 
 145 0.166666 0.166664 1 20 44 567 
 146 0.333333 0.833330 25 88 220 297 
 147 0.750000 0.833330 102 181 540 545 
 148 0.250000 0.833330 24 75 221 243 
 149 0.250000 0.166664 21 352 505 566 
 150 0.666666 0.166663 37 148 160 273 
 151 0.750000 0.166664 36 149 175 205 
 152 0.833333 0.583329 116 159 321 356 
 153 0.166666 0.416662 55 84 216 227 
 154 0.166666 0.499996 54 85 457 514 
 155 0.833333 0.666663 158 190 202 357 
 156 0.166666 0.333330 186 214 217 226 
 157 0.416666 0.166663 388 470 511 517 
 158 0.833333 0.833331 48 101 182 259 
 159 0.583333 0.833329 476 496 555 569 
 160 0.166666 0.749997 230 241 539 549 
 161 0.833333 0.333330 99 176 210 337 
 162 0.833333 0.249997 98 177 207 402 
 163 0.249999 0.583328 105 423 459 462 
 164 0.416666 0.249994 111 391 418 471 
 165 0.583333 0.749995 115 446 479 497 
 166 0.749999 0.416661 56 147 208 309 
 167 0.249999 0.416661 52 154 219 261 
 168 0.666666 0.249995 151 274 405 436 
 169 0.749999 0.583328 322 346 359 415 
 170 0.333333 0.749995 223 298 425 448 
 171 0.749999 0.749996 103 188 277 543 
 172 0.249999 0.333328 155 185 218 268 
 173 0.249999 0.249996 22 184 269 355 
 174 0.416666 0.833329 89 296 343 454 
 175 0.583333 0.166663 161 272 303 382 
 176 0.833333 0.499996 117 311 320 430 
 177 0.749999 0.333328 96 146 209 438 
 178 0.249999 0.666662 104 228 420 450 
 179 0.333333 0.166663 353 469 504 508 
 180 0.666666 0.833330 499 541 544 552 
 181 0.749999 0.249996 97 150 204 437 
 182 0.249999 0.749996 222 229 242 449 
 183 0.416666 0.749994 65 299 340 424 
 184 0.583333 0.249994 41 275 300 404 
 185 0.499999 0.749994 64 341 447 478 
 186 0.749999 0.666662 189 276 347 358 
 187 0.333332 0.416660 92 153 262 369 
 188 0.499999 0.249994 40 301 390 419 
 189 0.749999 0.499994 57 308 323 414 
 190 0.249999 0.499994 53 260 458 463 
 191 0.666666 0.416660 59 144 232 394 
 192 0.666666 0.333327 145 393 406 439 
 193 0.333332 0.583326 106 398 410 461 
 194 0.333333 0.666661 107 409 426 451 
 195 0.666666 0.749995 114 278 498 542 
 196 0.333333 0.333327 93 109 152 271 
 197 0.333333 0.249995 110 270 354 468 
 198 0.583332 0.666660 8 112 434 445 
 199 0.499999 0.666660 9 62 67 444 
 200 0.499999 0.333326 29 43 80 416 
 201 0.416666 0.416659 34 82 95 370 
 202 0.583332 0.416659 17 31 235 395 
 203 0.416666 0.583326 5 60 397 411 
 204 0.583332 0.333327 30 42 392 407 
 205 0.416666 0.666660 63 66 408 427 
 206 0.416666 0.333327 83 94 108 417 
 207 0.333332 0.499993 263 368 399 460 
 208 0.666666 0.499993 58 233 374 413 
 209 0.666666 0.583327 345 375 412 432 
 210 0.666666 0.666661 113 279 344 433 
 211 0.499999 0.583326 4 10 12 61 
 212 0.583332 0.499992 14 18 234 373 
 213 0.583332 0.583326 11 15 372 435 
 214 0.499999 0.416659 16 28 35 81 
 215 0.416666 0.499992 6 33 371 396 
 216 0.499999 0.499992 7 13 19 32 
 217 0.166666 0.124998 0 1 564 567 
 218 0.125000 0.166665 1 2 44 47 
 219 0.083333 0.124999 2 3 124 125 
 220 0.125000 0.083332 0 3 520 523 
 221 0.125000 0.124999 0 1 2 3 
 222 0.458332 0.583326 4 5 60 61 
 223 0.416666 0.541659 5 6 396 397 
 224 0.458332 0.499992 6 7 32 33 
 225 0.499999 0.541659 4 7 12 13 
 226 0.458332 0.541659 4 5 6 7 
 227 0.541666 0.666660 8 9 444 445 
 228 0.499999 0.624993 9 10 61 62 
 229 0.541666 0.583326 10 11 12 15 
 230 0.583332 0.624993 8 11 434 435 
 231 0.541666 0.624993 8 9 10 11 
 232 0.541666 0.499992 13 14 18 19 
 233 0.583332 0.541659 14 15 372 373 
 234 0.541666 0.541659 12 13 14 15 
 235 0.541666 0.416659 16 17 28 31 
 236 0.583332 0.458326 17 18 234 235 
 237 0.499999 0.458326 16 19 32 35 
 238 0.541666 0.458326 16 17 18 19 
 239 0.208333 0.166664 20 21 566 567 
 240 0.250000 0.208330 21 22 352 355 
 241 0.208333 0.249996 22 23 184 187 
 242 0.166666 0.208331 20 23 44 45 
 243 0.208333 0.208330 20 21 22 23 
 244 0.291666 0.833330 24 25 220 221 
 245 0.333333 0.874997 25 26 88 91 
 246 0.291666 0.916665 26 27 280 283 
 247 0.250000 0.874998 24 27 72 75 
 248 0.291666 0.874997 24 25 26 27 
 249 0.499999 0.374993 28 29 80 81 
 250 0.541666 0.333326 29 30 42 43 
 251 0.583332 0.374993 30 31 392 395 
 252 0.541666 0.374993 28 29 30 31 
 253 0.416666 0.458326 33 34 370 371 
 254 0.458332 0.416659 34 35 81 82 
 255 0.458332 0.458326 32 33 34 35 
 256 0.708333 0.166663 36 37 148 149 
 257 0.666666 0.124997 37 38 160 163 
 258 0.708333 0.083332 38 39 324 327 
 259 0.750000 0.124998 36 39 172 175 
 260 0.708333 0.124997 36 37 38 39 
 261 0.541666 0.249994 40 41 300 301 
 262 0.583333 0.291660 41 42 404 407 
 263 0.499999 0.291660 40 43 416 419 
 264 0.541666 0.291660 40 41 42 43 
 265 0.125000 0.249998 45 46 212 213 
 266 0.083333 0.208332 46 47 264 267 
 267 0.125000 0.208331 44 45 46 47 
 268 0.833333 0.791664 48 49 100 101 
 269 0.875000 0.749998 49 50 200 201 
 270 0.916666 0.791665 50 51 252 255 
 271 0.875000 0.833332 48 51 256 259 
 272 0.875000 0.791665 48 49 50 51 
 273 0.249999 0.458327 52 53 260 261 
 274 0.208333 0.499995 53 54 457 458 
 275 0.166666 0.458329 54 55 84 85 
 276 0.208333 0.416662 52 55 216 219 
 277 0.208333 0.458328 52 53 54 55 
 278 0.749999 0.458328 56 57 308 309 
 279 0.708332 0.499994 57 58 413 414 
 280 0.666666 0.458327 58 59 232 233 
 281 0.708333 0.416660 56 59 144 147 
 282 0.708333 0.458327 56 57 58 59 
 283 0.458332 0.666660 62 63 66 67 
 284 0.416666 0.624993 60 63 408 411 
 285 0.458332 0.624993 60 61 62 63 
 286 0.458333 0.749994 64 65 340 341 
 287 0.416666 0.708327 65 66 424 427 
 288 0.499999 0.708327 64 67 444 447 
 289 0.458333 0.708327 64 65 66 67 
 290 0.416667 0.958332 68 69 318 319 
 291 0.458333 0.916665 69 70 452 453 
 292 0.500000 0.958332 70 71 561 562 
 293 0.458333 0.958332 68 69 70 71 
 294 0.208333 0.916665 72 73 284 285 
 295 0.166666 0.874998 73 74 129 130 
 296 0.208333 0.833331 74 75 240 243 
 297 0.208333 0.874998 72 73 74 75 
 298 0.041667 0.916666 76 77 196 197 
 299 0.041667 0.833333 78 79 574 575 
 300 0.083333 0.874999 76 79 128 131 
 301 0.041667 0.875000 76 77 78 79 
 302 0.416666 0.374993 82 83 94 95 
 303 0.458332 0.333326 80 83 416 417 
 304 0.458332 0.374993 80 81 82 83 
 305 0.125000 0.499997 85 86 513 514 
 306 0.083333 0.458331 86 87 314 315 
 307 0.125000 0.416663 84 87 224 227 
 308 0.125000 0.458330 84 85 86 87 
 309 0.374999 0.833330 88 89 296 297 
 310 0.416666 0.874997 89 90 453 454 
 311 0.375000 0.916665 90 91 317 318 
 312 0.375000 0.874997 88 89 90 91 
 313 0.333332 0.374993 92 93 152 153 
 314 0.374999 0.333327 93 94 108 109 
 315 0.374999 0.416659 92 95 369 370 
 316 0.374999 0.374993 92 93 94 95 
 317 0.749999 0.291662 96 97 437 438 
 318 0.791666 0.249996 97 98 204 207 
 319 0.833333 0.291663 98 99 176 177 
 320 0.791666 0.333329 96 99 209 210 
 321 0.791666 0.291663 96 97 98 99 
 322 0.791666 0.833331 101 102 181 182 
 323 0.750000 0.791663 102 103 540 543 
 324 0.791666 0.749997 100 103 188 191 
 325 0.791666 0.791664 100 101 102 103 
 326 0.249999 0.624995 104 105 420 423 
 327 0.291666 0.583327 105 106 461 462 
 328 0.333332 0.624994 106 107 409 410 
 329 0.291666 0.666661 104 107 450 451 
 330 0.291666 0.624994 104 105 106 107 
 331 0.333333 0.291661 109 110 270 271 
 332 0.374999 0.249995 110 111 468 471 
 333 0.416666 0.291660 108 111 417 418 
 334 0.374999 0.291661 108 109 110 111 
 335 0.624999 0.666660 112 113 433 434 
 336 0.666666 0.708328 113 114 278 279 
 337 0.624999 0.749995 114 115 497 498 
 338 0.583333 0.708327 112 115 445 446 
 339 0.624999 0.708328 112 113 114 115 
 340 0.833333 0.541663 116 117 320 321 
 341 0.875000 0.499997 117 118 429 430 
 342 0.916666 0.541665 118 119 294 295 
 343 0.875000 0.583330 116 119 156 159 
 344 0.875000 0.541664 116 117 118 119 
 345 0.916667 0.874999 120 121 256 257 
 346 0.958333 0.833333 121 122 254 255 
 347 0.958333 0.916666 120 123 249 250 
 348 0.958333 0.875000 120 121 122 123 
 349 0.041667 0.166666 125 126 266 267 
 350 0.041667 0.083333 124 127 164 167 
 351 0.041667 0.125000 124 125 126 127 
 352 0.125000 0.833332 128 129 550 551 
 353 0.125000 0.916666 130 131 350 351 
 354 0.125000 0.874999 128 129 130 131 
 355 0.583333 0.041666 132 133 366 367 
 356 0.541666 0.083331 133 134 380 381 
 357 0.500000 0.041666 134 135 474 475 
 358 0.541667 0.041666 132 133 134 135 
 359 0.833333 0.958333 136 137 528 529 
 360 0.875000 0.916666 137 138 257 258 
 361 0.916667 0.958333 138 139 248 249 
 362 0.875000 0.958333 136 137 138 139 
 363 0.083333 0.374998 140 141 224 225 
 364 0.041667 0.416666 141 142 313 314 
 365 0.041667 0.333332 140 143 237 238 
 366 0.041667 0.374999 140 141 142 143 
 367 0.666666 0.374994 144 145 393 394 
 368 0.708333 0.333328 145 146 438 439 
 369 0.749999 0.374995 146 147 208 209 
 370 0.708333 0.374994 144 145 146 147 
 371 0.750000 0.208330 149 150 204 205 
 372 0.708333 0.249995 150 151 436 437 
 373 0.666666 0.208329 148 151 273 274 
 374 0.708333 0.208329 148 149 150 151 
 375 0.291666 0.416660 153 154 261 262 
 376 0.249999 0.374994 154 155 218 219 
 377 0.291666 0.333328 152 155 268 271 
 378 0.291666 0.374994 152 153 154 155 
 379 0.916666 0.624998 156 157 168 169 
 380 0.875000 0.666664 157 158 202 203 
 381 0.833333 0.624996 158 159 356 357 
 382 0.875000 0.624997 156 157 158 159 
 383 0.624999 0.166663 160 161 272 273 
 384 0.583333 0.124997 161 162 381 382 
 385 0.625000 0.083331 162 163 365 366 
 386 0.625000 0.124997 160 161 162 163 
 387 0.083333 0.041666 166 167 520 521 
 388 0.041667 0.041667 164 165 166 167 
 389 0.958333 0.583332 169 170 293 294 
 390 0.958333 0.666666 168 171 244 245 
 391 0.958333 0.624999 168 169 170 171 
 392 0.791666 0.083332 172 173 328 329 
 393 0.833333 0.124998 173 174 464 467 
 394 0.791666 0.166664 174 175 205 206 
 395 0.791666 0.124998 172 173 174 175 
 396 0.875000 0.249998 177 178 401 402 
 397 0.916666 0.291665 178 179 480 483 
 398 0.875000 0.333331 176 179 337 338 
 399 0.875000 0.291664 176 177 178 179 
 400 0.750000 0.874998 180 181 545 546 
 401 0.833333 0.874998 182 183 258 259 
 402 0.791666 0.916665 180 183 528 531 
 403 0.791666 0.874998 180 181 182 183 
 404 0.249999 0.291662 184 185 268 269 
 405 0.208333 0.333329 185 186 217 218 
 406 0.166666 0.291663 186 187 213 214 
 407 0.208333 0.291663 184 185 186 187 
 408 0.749999 0.708329 188 189 276 277 
 409 0.791666 0.666663 189 190 357 358 
 410 0.833333 0.708330 190 191 201 202 
 411 0.791666 0.708330 188 189 190 191 
 412 0.958333 0.083333 194 195 440 441 
 413 0.916667 0.041666 192 195 377 378 
 414 0.958333 0.041667 192 193 194 195 
 415 0.083333 0.958333 197 198 349 350 
 416 0.041667 0.958333 196 197 198 199 
 417 0.916666 0.708332 200 203 244 247 
 418 0.875000 0.708331 200 201 202 203 
 419 0.833333 0.208331 206 207 402 403 
 420 0.791666 0.208330 204 205 206 207 
 421 0.833333 0.374996 210 211 336 337 
 422 0.791666 0.416662 208 211 309 310 
 423 0.791666 0.374995 208 209 210 211 
 424 0.125000 0.333330 214 215 225 226 
 425 0.083333 0.291665 212 215 236 237 
 426 0.125000 0.291664 212 213 214 215 
 427 0.166666 0.374996 216 217 226 227 
 428 0.208333 0.374995 216 217 218 219 
 429 0.250000 0.791663 221 222 242 243 
 430 0.291666 0.749995 222 223 448 449 
 431 0.333333 0.791662 220 223 297 298 
 432 0.291666 0.791663 220 221 222 223 
 433 0.125000 0.374997 224 225 226 227 
 434 0.249999 0.708329 228 229 449 450 
 435 0.208333 0.749996 229 230 241 242 
 436 0.166666 0.708330 230 231 538 539 
 437 0.208333 0.666662 228 231 420 421 
 438 0.208333 0.708329 228 229 230 231 
 439 0.624999 0.499993 233 234 373 374 
 440 0.624999 0.416660 232 235 394 395 
 441 0.624999 0.458326 232 233 234 235 
 442 0.041667 0.249999 236 239 264 265 
 443 0.041667 0.291666 236 237 238 239 
 444 0.166666 0.791664 240 241 549 550 
 445 0.208333 0.791664 240 241 242 243 
 446 0.958333 0.749999 246 247 252 253 
 447 0.958333 0.708332 244 245 246 247 
 448 0.958333 0.958333 248 249 250 251 
 449 0.958333 0.791666 252 253 254 255 
 450 0.875000 0.874999 256 257 258 259 
 451 0.333332 0.458326 262 263 368 369 
 452 0.291666 0.499994 260 263 460 463 
 453 0.291666 0.458327 260 261 262 263 
 454 0.041667 0.208333 264 265 266 267 
 455 0.291666 0.249995 269 270 354 355 
 456 0.291666 0.291661 268 269 270 271 
 457 0.624999 0.249995 274 275 404 405 
 458 0.583333 0.208328 272 275 300 303 
 459 0.624999 0.208329 272 273 274 275 
 460 0.708333 0.749996 277 278 542 543 
 461 0.708333 0.666661 276 279 344 347 
 462 0.708333 0.708328 276 277 278 279 
 463 0.333333 0.958332 280 281 316 317 
 464 0.250000 0.958333 282 283 285 286 
 465 0.291667 0.958332 280 281 282 283 
 466 0.166667 0.958333 284 287 348 351 
 467 0.208333 0.958333 284 285 286 287 
 468 0.083333 0.624998 288 289 306 307 
 469 0.125000 0.583330 289 290 512 515 
 470 0.166666 0.624996 290 291 421 422 
 471 0.125000 0.666664 288 291 537 538 
 472 0.125000 0.624997 288 289 290 291 
 473 0.958333 0.499999 292 295 360 363 
 474 0.958333 0.541666 292 293 294 295 
 475 0.374999 0.749995 298 299 424 425 
 476 0.416666 0.791662 296 299 340 343 
 477 0.374999 0.791662 296 297 298 299 
 478 0.499999 0.208328 301 302 389 390 
 479 0.541666 0.166662 302 303 382 383 
 480 0.541666 0.208328 300 301 302 303 
 481 0.041667 0.583332 305 306 385 386 
 482 0.041667 0.666666 304 307 556 559 
 483 0.041667 0.624999 304 305 306 307 
 484 0.833333 0.458329 310 311 430 431 
 485 0.791666 0.499995 308 311 320 323 
 486 0.791666 0.458328 308 309 310 311 
 487 0.041667 0.499999 312 315 384 387 
 488 0.041667 0.458332 312 313 314 315 
 489 0.375000 0.958332 316 317 318 319 
 490 0.791666 0.583329 321 322 356 359 
 491 0.749999 0.541661 322 323 414 415 
 492 0.791666 0.541662 320 321 322 323 
 493 0.666667 0.041666 324 325 364 365 
 494 0.750000 0.041666 326 327 329 330 
 495 0.708333 0.041666 324 325 326 327 
 496 0.833333 0.041666 328 331 376 379 
 497 0.791667 0.041666 328 329 330 331 
 498 0.375000 0.083331 332 333 509 510 
 499 0.333333 0.041666 333 334 492 495 
 500 0.416667 0.041666 332 335 472 473 
 501 0.375000 0.041666 332 333 334 335 
 502 0.916666 0.374998 338 339 484 485 
 503 0.875000 0.416664 336 339 428 431 
 504 0.875000 0.374997 336 337 338 339 
 505 0.499999 0.791662 341 342 477 478 
 506 0.458333 0.833329 342 343 454 455 
 507 0.458333 0.791662 340 341 342 343 
 508 0.666666 0.624994 344 345 432 433 
 509 0.708333 0.583327 345 346 412 415 
 510 0.749999 0.624995 346 347 358 359 
 511 0.708333 0.624994 344 345 346 347 
 512 0.125000 0.958333 348 349 350 351 
 513 0.291666 0.166663 352 353 504 505 
 514 0.333333 0.208329 353 354 468 469 
 515 0.291666 0.208329 352 353 354 355 
 516 0.791666 0.624996 356 357 358 359 
 517 0.916666 0.458331 360 361 428 429 
 518 0.958333 0.416666 361 362 484 487 
 519 0.958333 0.458332 360 361 362 363 
 520 0.625000 0.041666 364 365 366 367 
 521 0.374999 0.499993 368 371 396 399 
 522 0.374999 0.458326 368 369 370 371 
 523 0.666666 0.541660 374 375 412 413 
 524 0.624999 0.583326 372 375 432 435 
 525 0.624999 0.541660 372 373 374 375 
 526 0.875000 0.083332 378 379 464 465 
 527 0.875000 0.041666 376 377 378 379 
 528 0.500000 0.124997 380 383 516 519 
 529 0.541666 0.124997 380 381 382 383 
 530 0.083333 0.541664 384 385 512 513 
 531 0.041667 0.541666 384 385 386 387 
 532 0.458333 0.166662 388 389 516 517 
 533 0.458333 0.249994 390 391 418 419 
 534 0.416666 0.208328 388 391 470 471 
 535 0.458333 0.208328 388 389 390 391 
 536 0.624999 0.333327 392 393 406 407 
 537 0.624999 0.374993 392 393 394 395 
 538 0.374999 0.583326 397 398 410 411 
 539 0.333332 0.541660 398 399 460 461 
 540 0.374999 0.541659 396 397 398 399 
 541 0.916666 0.208332 400 401 524 525 
 542 0.875000 0.166665 400 403 466 467 
 543 0.875000 0.208331 400 401 402 403 
 544 0.666666 0.291661 405 406 436 439 
 545 0.624999 0.291661 404 405 406 407 
 546 0.374999 0.666660 408 409 426 427 
 547 0.374999 0.624993 408 409 410 411 
 548 0.708333 0.541661 412 413 414 415 
 549 0.458332 0.291660 416 417 418 419 
 550 0.208333 0.583328 422 423 456 459 
 551 0.208333 0.624995 420 421 422 423 
 552 0.333333 0.708328 425 426 448 451 
 553 0.374999 0.708328 424 425 426 427 
 554 0.875000 0.458330 428 429 430 431 
 555 0.624999 0.624993 432 433 434 435 
 556 0.708333 0.291662 436 437 438 439 
 557 0.958333 0.166666 442 443 525 526 
 558 0.916667 0.124999 440 443 465 466 
 559 0.958333 0.125000 440 441 442 443 
 560 0.541666 0.749994 446 447 478 479 
 561 0.541666 0.708327 444 445 446 447 
 562 0.291666 0.708328 448 449 450 451 
 563 0.500000 0.874997 452 455 568 571 
 564 0.458333 0.874997 452 453 454 455 
 565 0.166666 0.541662 456 457 514 515 
 566 0.249999 0.541661 458 459 462 463 
 567 0.208333 0.541662 456 457 458 459 
 568 0.291666 0.541660 460 461 462 463 
 569 0.875000 0.124999 464 465 466 467 
 570 0.374999 0.166663 469 470 508 511 
 571 0.374999 0.208329 468 469 470 471 
 572 0.458333 0.083331 472 475 518 519 
 573 0.458333 0.041666 472 473 474 475 
 574 0.541666 0.833329 476 477 568 569 
 575 0.583333 0.791662 476 479 496 497 
 576 0.541666 0.791662 476 477 478 479 
 577 0.958333 0.249999 480 481 524 527 
 578 0.958333 0.333332 482 483 485 486 
 579 0.958333 0.291666 480 481 482 483 
 580 0.958333 0.374999 484 485 486 487 
 581 0.166667 0.041666 488 489 522 523 
 582 0.250000 0.041666 490 491 493 494 
 583 0.208333 0.083332 488 491 564 565 
 584 0.208333 0.041666 488 489 490 491 
 585 0.291666 0.083332 492 493 506 507 
 586 0.291667 0.041666 492 493 494 495 
 587 0.666666 0.791663 498 499 541 542 
 588 0.625000 0.833330 496 499 552 555 
 589 0.624999 0.791662 496 497 498 499 
 590 0.666667 0.958332 500 501 532 535 
 591 0.583333 0.958332 502 503 560 563 
 592 0.625000 0.916665 500 503 553 554 
 593 0.625000 0.958332 500 501 502 503 
 594 0.250000 0.124998 505 506 565 566 
 595 0.333333 0.124997 504 507 508 509 
 596 0.291666 0.124997 504 505 506 507 
 597 0.416666 0.124997 510 511 517 518 
 598 0.375000 0.124997 508 509 510 511 
 599 0.125000 0.541663 512 513 514 515 
 600 0.458333 0.124997 516 517 518 519 
 601 0.125000 0.041666 520 521 522 523 
 602 0.958333 0.208333 524 525 526 527 
 603 0.750000 0.958333 530 531 533 534 
 604 0.791667 0.958333 528 529 530 531 
 605 0.708333 0.916665 532 533 546 547 
 606 0.708333 0.958333 532 533 534 535 
 607 0.083333 0.708332 536 537 556 557 
 608 0.125000 0.749998 536 539 548 549 
 609 0.125000 0.708331 536 537 538 539 
 610 0.708333 0.833330 540 541 544 545 
 611 0.708333 0.791663 540 541 542 543 
 612 0.666666 0.874997 544 547 552 553 
 613 0.708333 0.874998 544 545 546 547 
 614 0.083333 0.791665 548 551 573 574 
 615 0.125000 0.791665 548 549 550 551 
 616 0.583333 0.874997 554 555 569 570 
 617 0.625000 0.874997 552 553 554 555 
 618 0.041667 0.749999 557 558 572 573 
 619 0.041667 0.708332 556 557 558 559 
 620 0.541666 0.916665 562 563 570 571 
 621 0.541667 0.958332 560 561 562 563 
 622 0.208333 0.124998 564 565 566 567 
 623 0.541666 0.874997 568 569 570 571 
 624 0.041667 0.791666 572 573 574 575 
 