81 1 3
 82 1 3
 83 2 2
 86 2 2
 96 1 3
 97 2 2
 97 1 3
 98 2 2
 104 2 4
 105 3 1
 105 2 4
 106 3 1
 125 1 3
 131 1 3
 132 1 3
 146 2 2
 147 2 2
 148 2 4
 149 2 4
 152 2 4
 153 2 4
 165 2 4
 168 2 4
 177 2 4
 178 2 4
 214 3 1
 215 3 1
 234 2 2
 235 2 2
 242 2 4
 243 2 4
 247 2 4
 248 2 4
 263 2 2
 264 2 2
 414 1 1
 416 1 1
 502 3 1
 504 3 1
 506 3 1
 508 3 1
 554 1 1
 556 1 1
 594 1 1
 596 1 1
 634 3 1
 636 3 1
 678 1 3
 679 1 3
 802 1 3
 803 1 3
 986 3 1
 988 3 1
 1026 1 1
 1028 1 1
 1030 1 1
 1032 1 1
 1034 1 1
 1036 1 1
 1046 1 1
 1048 1 1
 1068 0 4
 1069 0 4
 1088 0 4
 1089 0 4
 1092 0 4
 1093 0 4
 1206 3 3
 1207 3 3
 1210 3 3
 1211 3 3
 1222 3 3
 1223 3 3
 1226 3 3
 1227 3 3
 1262 1 1
 1264 1 1
 1310 3 3
 1311 3 3
 1410 3 3
 1411 3 3
 1414 3 3
 1415 3 3
 1591 0 2
 1593 0 2
 1599 0 2
 1601 0 2
 1607 0 2
 1609 0 2
 1611 0 2
 1613 0 2
 1659 0 2
 1661 0 2
 1720 0 4
 1721 0 4
 1724 0 4
 1725 0 4
 1736 0 4
 1737 0 4
 1740 0 4
 1741 0 4
 1808 0 4
 1809 0 4
 1812 0 4
 1813 0 4
 1816 0 4
 1817 0 4
 1820 0 4
 1821 0 4
 1902 1 3
 1903 1 3
 1906 1 3
 1907 1 3
 1918 1 1
 1920 1 1
 1926 1 1
 1928 1 1
 1982 3 3
 1983 3 3
 1986 3 3
 1987 3 3
 1998 1 3
 1999 1 3
 2002 1 3
 2003 1 3
 2014 1 3
 2015 1 3
 2018 1 3
 2019 1 3
 2078 3 1
 2080 3 1
 2086 3 1
 2088 3 1
 2094 3 1
 2096 3 1
 2102 3 1
 2104 3 1
 2110 1 1
 2112 1 1
 2118 1 1
 2120 1 1
 2126 1 1
 2128 1 1
 2134 1 1
 2136 1 1
 2142 3 3
 2143 3 3
 2146 3 3
 2147 3 3
 2158 3 3
 2159 3 3
 2162 3 3
 2163 3 3
 2216 0 4
 2217 0 4
 2220 0 4
 2221 0 4
 2382 3 1
 2384 3 1
 2390 3 1
 2392 3 1
 2414 3 1
 2416 3 1
 2422 3 1
 2424 3 1
 2446 3 1
 2448 3 1
 2454 3 1
 2456 3 1
 2478 3 1
 2480 3 1
 2486 3 1
 2488 3 1
 2531 0 2
 2533 0 2
 2539 0 2
 2541 0 2
 2563 0 2
 2565 0 2
 2571 0 2
 2573 0 2
 2595 0 2
 2597 0 2
 2603 0 2
 2605 0 2
 2627 0 2
 2629 0 2
 2635 0 2
 2637 0 2
 2798 1 1
 2800 1 1
 2806 1 1
 2808 1 1
 2904 0 4
 2905 0 4
 2908 0 4
 2909 0 4
 2920 0 4
 2921 0 4
 2924 0 4
 2925 0 4
 2926 1 1
 2928 1 1
 2934 1 1
 2936 1 1
 2958 1 1
 2960 1 1
 2966 1 1
 2968 1 1
 2968 0 4
 2969 0 4
 2972 0 4
 2973 0 4
 2984 0 4
 2985 0 4
 2988 0 4
 2989 0 4
 3054 3 3
 3055 3 3
 3058 3 3
 3059 3 3
 3102 3 3
 3103 3 3
 3106 3 3
 3107 3 3
 3118 3 3
 3119 3 3
 3122 3 3
 3123 3 3
 3251 0 2
 3253 0 2
 3259 0 2
 3261 0 2
 3283 0 2
 3285 0 2
 3291 0 2
 3293 0 2
 3342 3 3
 3343 3 3
 3346 3 3
 3347 3 3
 3358 3 3
 3359 3 3
 3362 3 3
 3363 3 3
 3406 3 3
 3407 3 3
 3410 3 3
 3411 3 3
 3422 3 3
 3423 3 3
 3426 3 3
 3427 0 2
 3427 3 3
 3429 0 2
 3435 0 2
 3437 0 2
 3459 0 2
 3461 0 2
 3467 0 2
 3469 0 2
 3518 3 3
 3519 3 3
 3522 3 3
 3523 3 3
 3534 3 3
 3535 3 3
 3538 3 3
 3539 3 3
 3582 3 3
 3583 3 3
 3586 3 3
 3587 3 3
 3598 3 3
 3599 3 3
 3602 3 3
 3603 3 3
 3731 0 2
 3733 0 2
 3739 0 2
 3741 0 2
 3763 0 2
 3765 0 2
 3771 0 2
 3773 0 2
 3795 0 2
 3797 0 2
 3803 0 2
 3805 0 2
 3827 0 2
 3829 0 2
 3835 0 2
 3837 0 2
 3955 0 2
 3957 0 2
 3963 0 2
 3965 0 2
 3987 0 2
 3989 0 2
 3995 0 2
 3997 0 2
 4019 0 2
 4021 0 2
 4027 0 2
 4029 0 2
 4051 0 2
 4053 0 2
 4059 0 2
 4061 0 2
 4083 0 2
 4085 0 2
 4091 0 2
 4093 0 2
 4115 0 2
 4117 0 2
 4123 0 2
 4125 0 2
 4211 0 2
 4213 0 2
 4219 0 2
 4221 0 2
 4243 0 2
 4245 0 2
 4251 0 2
 4253 0 2
 4296 0 4
 4297 0 4
 4300 0 4
 4301 0 4
 4312 0 4
 4313 0 4
 4316 0 4
 4317 0 4
 4360 0 4
 4361 0 4
 4364 0 4
 4365 0 4
 4376 0 4
 4377 0 4
 4380 0 4
 4381 0 4
 4483 0 2
 4485 0 2
 4491 0 2
 4493 0 2
 4499 0 2
 4501 0 2
 4507 0 2
 4509 0 2
 4515 0 2
 4517 0 2
 4523 0 2
 4525 0 2
 