80 1 2 134 92 93
81 1 2 136 93 94
82 2 1 16 16 17
85 2 1 15 15 16
96 1 2 138 94 95
97 2 1 0 0 4
97 1 2 140 95 0
98 2 1 4 4 5
101 2 3 25 26 25
102 3 0 26 27 1
102 2 3 1 1 26
103 3 0 28 28 27
122 1 2 128 89 90
129 1 2 130 90 91
130 1 2 132 91 92
145 2 1 19 19 20
146 2 1 20 20 21
147 2 3 21 22 21
148 2 3 22 23 22
151 2 3 11 12 11
152 2 3 12 13 12
163 2 3 18 19 18
166 2 3 17 18 17
175 2 3 23 24 23
176 2 3 24 25 24
216 3 0 30 29 28
217 3 0 32 30 29
239 2 1 13 13 14
240 2 1 14 14 15
246 2 3 7 8 7
247 2 3 8 9 8
251 2 3 9 10 9
252 2 3 10 11 10
267 2 1 5 5 6
268 2 1 6 6 7
309 1 2 1330 74 690
310 1 2 1331 690 75
365 1 0 1362 88 706
367 1 0 1363 706 87
441 1 0 1338 82 694
443 1 0 1339 694 81
509 3 0 1210 33 630
511 3 0 1211 630 32
525 3 0 1206 32 628
527 3 0 1207 628 31
609 1 0 2748 81 1222
611 1 0 2749 1222 80
685 1 0 2744 80 1220
687 1 0 2745 1220 79
725 1 2 5864 75 2413
726 1 2 5865 2413 76
857 1 2 5878 88 2420
858 1 2 5879 2420 89
993 3 0 5862 31 2412
995 3 0 5863 2412 30
1017 1 0 5876 79 2419
1019 1 0 5877 2419 78
1021 1 0 5872 78 2417
1023 1 0 5873 2417 77
1033 1 0 5868 77 2415
1035 1 0 5869 2415 76
1205 3 2 2900 40 1298
1206 3 2 2901 1298 645
1209 3 2 2902 645 1299
1210 3 2 2903 1299 41
1213 3 2 2908 41 1302
1214 3 2 2909 1302 647
1217 3 2 2910 647 1303
1218 3 2 2911 1303 42
1253 1 0 3076 74 1386
1255 1 0 3077 1386 689
1385 3 2 2892 39 1294
1386 3 2 2893 1294 643
1389 3 2 2894 643 1295
1390 3 2 2895 1295 40
1562 0 1 3008 57 1352
1564 0 1 3009 1352 672
1566 0 1 3010 672 1353
1568 0 1 3011 1353 58
1570 0 1 3012 58 1354
1572 0 1 3013 1354 673
1574 0 1 3014 673 1355
1576 0 1 3015 1355 59
1675 0 3 3000 56 1348
1676 0 3 3001 1348 670
1679 0 3 3002 670 1349
1680 0 3 3003 1349 55
1691 0 3 3004 57 1350
1692 0 3 3005 1350 671
1695 0 3 3006 671 1351
1696 0 3 3007 1351 56
1699 0 3 3016 60 1356
1700 0 3 3017 1356 674
1703 0 3 3018 674 1357
1704 0 3 3019 1357 59
1707 0 3 3022 675 1359
1708 0 3 3023 1359 60
1741 1 0 6316 87 2639
1743 1 0 6317 2639 704
1749 1 0 6318 704 2640
1751 1 0 6319 2640 86
1821 3 2 6272 38 2617
1822 3 2 6273 2617 641
1825 3 2 6274 641 2618
1826 3 2 6275 2618 39
1837 1 2 6296 84 2629
1838 1 2 6297 2629 699
1841 1 2 6298 699 2630
1842 1 2 6299 2630 85
1853 1 2 6304 85 2633
1854 1 2 6305 2633 701
1857 1 2 6306 701 2634
1858 1 2 6307 2634 86
1901 3 0 6260 37 2611
1903 3 0 6261 2611 638
1909 3 0 6262 638 2612
1911 3 0 6263 2612 36
1917 3 0 6268 38 2615
1919 3 0 6269 2615 640
1925 3 0 6270 640 2616
1927 3 0 6271 2616 37
1965 1 0 6284 83 2623
1967 1 0 6285 2623 696
1973 1 0 6286 696 2624
1975 1 0 6287 2624 82
1981 1 0 6292 84 2627
1983 1 0 6293 2627 698
1989 1 0 6294 698 2628
1991 1 0 6295 2628 83
2013 3 0 6236 34 2599
2015 3 0 6237 2599 632
2021 3 0 6238 632 2600
2023 3 0 6239 2600 33
2045 3 2 6240 34 2601
2046 3 2 6241 2601 633
2049 3 2 6242 633 2602
2050 3 2 6243 2602 35
2061 3 2 6248 35 2605
2062 3 2 6249 2605 635
2065 3 2 6250 635 2606
2066 3 2 6251 2606 36
2119 0 3 6836 63 2899
2120 0 3 6837 2899 1362
2123 0 3 6838 1362 2900
2124 0 3 6839 2900 677
2135 0 3 6840 677 2901
2136 0 3 6841 2901 1363
2139 0 3 6842 1363 2902
2140 0 3 6843 2902 62
2247 0 3 6828 62 2895
2248 0 3 6829 2895 1360
2251 0 3 6830 1360 2896
2252 0 3 6831 2896 676
2263 0 3 6832 676 2897
2264 0 3 6833 2897 1361
2267 0 3 6834 1361 2898
2268 0 3 6835 2898 61
2301 3 0 6728 47 2845
2303 3 0 6729 2845 1324
2309 3 0 6730 1324 2846
2311 3 0 6731 2846 658
2333 3 0 6732 658 2847
2335 3 0 6733 2847 1325
2341 3 0 6734 1325 2848
2343 3 0 6735 2848 46
2365 3 0 6744 48 2853
2367 3 0 6745 2853 1328
2373 3 0 6746 1328 2854
2375 3 0 6747 2854 660
2397 3 0 6748 660 2855
2399 3 0 6749 2855 1329
2405 3 0 6750 1329 2856
2407 3 0 6751 2856 47
2450 0 1 6800 52 2881
2452 0 1 6801 2881 1342
2458 0 1 6802 1342 2882
2460 0 1 6803 2882 667
2482 0 1 6804 667 2883
2484 0 1 6805 2883 1343
2490 0 1 6806 1343 2884
2492 0 1 6807 2884 53
2514 0 1 6792 51 2877
2516 0 1 6793 2877 1340
2522 0 1 6794 1340 2878
2524 0 1 6795 2878 666
2546 0 1 6796 666 2879
2548 0 1 6797 2879 1341
2554 0 1 6798 1341 2880
2556 0 1 6799 2880 52
2749 1 0 6932 689 2947
2751 1 0 6933 2947 1387
2757 1 0 6934 1387 2948
2759 1 0 6935 2948 73
2839 0 3 6908 72 2935
2840 0 3 6909 2935 1380
2843 0 3 6910 1380 2936
2844 0 3 6911 2936 686
2855 0 3 6912 686 2937
2856 0 3 6913 2937 1381
2859 0 3 6914 1381 2938
2860 0 3 6915 2938 71
2861 1 0 6916 73 2939
2863 1 0 6917 2939 1382
2869 1 0 6918 1382 2940
2871 1 0 6919 2940 687
2893 1 0 6920 687 2941
2895 1 0 6921 2941 1383
2901 1 0 6922 1383 2942
2903 1 0 6923 2942 2
2903 0 3 6632 2 2797
2904 0 3 6633 2797 1290
2907 0 3 6634 1290 2798
2908 0 3 6635 2798 625
2919 0 3 6636 625 2799
2920 0 3 6637 2799 1291
2923 0 3 6638 1291 2800
2924 0 3 6639 2800 72
2973 3 2 6656 42 2809
2974 3 2 6657 2809 1306
2977 3 2 6658 1306 2810
2978 3 2 6659 2810 649
2989 3 2 6660 649 2811
2990 3 2 6661 2811 1307
2993 3 2 6662 1307 2812
2994 3 2 6663 2812 43
3037 3 2 6672 43 2817
3038 3 2 6673 2817 1310
3041 3 2 6674 1310 2818
3042 3 2 6675 2818 651
3053 3 2 6676 651 2819
3054 3 2 6677 2819 1311
3057 3 2 6678 1311 2820
3058 3 2 6679 2820 44
3154 0 1 6784 50 2873
3156 0 1 6785 2873 1338
3162 0 1 6786 1338 2874
3164 0 1 6787 2874 665
3186 0 1 6788 665 2875
3188 0 1 6789 2875 1339
3194 0 1 6790 1339 2876
3196 0 1 6791 2876 51
3245 3 2 6752 48 2857
3246 3 2 6753 2857 1330
3249 3 2 6754 1330 2858
3250 3 2 6755 2858 661
3261 3 2 6756 661 2859
3262 3 2 6757 2859 1331
3265 3 2 6758 1331 2860
3266 3 2 6759 2860 49
3309 3 2 6768 49 2865
3310 3 2 6769 2865 1334
3313 3 2 6770 1334 2866
3314 3 2 6771 2866 663
3325 3 2 6772 663 2867
3326 3 2 6773 2867 1335
3329 3 2 6774 1335 2868
3330 0 1 6640 3 2801
3330 3 2 6775 2868 3
3332 0 1 6641 2801 1292
3338 0 1 6642 1292 2802
3340 0 1 6643 2802 626
3362 0 1 6644 626 2803
3364 0 1 6645 2803 1293
3370 0 1 6646 1293 2804
3372 0 1 6647 2804 50
3405 3 2 6688 44 2825
3406 3 2 6689 2825 1314
3409 3 2 6690 1314 2826
3410 3 2 6691 2826 653
3421 3 2 6692 653 2827
3422 3 2 6693 2827 1315
3425 3 2 6694 1315 2828
3426 3 2 6695 2828 45
3469 3 2 6704 45 2833
3470 3 2 6705 2833 1318
3473 3 2 6706 1318 2834
3474 3 2 6707 2834 655
3485 3 2 6708 655 2835
3486 3 2 6709 2835 1319
3489 3 2 6710 1319 2836
3490 3 2 6711 2836 46
3618 0 1 6860 65 2911
3620 0 1 6861 2911 1368
3626 0 1 6862 1368 2912
3628 0 1 6863 2912 680
3650 0 1 6864 680 2913
3652 0 1 6865 2913 1369
3658 0 1 6866 1369 2914
3660 0 1 6867 2914 66
3682 0 1 6868 66 2915
3684 0 1 6869 2915 1370
3690 0 1 6870 1370 2916
3692 0 1 6871 2916 681
3714 0 1 6872 681 2917
3716 0 1 6873 2917 1371
3722 0 1 6874 1371 2918
3724 0 1 6875 2918 67
3842 0 1 6876 67 2919
3844 0 1 6877 2919 1372
3850 0 1 6878 1372 2920
3852 0 1 6879 2920 682
3874 0 1 6880 682 2921
3876 0 1 6881 2921 1373
3882 0 1 6882 1373 2922
3884 0 1 6883 2922 68
3906 0 1 6884 68 2923
3908 0 1 6885 2923 1374
3914 0 1 6886 1374 2924
3916 0 1 6887 2924 683
3938 0 1 6888 683 2925
3940 0 1 6889 2925 1375
3946 0 1 6890 1375 2926
3948 0 1 6891 2926 69
4034 0 1 6852 64 2907
4036 0 1 6853 2907 1366
4042 0 1 6854 1366 2908
4044 0 1 6855 2908 679
4066 0 1 6856 679 2909
4068 0 1 6857 2909 1367
4074 0 1 6858 1367 2910
4076 0 1 6859 2910 65
4162 0 1 6844 63 2903
4164 0 1 6845 2903 1364
4170 0 1 6846 1364 2904
4172 0 1 6847 2904 678
4194 0 1 6848 678 2905
4196 0 1 6849 2905 1365
4202 0 1 6850 1365 2906
4204 0 1 6851 2906 64
4247 0 3 6892 70 2927
4248 0 3 6893 2927 1376
4251 0 3 6894 1376 2928
4252 0 3 6895 2928 684
4263 0 3 6896 684 2929
4264 0 3 6897 2929 1377
4267 0 3 6898 1377 2930
4268 0 3 6899 2930 69
4311 0 3 6900 71 2931
4312 0 3 6901 2931 1378
4315 0 3 6902 1378 2932
4316 0 3 6903 2932 685
4327 0 3 6904 685 2933
4328 0 3 6905 2933 1379
4331 0 3 6906 1379 2934
4332 0 3 6907 2934 70
4498 0 1 6808 53 2885
4500 0 1 6809 2885 1344
4506 0 1 6810 1344 2886
4508 0 1 6811 2886 668
4514 0 1 6812 668 2887
4516 0 1 6813 2887 1345
4522 0 1 6814 1345 2888
4524 0 1 6815 2888 54
4530 0 1 6816 54 2889
4532 0 1 6817 2889 1346
4538 0 1 6818 1346 2890
4540 0 1 6819 2890 669
4546 0 1 6820 669 2891
4548 0 1 6821 2891 1347
4554 0 1 6822 1347 2892
4556 0 1 6823 2892 55
4631 0 3 6824 61 2893
4632 0 3 6825 2893 1358
4635 0 3 6826 1358 2894
4636 0 3 6827 2894 675
