61 2 2
 64 2 2
 83 2 4
 84 2 4
 139 2 2
 140 2 2
 322 3 1
 324 3 1
 362 1 3
 363 1 3
 654 3 1
 656 3 1
 690 1 1
 692 1 1
 694 1 1
 696 1 1
 698 1 1
 700 1 1
 710 1 1
 712 1 1
 794 1 3
 795 1 3
 798 1 3
 799 1 3
 834 1 3
 835 1 3
 838 1 3
 839 2 2
 839 1 3
 841 2 2
 843 2 2
 845 2 2
 860 2 4
 861 2 4
 862 3 1
 864 3 1
 864 2 4
 865 2 4
 866 3 1
 868 3 1
 926 1 3
 927 1 3
 938 1 3
 939 1 3
 942 1 3
 943 1 3
 975 2 2
 977 2 2
 979 2 2
 981 2 2
 984 2 4
 985 2 4
 988 2 4
 989 2 4
 1000 2 4
 1001 2 4
 1012 2 4
 1013 2 4
 1016 2 4
 1017 2 4
 1020 2 4
 1021 2 4
 1058 3 1
 1060 3 1
 1062 3 1
 1064 3 1
 1100 2 4
 1101 2 4
 1104 2 4
 1105 2 4
 1120 2 4
 1121 2 4
 1124 2 4
 1125 2 4
 1167 2 2
 1169 2 2
 1171 2 2
 1173 2 2
 1228 0 4
 1229 0 4
 1282 3 3
 1283 3 3
 1286 3 3
 1287 3 3
 1290 3 3
 1291 3 3
 1294 3 3
 1295 3 3
 1454 3 3
 1455 3 3
 1458 3 3
 1459 3 3
 1575 0 2
 1577 0 2
 1676 0 4
 1677 0 4
 1680 0 4
 1681 0 4
 1684 0 4
 1685 0 4
 1688 0 4
 1689 0 4
 1770 1 3
 1771 1 3
 1774 1 3
 1775 1 3
 1786 1 1
 1788 1 1
 1794 1 1
 1796 1 1
 1850 3 3
 1851 3 3
 1854 3 3
 1855 3 3
 1866 1 3
 1867 1 3
 1870 1 3
 1871 1 3
 1882 1 3
 1883 1 3
 1886 1 3
 1887 1 3
 1946 3 1
 1948 3 1
 1954 3 1
 1956 3 1
 1962 3 1
 1964 3 1
 1970 3 1
 1972 3 1
 1978 1 1
 1980 1 1
 1986 1 1
 1988 1 1
 1994 1 1
 1996 1 1
 2002 1 1
 2004 1 1
 2010 3 3
 2011 3 3
 2014 3 3
 2015 3 3
 2026 3 3
 2027 3 3
 2030 3 3
 2031 3 3
 2314 1 1
 2316 1 1
 2322 1 1
 2324 1 1
 2538 3 1
 2540 3 1
 2546 3 1
 2548 3 1
 2554 3 1
 2556 3 1
 2562 3 1
 2564 3 1
 2650 1 1
 2652 1 1
 2658 1 1
 2660 1 1
 2778 1 1
 2780 1 1
 2786 1 1
 2788 1 1
 2842 1 3
 2843 1 3
 2846 1 3
 2847 1 3
 2948 0 4
 2949 0 4
 2952 0 4
 2953 0 4
 3151 0 2
 3153 0 2
 3346 1 1
 3348 1 1
 3466 3 3
 3467 3 3
 3470 3 3
 3471 3 3
 3514 3 3
 3515 3 3
 3518 3 3
 3519 3 3
 3530 3 3
 3531 3 3
 3534 3 3
 3535 3 3
 3706 3 3
 3707 3 3
 3710 3 3
 3711 3 3
 3718 3 3
 3719 3 3
 3775 0 2
 3777 0 2
 3779 0 2
 3781 0 2
 3783 0 2
 3785 0 2
 3787 0 2
 3789 0 2
 3791 0 2
 3793 0 2
 3795 0 2
 3797 0 2
 3799 0 2
 3801 0 2
 3803 0 2
 3805 0 2
 3875 0 2
 3877 0 2
 3879 0 2
 3881 0 2
 3883 0 2
 3885 0 2
 3907 0 2
 3909 0 2
 3915 0 2
 3917 0 2
 3927 0 2
 3929 0 2
 3935 0 2
 3937 0 2
 4023 0 2
 4025 0 2
 4031 0 2
 4033 0 2
 4055 0 2
 4057 0 2
 4063 0 2
 4065 0 2
 4135 0 2
 4137 0 2
 4143 0 2
 4145 0 2
 4151 0 2
 4153 0 2
 4159 0 2
 4161 0 2
 4167 0 2
 4169 0 2
 4175 0 2
 4177 0 2
 4316 0 4
 4317 0 4
 4320 0 4
 4321 0 4
 4332 0 4
 4333 0 4
 4336 0 4
 4337 0 4
 4610 1 1
 4612 1 1
 4618 1 1
 4620 1 1
 4642 3 3
 4643 3 3
 4646 3 3
 4647 3 3
 4951 0 2
 4953 0 2
 4959 0 2
 4961 0 2
 4983 0 2
 4985 0 2
 4991 0 2
 4993 0 2
 5015 0 2
 5017 0 2
 5023 0 2
 5025 0 2
 5159 0 2
 5161 0 2
 5167 0 2
 5169 0 2
 5324 0 4
 5325 0 4
 5328 0 4
 5329 0 4
 5340 0 4
 5341 0 4
 5344 0 4
 5345 0 4
 5388 0 4
 5389 0 4
 5392 0 4
 5393 0 4
 5404 0 4
 5405 0 4
 5408 0 4
 5409 0 4
 5458 3 1
 5460 3 1
 5466 3 1
 5468 3 1
 5490 3 1
 5492 3 1
 5498 3 1
 5500 3 1
 5586 3 1
 5588 3 1
 5594 3 1
 5596 3 1
 5618 3 1
 5620 3 1
 5626 3 1
 5628 3 1
 5714 3 1
 5716 3 1
 5722 3 1
 5724 3 1
 5746 3 1
 5748 3 1
 5754 3 1
 5756 3 1
 5842 3 1
 5844 3 1
 5850 3 1
 5852 3 1
 5874 3 1
 5876 3 1
 5882 3 1
 5884 3 1
 5975 0 2
 5977 0 2
 5983 0 2
 5985 0 2
 5991 0 2
 5993 0 2
 5999 0 2
 6001 0 2
 6007 0 2
 6009 0 2
 6015 0 2
 6017 0 2
 6039 0 2
 6041 0 2
 6047 0 2
 6049 0 2
 6071 0 2
 6073 0 2
 6079 0 2
 6081 0 2
 6103 0 2
 6105 0 2
 6111 0 2
 6113 0 2
 6135 0 2
 6137 0 2
 6143 0 2
 6145 0 2
 6146 1 1
 6148 1 1
 6154 1 1
 6156 1 1
 6348 0 4
 6349 0 4
 6352 0 4
 6353 0 4
 6364 0 4
 6365 0 4
 6368 0 4
 6369 0 4
 6412 0 4
 6413 0 4
 6416 0 4
 6417 0 4
 6428 0 4
 6429 0 4
 6432 0 4
 6433 0 4
 6434 1 1
 6436 1 1
 6442 1 1
 6444 1 1
 6466 1 1
 6468 1 1
 6474 1 1
 6476 1 1
 6562 1 1
 6564 1 1
 6570 1 1
 6572 1 1
 6594 1 1
 6596 1 1
 6602 1 1
 6604 1 1
 6604 0 4
 6605 0 4
 6608 0 4
 6609 0 4
 6620 0 4
 6621 0 4
 6624 0 4
 6625 0 4
 6668 0 4
 6669 0 4
 6672 0 4
 6673 0 4
 6684 0 4
 6685 0 4
 6688 0 4
 6689 0 4
 6887 0 2
 6889 0 2
 6895 0 2
 6897 0 2
 6919 0 2
 6921 0 2
 6927 0 2
 6929 0 2
 6967 0 2
 6969 0 2
 6975 0 2
 6977 0 2
 6999 0 2
 7001 0 2
 7007 0 2
 7009 0 2
 7026 3 3
 7027 3 3
 7030 3 3
 7031 3 3
 7042 3 3
 7043 3 3
 7046 3 3
 7047 3 3
 7090 3 3
 7091 3 3
 7094 3 3
 7095 3 3
 7106 3 3
 7107 3 3
 7110 3 3
 7111 3 3
 7266 3 3
 7267 3 3
 7270 3 3
 7271 3 3
 7282 3 3
 7283 3 3
 7286 3 3
 7287 3 3
 7330 3 3
 7331 3 3
 7334 3 3
 7335 3 3
 7346 3 3
 7347 3 3
 7350 3 3
 7351 0 2
 7351 3 3
 7353 0 2
 7359 0 2
 7361 0 2
 7383 0 2
 7385 0 2
 7391 0 2
 7393 0 2
 7479 0 2
 7481 0 2
 7487 0 2
 7489 0 2
 7511 0 2
 7513 0 2
 7519 0 2
 7521 0 2
 7602 3 3
 7603 3 3
 7606 3 3
 7607 3 3
 7778 3 3
 7779 3 3
 7782 3 3
 7783 3 3
 7794 3 3
 7795 3 3
 7798 3 3
 7799 3 3
 7842 3 3
 7843 3 3
 7846 3 3
 7847 3 3
 7858 3 3
 7859 3 3
 7862 3 3
 7863 3 3
 8775 0 2
 8777 0 2
 8783 0 2
 8785 0 2
 8871 0 2
 8873 0 2
 8879 0 2
 8881 0 2
 8903 0 2
 8905 0 2
 8911 0 2
 8913 0 2
 8999 0 2
 9001 0 2
 9007 0 2
 9009 0 2
 9031 0 2
 9033 0 2
 9039 0 2
 9041 0 2
 9260 0 4
 9261 0 4
 9264 0 4
 9265 0 4
 9276 0 4
 9277 0 4
 9280 0 4
 9281 0 4
 9324 0 4
 9325 0 4
 9328 0 4
 9329 0 4
 9340 0 4
 9341 0 4
 9344 0 4
 9345 0 4
 9516 0 4
 9517 0 4
 9520 0 4
 9521 0 4
 9532 0 4
 9533 0 4
 9536 0 4
 9537 0 4
 9580 0 4
 9581 0 4
 9584 0 4
 9585 0 4
 9596 0 4
 9597 0 4
 9600 0 4
 9601 0 4
 