92 2 4
 157 2 2
 277 3 1
 279 3 1
 353 1 1
 355 1 1
 393 1 3
 394 1 3
 645 3 1
 647 3 1
 669 1 1
 671 1 1
 673 1 1
 675 1 1
 685 1 1
 687 1 1
 765 1 3
 766 1 3
 769 1 3
 770 1 3
 774 2 2
 776 2 2
 786 2 2
 788 2 2
 801 1 3
 802 1 3
 805 1 3
 806 2 2
 806 1 3
 808 2 2
 810 2 2
 812 2 2
 815 2 4
 816 2 4
 817 3 1
 819 3 1
 819 2 4
 820 2 4
 821 3 1
 823 3 1
 877 1 3
 878 1 3
 889 1 3
 890 1 3
 893 1 3
 894 1 3
 910 2 2
 912 2 2
 914 2 2
 916 2 2
 919 2 4
 920 2 4
 923 2 4
 924 2 4
 931 2 4
 932 2 4
 935 2 4
 936 2 4
 947 2 4
 948 2 4
 951 2 4
 952 2 4
 955 2 4
 956 2 4
 993 3 1
 995 3 1
 997 3 1
 999 3 1
 1026 2 2
 1028 2 2
 1035 2 4
 1036 2 4
 1039 2 4
 1040 2 4
 1055 2 4
 1056 2 4
 1059 2 4
 1060 2 4
 1098 2 2
 1100 2 2
 1102 2 2
 1104 2 2
 1237 3 3
 1238 3 3
 1241 3 3
 1242 3 3
 1245 3 3
 1246 3 3
 1393 3 3
 1394 3 3
 1397 3 3
 1398 3 3
 1589 1 1
 1591 1 1
 1597 1 1
 1599 1 1
 1605 1 1
 1607 1 1
 1613 1 1
 1615 1 1
 1685 3 3
 1686 3 3
 1689 3 3
 1690 3 3
 1701 1 3
 1702 1 3
 1705 1 3
 1706 1 3
 1821 1 1
 1823 1 1
 1829 1 1
 1831 1 1
 1837 1 1
 1839 1 1
 1845 1 1
 1847 1 1
 1853 3 1
 1855 3 1
 1861 3 1
 1863 3 1
 1885 3 3
 1886 3 3
 1889 3 3
 1890 3 3
 1901 3 3
 1902 3 3
 1905 3 3
 1906 3 3
 1965 1 3
 1966 1 3
 1969 1 3
 1970 1 3
 2285 1 1
 2287 1 1
 2293 1 1
 2295 1 1
 2381 3 1
 2383 3 1
 2389 3 1
 2391 3 1
 2573 1 1
 2575 1 1
 2581 1 1
 2583 1 1
 2829 1 3
 2830 1 3
 2833 1 3
 2834 1 3
 2887 0 4
 2888 0 4
 2891 0 4
 2892 0 4
 2903 0 4
 2904 0 4
 2907 0 4
 2908 0 4
 3015 0 4
 3016 0 4
 3019 0 4
 3020 0 4
 3031 0 4
 3032 0 4
 3035 0 4
 3036 0 4
 3118 0 2
 3120 0 2
 3349 1 1
 3351 1 1
 3445 3 3
 3446 3 3
 3449 3 3
 3450 3 3
 3461 3 3
 3462 3 3
 3465 3 3
 3466 3 3
 3497 3 3
 3498 3 3
 3501 3 3
 3502 3 3
 3513 3 3
 3514 3 3
 3517 3 3
 3518 3 3
 3633 3 3
 3634 3 3
 3637 3 3
 3638 3 3
 3694 0 2
 3696 0 2
 3698 0 2
 3700 0 2
 3702 0 2
 3704 0 2
 3706 0 2
 3708 0 2
 3710 0 2
 3712 0 2
 3714 0 2
 3716 0 2
 3878 0 2
 3880 0 2
 3882 0 2
 3884 0 2
 3886 0 2
 3888 0 2
 3890 0 2
 3892 0 2
 3970 0 2
 3972 0 2
 3978 0 2
 3980 0 2
 3986 0 2
 3988 0 2
 3990 0 2
 3992 0 2
 4158 0 2
 4160 0 2
 4166 0 2
 4168 0 2
 4174 0 2
 4176 0 2
 4182 0 2
 4184 0 2
 4190 0 2
 4192 0 2
 4198 0 2
 4200 0 2
 4206 0 2
 4208 0 2
 4214 0 2
 4216 0 2
 4291 0 4
 4292 0 4
 4295 0 4
 4296 0 4
 4585 3 3
 4586 3 3
 4589 3 3
 4590 3 3
 4601 1 1
 4603 1 1
 4609 1 1
 4611 1 1
 4958 0 2
 4960 0 2
 4966 0 2
 4968 0 2
 4974 0 2
 4976 0 2
 4982 0 2
 4984 0 2
 4990 0 2
 4992 0 2
 4998 0 2
 5000 0 2
 5006 0 2
 5008 0 2
 5014 0 2
 5016 0 2
 5251 0 4
 5252 0 4
 5255 0 4
 5256 0 4
 5267 0 4
 5268 0 4
 5271 0 4
 5272 0 4
 5315 0 4
 5316 0 4
 5319 0 4
 5320 0 4
 5331 0 4
 5332 0 4
 5335 0 4
 5336 0 4
 5347 0 4
 5348 0 4
 5351 0 4
 5352 0 4
 5363 0 4
 5364 0 4
 5367 0 4
 5368 0 4
 5379 0 4
 5380 0 4
 5383 0 4
 5384 0 4
 5385 1 3
 5386 1 3
 5389 1 3
 5390 1 3
 5401 1 3
 5402 1 3
 5405 1 3
 5406 1 3
 5417 3 1
 5419 3 1
 5425 3 1
 5427 3 1
 5433 3 1
 5435 3 1
 5441 3 1
 5443 3 1
 5449 3 1
 5451 3 1
 5457 3 1
 5459 3 1
 5465 3 1
 5467 3 1
 5473 3 1
 5475 3 1
 5481 3 1
 5483 3 1
 5489 3 1
 5491 3 1
 5513 3 1
 5515 3 1
 5521 3 1
 5523 3 1
 5609 3 1
 5611 3 1
 5617 3 1
 5619 3 1
 5641 3 1
 5643 3 1
 5649 3 1
 5651 3 1
 5737 3 1
 5739 3 1
 5745 3 1
 5747 3 1
 5769 3 1
 5771 3 1
 5777 3 1
 5779 3 1
 5865 3 1
 5867 3 1
 5873 3 1
 5875 3 1
 5897 3 1
 5899 3 1
 5905 3 1
 5907 3 1
 5998 0 2
 6000 0 2
 6006 0 2
 6008 0 2
 6014 0 2
 6016 0 2
 6022 0 2
 6024 0 2
 6030 0 2
 6032 0 2
 6038 0 2
 6040 0 2
 6062 0 2
 6064 0 2
 6070 0 2
 6072 0 2
 6094 0 2
 6096 0 2
 6102 0 2
 6104 0 2
 6126 0 2
 6128 0 2
 6134 0 2
 6136 0 2
 6142 0 2
 6144 0 2
 6150 0 2
 6152 0 2
 6153 1 1
 6155 1 1
 6161 1 1
 6163 1 1
 6339 0 4
 6340 0 4
 6343 0 4
 6344 0 4
 6355 0 4
 6356 0 4
 6359 0 4
 6360 0 4
 6403 0 4
 6404 0 4
 6407 0 4
 6408 0 4
 6419 0 4
 6420 0 4
 6423 0 4
 6424 0 4
 6425 1 1
 6427 1 1
 6433 1 1
 6435 1 1
 6457 1 1
 6459 1 1
 6465 1 1
 6467 1 1
 6521 1 1
 6523 1 1
 6529 1 1
 6531 1 1
 6553 1 1
 6555 1 1
 6561 1 1
 6563 1 1
 6563 0 4
 6564 0 4
 6567 0 4
 6568 0 4
 6579 0 4
 6580 0 4
 6583 0 4
 6584 0 4
 6627 0 4
 6628 0 4
 6631 0 4
 6632 0 4
 6643 0 4
 6644 0 4
 6647 0 4
 6648 0 4
 7006 0 2
 7008 0 2
 7014 0 2
 7016 0 2
 7038 0 2
 7040 0 2
 7046 0 2
 7048 0 2
 7070 0 2
 7072 0 2
 7078 0 2
 7080 0 2
 7102 0 2
 7104 0 2
 7110 0 2
 7112 0 2
 7113 3 3
 7114 3 3
 7117 3 3
 7118 3 3
 7129 3 3
 7130 3 3
 7133 3 3
 7134 3 3
 7177 3 3
 7178 3 3
 7181 3 3
 7182 3 3
 7193 3 3
 7194 3 3
 7197 3 3
 7198 3 3
 7321 3 3
 7322 3 3
 7325 3 3
 7326 3 3
 7337 3 3
 7338 3 3
 7341 3 3
 7342 3 3
 7385 3 3
 7386 3 3
 7389 3 3
 7390 3 3
 7401 3 3
 7402 3 3
 7405 3 3
 7406 0 2
 7406 3 3
 7408 0 2
 7414 0 2
 7416 0 2
 7438 0 2
 7440 0 2
 7446 0 2
 7448 0 2
 7534 0 2
 7536 0 2
 7542 0 2
 7544 0 2
 7566 0 2
 7568 0 2
 7574 0 2
 7576 0 2
 7673 3 3
 7674 3 3
 7677 3 3
 7678 3 3
 7689 3 3
 7690 3 3
 7693 3 3
 7694 3 3
 7865 3 3
 7866 3 3
 7869 3 3
 7870 3 3
 7881 3 3
 7882 3 3
 7885 3 3
 7886 3 3
 7929 3 3
 7930 3 3
 7933 3 3
 7934 3 3
 7945 3 3
 7946 3 3
 7949 3 3
 7950 3 3
 8542 0 2
 8544 0 2
 8550 0 2
 8552 0 2
 8574 0 2
 8576 0 2
 8582 0 2
 8584 0 2
 8670 0 2
 8672 0 2
 8678 0 2
 8680 0 2
 8702 0 2
 8704 0 2
 8710 0 2
 8712 0 2
 8798 0 2
 8800 0 2
 8806 0 2
 8808 0 2
 8830 0 2
 8832 0 2
 8838 0 2
 8840 0 2
 8926 0 2
 8928 0 2
 8934 0 2
 8936 0 2
 8958 0 2
 8960 0 2
 8966 0 2
 8968 0 2
 9054 0 2
 9056 0 2
 9062 0 2
 9064 0 2
 9086 0 2
 9088 0 2
 9094 0 2
 9096 0 2
 9571 0 4
 9572 0 4
 9575 0 4
 9576 0 4
 9587 0 4
 9588 0 4
 9591 0 4
 9592 0 4
 9635 0 4
 9636 0 4
 9639 0 4
 9640 0 4
 9651 0 4
 9652 0 4
 9655 0 4
 9656 0 4
 9827 0 4
 9828 0 4
 9831 0 4
 9832 0 4
 9843 0 4
 9844 0 4
 9847 0 4
 9848 0 4
 9891 0 4
 9892 0 4
 9895 0 4
 9896 0 4
 9907 0 4
 9908 0 4
 9911 0 4
 9912 0 4
 