64 1 2 100 75 76
96 1 2 134 92 93
97 1 2 136 93 94
100 2 1 16 16 17
103 2 1 15 15 16
116 1 2 138 94 95
117 2 1 0 0 4
117 1 2 140 95 0
118 2 1 4 4 5
130 2 3 25 26 25
131 3 0 26 27 1
131 2 3 1 1 26
132 3 0 28 28 27
164 1 2 126 88 89
165 1 2 128 89 90
175 1 2 130 90 91
176 1 2 132 91 92
199 2 1 19 19 20
200 2 1 20 20 21
204 2 3 21 22 21
205 2 3 22 23 22
208 2 3 11 12 11
209 2 3 12 13 12
224 2 3 18 19 18
227 2 3 17 18 17
236 2 3 23 24 23
237 2 3 24 25 24
282 3 0 30 29 28
283 3 0 32 30 29
308 2 1 13 13 14
309 2 1 14 14 15
316 2 3 7 8 7
317 2 3 8 9 8
321 2 3 9 10 9
322 2 3 10 11 10
342 2 1 5 5 6
343 2 1 6 6 7
346 3 0 34 31 30
357 1 0 107 79 78
364 1 0 105 78 77
367 1 0 103 77 76
396 1 2 1330 74 690
397 1 2 1331 690 75
456 1 0 1358 87 704
458 1 0 1359 704 86
460 1 0 1362 88 706
462 1 0 1363 706 87
544 3 2 1232 38 641
545 3 2 1233 641 39
556 1 0 1338 82 694
558 1 0 1339 694 81
572 1 2 1348 84 699
573 1 2 1349 699 85
576 1 2 1352 85 701
577 1 2 1353 701 86
604 3 0 1226 37 638
606 3 0 1227 638 36
608 3 0 1230 38 640
610 3 0 1231 640 37
620 1 0 1342 83 696
622 1 0 1343 696 82
624 1 0 1346 84 698
626 1 0 1347 698 83
668 3 0 1210 33 630
670 3 0 1211 630 32
672 3 0 1214 34 632
674 3 0 1215 632 33
688 3 2 1216 34 633
689 3 2 1217 633 35
692 3 2 1220 35 635
693 3 2 1221 635 36
700 3 0 1206 32 628
702 3 0 1207 628 31
784 1 0 2748 81 1222
786 1 0 2749 1222 80
860 1 0 2744 80 1220
862 1 0 2745 1220 79
906 0 3 3028 63 1362
907 0 3 3029 1362 677
910 0 3 3030 677 1363
911 0 3 3031 1363 62
954 0 3 3024 62 1360
955 0 3 3025 1360 676
958 0 3 3026 676 1361
959 0 3 3027 1361 61
1024 3 0 2952 47 1324
1026 3 0 2953 1324 658
1032 3 0 2954 658 1325
1034 3 0 2955 1325 46
1040 3 0 2960 48 1328
1042 3 0 2961 1328 660
1048 3 0 2962 660 1329
1050 3 0 2963 1329 47
1061 0 1 2988 52 1342
1063 0 1 2989 1342 667
1069 0 1 2990 667 1343
1071 0 1 2991 1343 53
1109 0 1 2984 51 1340
1111 0 1 2985 1340 666
1117 0 1 2986 666 1341
1119 0 1 2987 1341 52
1184 3 2 2900 40 1298
1185 3 2 2901 1298 645
1188 3 2 2902 645 1299
1189 3 2 2903 1299 41
1200 3 2 2908 41 1302
1201 3 2 2909 1302 647
1204 3 2 2910 647 1303
1205 3 2 2911 1303 42
1248 1 0 3076 74 1386
1250 1 0 3077 1386 689
1256 1 0 3078 689 1387
1258 1 0 3079 1387 73
1290 0 3 3064 72 1380
1291 0 3 3065 1380 686
1294 0 3 3066 686 1381
1295 0 3 3067 1381 71
1296 1 0 3068 73 1382
1298 1 0 3069 1382 687
1304 1 0 3070 687 1383
1306 1 0 3071 1383 2
1306 0 3 2884 2 1290
1307 0 3 2885 1290 625
1310 0 3 2886 625 1291
1311 0 3 2887 1291 72
1328 3 2 2916 42 1306
1329 3 2 2917 1306 649
1332 3 2 2918 649 1307
1333 3 2 2919 1307 43
1344 3 2 2924 43 1310
1345 3 2 2925 1310 651
1348 3 2 2926 651 1311
1349 3 2 2927 1311 44
1381 0 1 2980 50 1338
1383 0 1 2981 1338 665
1389 0 1 2982 665 1339
1391 0 1 2983 1339 51
1408 3 2 2964 48 1330
1409 3 2 2965 1330 661
1412 3 2 2966 661 1331
1413 3 2 2967 1331 49
1424 3 2 2972 49 1334
1425 3 2 2973 1334 663
1428 3 2 2974 663 1335
1429 0 1 2888 3 1292
1429 3 2 2975 1335 3
1431 0 1 2889 1292 626
1437 0 1 2890 626 1293
1439 0 1 2891 1293 50
1456 3 2 2932 44 1314
1457 3 2 2933 1314 653
1460 3 2 2934 653 1315
1461 3 2 2935 1315 45
1472 3 2 2940 45 1318
1473 3 2 2941 1318 655
1476 3 2 2942 655 1319
1477 3 2 2943 1319 46
1573 0 1 3040 65 1368
1575 0 1 3041 1368 680
1581 0 1 3042 680 1369
1583 0 1 3043 1369 66
1589 0 1 3044 66 1370
1591 0 1 3045 1370 681
1597 0 1 3046 681 1371
1599 0 1 3047 1371 67
1653 0 1 3048 67 1372
1655 0 1 3049 1372 682
1661 0 1 3050 682 1373
1663 0 1 3051 1373 68
1669 0 1 3052 68 1374
1671 0 1 3053 1374 683
1677 0 1 3054 683 1375
1679 0 1 3055 1375 69
1680 3 2 2892 39 1294
1681 3 2 2893 1294 643
1684 3 2 2894 643 1295
1685 3 2 2895 1295 40
1733 0 1 3036 64 1366
1735 0 1 3037 1366 679
1741 0 1 3038 679 1367
1743 0 1 3039 1367 65
1781 0 1 3032 63 1364
1783 0 1 3033 1364 678
1789 0 1 3034 678 1365
1791 0 1 3035 1365 64
1834 0 3 3056 70 1376
1835 0 3 3057 1376 684
1838 0 3 3058 684 1377
1839 0 3 3059 1377 69
1850 0 3 3060 71 1378
1851 0 3 3061 1378 685
1854 0 3 3062 685 1379
1855 0 3 3063 1379 70
1973 0 1 3008 57 1352
1975 0 1 3009 1352 672
1981 0 1 3010 672 1353
1983 0 1 3011 1353 58
1989 0 1 3012 58 1354
1991 0 1 3013 1354 673
1997 0 1 3014 673 1355
1999 0 1 3015 1355 59
2037 0 1 2992 53 1344
2039 0 1 2993 1344 668
2045 0 1 2994 668 1345
2047 0 1 2995 1345 54
2053 0 1 2996 54 1346
2055 0 1 2997 1346 669
2061 0 1 2998 669 1347
2063 0 1 2999 1347 55
2122 0 3 3000 56 1348
2123 0 3 3001 1348 670
2126 0 3 3002 670 1349
2127 0 3 3003 1349 55
2138 0 3 3004 57 1350
2139 0 3 3005 1350 671
2142 0 3 3006 671 1351
2143 0 3 3007 1351 56
2154 0 3 3016 60 1356
2155 0 3 3017 1356 674
2158 0 3 3018 674 1357
2159 0 3 3019 1357 59
2170 0 3 3020 61 1358
2171 0 3 3021 1358 675
2174 0 3 3022 675 1359
2175 0 3 3023 1359 60
