87 1 3
 88 1 3
 89 2 2
 92 2 2
 95 1 1
 96 1 1
 113 1 3
 114 2 2
 114 1 3
 115 2 2
 129 2 4
 130 3 1
 130 2 4
 131 3 1
 165 1 3
 166 1 3
 174 1 3
 175 1 3
 193 1 3
 194 1 3
 198 2 2
 199 2 2
 203 2 4
 204 2 4
 207 2 4
 208 2 4
 220 3 1
 221 2 4
 224 2 4
 232 2 4
 233 2 4
 283 3 1
 284 3 1
 311 2 2
 312 2 2
 315 3 1
 316 3 1
 320 3 3
 321 3 3
 323 2 4
 324 2 4
 328 2 4
 329 2 4
 347 2 2
 348 2 2
 352 3 1
 353 3 1
 360 0 4
 361 0 4
 364 0 4
 365 0 4
 414 3 3
 415 3 3
 466 3 3
 467 3 3
 470 3 3
 471 3 3
 571 0 2
 573 0 2
 575 0 2
 577 0 2
 592 0 4
 593 0 4
 666 1 1
 668 1 1
 670 1 1
 672 1 1
 676 0 4
 677 0 4
 680 0 4
 681 0 4
 706 1 1
 708 1 1
 750 1 1
 752 1 1
 754 1 1
 756 1 1
 798 3 1
 800 3 1
 814 1 1
 816 1 1
 818 1 1
 820 1 1
 1126 1 3
 1127 1 3
 1130 1 3
 1131 1 3
 1142 1 3
 1143 1 3
 1146 1 3
 1147 1 3
 1270 3 1
 1272 3 1
 1278 3 1
 1280 3 1
 1286 3 1
 1288 3 1
 1294 3 1
 1296 3 1
 1355 0 2
 1357 0 2
 1363 0 2
 1365 0 2
 1403 0 2
 1405 0 2
 1411 0 2
 1413 0 2
 1462 3 3
 1463 3 3
 1466 3 3
 1467 3 3
 1494 1 1
 1496 1 1
 1502 1 1
 1504 1 1
 1536 0 4
 1537 0 4
 1540 0 4
 1541 0 4
 1542 1 1
 1544 1 1
 1550 1 1
 1552 1 1
 1552 0 4
 1553 0 4
 1556 0 4
 1557 0 4
 1638 3 3
 1639 3 3
 1642 3 3
 1643 3 3
 1654 3 3
 1655 3 3
 1658 3 3
 1659 3 3
 1691 0 2
 1693 0 2
 1699 0 2
 1701 0 2
 1718 3 3
 1719 3 3
 1722 3 3
 1723 3 3
 1734 3 3
 1735 3 3
 1738 3 3
 1739 0 2
 1739 3 3
 1741 0 2
 1747 0 2
 1749 0 2
 1766 3 3
 1767 3 3
 1770 3 3
 1771 3 3
 1782 3 3
 1783 3 3
 1786 3 3
 1787 3 3
 1899 0 2
 1901 0 2
 1907 0 2
 1909 0 2
 1915 0 2
 1917 0 2
 1923 0 2
 1925 0 2
 1979 0 2
 1981 0 2
 1987 0 2
 1989 0 2
 1995 0 2
 1997 0 2
 2003 0 2
 2005 0 2
 2011 0 2
 2013 0 2
 2019 0 2
 2021 0 2
 2059 0 2
 2061 0 2
 2067 0 2
 2069 0 2
 2080 0 4
 2081 0 4
 2084 0 4
 2085 0 4
 2096 0 4
 2097 0 4
 2100 0 4
 2101 0 4
 2187 0 2
 2189 0 2
 2195 0 2
 2197 0 2
 2203 0 2
 2205 0 2
 2211 0 2
 2213 0 2
 2240 0 4
 2241 0 4
 2244 0 4
 2245 0 4
 2262 1 1
 2264 1 1
 2270 1 1
 2272 1 1
 