69 1 3
 70 1 3
 71 2 2
 74 2 2
 81 1 3
 82 2 2
 82 1 3
 83 2 2
 93 2 4
 94 3 1
 94 2 4
 95 3 1
 119 1 3
 120 1 3
 136 2 2
 137 2 2
 141 2 4
 142 2 4
 145 2 4
 146 2 4
 158 2 4
 161 2 4
 170 2 4
 171 2 4
 202 3 1
 203 3 1
 222 2 2
 223 2 2
 230 2 4
 231 2 4
 235 2 4
 236 2 4
 254 2 2
 255 2 2
 280 1 3
 281 1 3
 380 3 3
 381 3 3
 384 3 3
 385 3 3
 480 3 3
 481 3 3
 484 3 3
 485 3 3
 540 1 1
 542 1 1
 544 1 1
 546 1 1
 552 1 1
 554 1 1
 556 1 1
 558 1 1
 564 1 3
 565 1 3
 568 1 3
 569 1 3
 572 1 1
 574 1 1
 576 1 1
 578 1 1
 600 3 1
 602 3 1
 612 1 1
 614 1 1
 620 1 1
 622 1 1
 780 1 3
 781 1 3
 784 1 3
 785 1 3
 980 3 1
 982 3 1
 1008 3 1
 1010 3 1
 1012 3 1
 1014 3 1
 1052 1 1
 1054 1 1
 1056 1 1
 1058 1 1
 1114 0 4
 1115 0 4
 1118 0 4
 1119 0 4
 1134 0 4
 1135 0 4
 1138 0 4
 1139 0 4
 1172 1 3
 1173 1 3
 1176 1 3
 1177 1 3
 1404 3 3
 1405 3 3
 1408 3 3
 1409 3 3
 1420 3 3
 1421 3 3
 1424 3 3
 1425 3 3
 1508 3 3
 1509 3 3
 1512 3 3
 1513 3 3
 1581 0 2
 1583 0 2
 1585 0 2
 1587 0 2
 1589 0 2
 1591 0 2
 1645 0 2
 1647 0 2
 1653 0 2
 1655 0 2
 1661 0 2
 1663 0 2
 1669 0 2
 1671 0 2
 1721 0 2
 1723 0 2
 1782 0 4
 1783 0 4
 1786 0 4
 1787 0 4
 1798 0 4
 1799 0 4
 1802 0 4
 1803 0 4
 1878 0 4
 1879 0 4
 1882 0 4
 1883 0 4
 1894 0 4
 1895 0 4
 1898 0 4
 1899 0 4
 2136 3 1
 2138 3 1
 2144 3 1
 2146 3 1
 2152 3 1
 2154 3 1
 2160 3 1
 2162 3 1
 2456 3 1
 2458 3 1
 2464 3 1
 2466 3 1
 2488 3 1
 2490 3 1
 2496 3 1
 2498 3 1
 2520 3 1
 2522 3 1
 2528 3 1
 2530 3 1
 2552 3 1
 2554 3 1
 2560 3 1
 2562 3 1
 2605 0 2
 2607 0 2
 2613 0 2
 2615 0 2
 2637 0 2
 2639 0 2
 2645 0 2
 2647 0 2
 2685 0 2
 2687 0 2
 2693 0 2
 2695 0 2
 2717 0 2
 2719 0 2
 2725 0 2
 2727 0 2
 2792 1 1
 2794 1 1
 2800 1 1
 2802 1 1
 2824 1 1
 2826 1 1
 2832 1 1
 2834 1 1
 2930 0 4
 2931 0 4
 2934 0 4
 2935 0 4
 2946 0 4
 2947 0 4
 2950 0 4
 2951 0 4
 2952 1 1
 2954 1 1
 2960 1 1
 2962 1 1
 2984 1 1
 2986 1 1
 2992 1 1
 2994 1 1
 2994 0 4
 2995 0 4
 2998 0 4
 2999 0 4
 3010 0 4
 3011 0 4
 3014 0 4
 3015 0 4
 3112 3 3
 3113 3 3
 3116 3 3
 3117 3 3
 3128 3 3
 3129 3 3
 3132 3 3
 3133 3 3
 3261 0 2
 3263 0 2
 3269 0 2
 3271 0 2
 3293 0 2
 3295 0 2
 3301 0 2
 3303 0 2
 3368 3 3
 3369 3 3
 3372 3 3
 3373 3 3
 3384 3 3
 3385 3 3
 3388 3 3
 3389 3 3
 3432 3 3
 3433 3 3
 3436 3 3
 3437 3 3
 3448 3 3
 3449 3 3
 3452 3 3
 3453 0 2
 3453 3 3
 3455 0 2
 3461 0 2
 3463 0 2
 3485 0 2
 3487 0 2
 3493 0 2
 3495 0 2
 3560 3 3
 3561 3 3
 3564 3 3
 3565 3 3
 3576 3 3
 3577 3 3
 3580 3 3
 3581 3 3
 3624 3 3
 3625 3 3
 3628 3 3
 3629 3 3
 3640 3 3
 3641 3 3
 3644 3 3
 3645 3 3
 3837 0 2
 3839 0 2
 3845 0 2
 3847 0 2
 3869 0 2
 3871 0 2
 3877 0 2
 3879 0 2
 3901 0 2
 3903 0 2
 3909 0 2
 3911 0 2
 3933 0 2
 3935 0 2
 3941 0 2
 3943 0 2
 4157 0 2
 4159 0 2
 4165 0 2
 4167 0 2
 4189 0 2
 4191 0 2
 4197 0 2
 4199 0 2
 4221 0 2
 4223 0 2
 4229 0 2
 4231 0 2
 4253 0 2
 4255 0 2
 4261 0 2
 4263 0 2
 4301 0 2
 4303 0 2
 4309 0 2
 4311 0 2
 4514 0 4
 4515 0 4
 4518 0 4
 4519 0 4
 4530 0 4
 4531 0 4
 4534 0 4
 4535 0 4
 4578 0 4
 4579 0 4
 4582 0 4
 4583 0 4
 4594 0 4
 4595 0 4
 4598 0 4
 4599 0 4
 4733 0 2
 4735 0 2
 4741 0 2
 4743 0 2
 4749 0 2
 4751 0 2
 4757 0 2
 4759 0 2
 4765 0 2
 4767 0 2
 4773 0 2
 4775 0 2
 