91 2 3 12 13 12
156 2 1 13 13 14
288 3 0 1206 32 628
290 3 0 1207 628 31
340 1 0 2744 80 1220
342 1 0 2745 1220 79
380 1 2 5864 75 2413
381 1 2 5865 2413 76
632 3 0 5862 31 2412
634 3 0 5863 2412 30
656 1 0 5876 79 2419
658 1 0 5877 2419 78
660 1 0 5872 78 2417
662 1 0 5873 2417 77
672 1 0 5868 77 2415
674 1 0 5869 2415 76
752 1 2 12936 92 5118
753 1 2 12937 5118 93
756 1 2 12940 93 5120
757 1 2 12941 5120 94
761 2 1 12892 16 5096
763 2 1 12893 5096 17
773 2 1 12890 15 5095
775 2 1 12891 5095 16
788 1 2 12944 94 5122
789 1 2 12945 5122 95
792 1 2 12948 95 5124
793 2 1 12868 0 5084
793 1 2 12949 5124 0
795 2 1 12869 5084 4
797 2 1 12872 4 5086
799 2 1 12873 5086 5
802 2 3 12910 26 5105
803 2 3 12911 5105 25
804 3 0 12912 27 5106
806 3 0 12913 5106 1
806 2 3 12870 1 5085
807 2 3 12871 5085 26
808 3 0 12916 28 5108
810 3 0 12917 5108 27
864 1 2 12926 89 5113
865 1 2 12927 5113 90
876 1 2 12928 90 5114
877 1 2 12929 5114 91
880 1 2 12932 91 5116
881 1 2 12933 5116 92
897 2 1 12898 19 5099
899 2 1 12899 5099 20
901 2 1 12900 20 5100
903 2 1 12901 5100 21
906 2 3 12902 22 5101
907 2 3 12903 5101 21
910 2 3 12904 23 5102
911 2 3 12905 5102 22
918 2 3 12886 12 5093
919 2 3 12887 5093 11
922 2 3 12896 19 5098
923 2 3 12897 5098 18
934 2 3 12894 18 5097
935 2 3 12895 5097 17
938 2 3 12906 24 5103
939 2 3 12907 5103 23
942 2 3 12908 25 5104
943 2 3 12909 5104 24
976 3 0 12920 29 5110
978 3 0 12921 5110 28
980 3 0 12924 30 5112
982 3 0 12925 5112 29
1009 2 1 12888 14 5094
1011 2 1 12889 5094 15
1018 2 3 12878 8 5089
1019 2 3 12879 5089 7
1022 2 3 12880 9 5090
1023 2 3 12881 5090 8
1038 2 3 12882 10 5091
1039 2 3 12883 5091 9
1042 2 3 12884 11 5092
1043 2 3 12885 5092 10
1085 2 1 12874 5 5087
1087 2 1 12875 5087 6
1089 2 1 12876 6 5088
1091 2 1 12877 5088 7
1224 3 2 2900 40 1298
1225 3 2 2901 1298 645
1228 3 2 2902 645 1299
1229 3 2 2903 1299 41
1232 3 2 2908 41 1302
1233 3 2 2909 1302 647
1380 3 2 2892 39 1294
1381 3 2 2893 1294 643
1384 3 2 2894 643 1295
1385 3 2 2895 1295 40
1568 1 0 6316 87 2639
1570 1 0 6317 2639 704
1576 1 0 6318 704 2640
1578 1 0 6319 2640 86
1648 3 2 6272 38 2617
1649 3 2 6273 2617 641
1652 3 2 6274 641 2618
1653 3 2 6275 2618 39
1664 1 2 6296 84 2629
1665 1 2 6297 2629 699
1668 1 2 6298 699 2630
1669 1 2 6299 2630 85
1680 1 2 6304 85 2633
1681 1 2 6305 2633 701
1684 1 2 6306 701 2634
1685 1 2 6307 2634 86
1732 3 0 6262 638 2612
1734 3 0 6263 2612 36
1780 1 0 6284 83 2623
1782 1 0 6285 2623 696
1788 1 0 6286 696 2624
1790 1 0 6287 2624 82
1796 1 0 6292 84 2627
1798 1 0 6293 2627 698
1804 1 0 6294 698 2628
1806 1 0 6295 2628 83
1828 3 0 6236 34 2599
1830 3 0 6237 2599 632
1836 3 0 6238 632 2600
1838 3 0 6239 2600 33
1860 3 2 6240 34 2601
1861 3 2 6241 2601 633
1864 3 2 6242 633 2602
1865 3 2 6243 2602 35
1876 3 2 6248 35 2605
1877 3 2 6249 2605 635
1880 3 2 6250 635 2606
1881 3 2 6251 2606 36
1940 1 2 13302 74 5301
1941 1 2 13303 5301 690
1944 1 2 13304 690 5302
1945 1 2 13305 5302 75
2052 1 0 13318 88 5309
2054 1 0 13319 5309 706
2060 1 0 13320 706 5310
2062 1 0 13321 5310 87
2228 1 0 13314 82 5307
2230 1 0 13315 5307 694
2236 1 0 13316 694 5308
2238 1 0 13317 5308 81
2340 3 0 13298 33 5299
2342 3 0 13299 5299 630
2348 3 0 13300 630 5300
2350 3 0 13301 5300 32
2612 1 0 13890 81 5595
2614 1 0 13891 5595 1222
2620 1 0 13892 1222 5596
2622 1 0 13893 5596 80
2884 1 2 15338 88 6319
2885 1 2 15339 6319 2420
2888 1 2 15340 2420 6320
2889 1 2 15341 6320 89
2942 0 3 6836 63 2899
2943 0 3 6837 2899 1362
2946 0 3 6838 1362 2900
2947 0 3 6839 2900 677
2958 0 3 6840 677 2901
2959 0 3 6841 2901 1363
2962 0 3 6842 1363 2902
2963 0 3 6843 2902 62
3070 0 3 6828 62 2895
3071 0 3 6829 2895 1360
3074 0 3 6830 1360 2896
3075 0 3 6831 2896 676
3086 0 3 6832 676 2897
3087 0 3 6833 2897 1361
3090 0 3 6834 1361 2898
3091 0 3 6835 2898 61
3173 0 1 6806 1343 2884
3175 0 1 6807 2884 53
3404 1 0 6932 689 2947
3406 1 0 6933 2947 1387
3500 3 2 6656 42 2809
3501 3 2 6657 2809 1306
3504 3 2 6658 1306 2810
3505 3 2 6659 2810 649
3516 3 2 6660 649 2811
3517 3 2 6661 2811 1307
3520 3 2 6662 1307 2812
3521 3 2 6663 2812 43
3552 3 2 6672 43 2817
3553 3 2 6673 2817 1310
3556 3 2 6674 1310 2818
3557 3 2 6675 2818 651
3568 3 2 6676 651 2819
3569 3 2 6677 2819 1311
3572 3 2 6678 1311 2820
3573 3 2 6679 2820 44
3692 3 2 6688 44 2825
3693 3 2 6689 2825 1314
3696 3 2 6690 1314 2826
3697 3 2 6691 2826 653
3753 0 1 6860 65 2911
3755 0 1 6861 2911 1368
3757 0 1 6862 1368 2912
3759 0 1 6863 2912 680
3761 0 1 6864 680 2913
3763 0 1 6865 2913 1369
3765 0 1 6866 1369 2914
3767 0 1 6867 2914 66
3769 0 1 6868 66 2915
3771 0 1 6869 2915 1370
3773 0 1 6870 1370 2916
3775 0 1 6871 2916 681
3937 0 1 6852 64 2907
3939 0 1 6853 2907 1366
3941 0 1 6854 1366 2908
3943 0 1 6855 2908 679
3945 0 1 6856 679 2909
3947 0 1 6857 2909 1367
3949 0 1 6858 1367 2910
3951 0 1 6859 2910 65
4029 0 1 6844 63 2903
4031 0 1 6845 2903 1364
4037 0 1 6846 1364 2904
4039 0 1 6847 2904 678
4045 0 1 6848 678 2905
4047 0 1 6849 2905 1365
4049 0 1 6850 1365 2906
4051 0 1 6851 2906 64
4217 0 1 6808 53 2885
4219 0 1 6809 2885 1344
4225 0 1 6810 1344 2886
4227 0 1 6811 2886 668
4233 0 1 6812 668 2887
4235 0 1 6813 2887 1345
4241 0 1 6814 1345 2888
4243 0 1 6815 2888 54
4249 0 1 6816 54 2889
4251 0 1 6817 2889 1346
4257 0 1 6818 1346 2890
4259 0 1 6819 2890 669
4265 0 1 6820 669 2891
4267 0 1 6821 2891 1347
4273 0 1 6822 1347 2892
4275 0 1 6823 2892 55
4350 0 3 6824 61 2893
4351 0 3 6825 2893 1358
4354 0 3 6826 1358 2894
4355 0 3 6827 2894 675
4644 3 2 14118 647 5709
4645 3 2 14119 5709 1303
4648 3 2 14120 1303 5710
4649 3 2 14121 5710 42
4660 1 0 14166 74 5733
4662 1 0 14167 5733 1386
4668 1 0 14168 1386 5734
4670 1 0 14169 5734 689
4985 0 1 14138 57 5719
4987 0 1 14139 5719 1352
4993 0 1 14140 1352 5720
4995 0 1 14141 5720 672
5001 0 1 14142 672 5721
5003 0 1 14143 5721 1353
5009 0 1 14144 1353 5722
5011 0 1 14145 5722 58
5017 0 1 14146 58 5723
5019 0 1 14147 5723 1354
5025 0 1 14148 1354 5724
5027 0 1 14149 5724 673
5033 0 1 14150 673 5725
5035 0 1 14151 5725 1355
5041 0 1 14152 1355 5726
5043 0 1 14153 5726 59
5278 0 3 14122 56 5711
5279 0 3 14123 5711 1348
5282 0 3 14124 1348 5712
5283 0 3 14125 5712 670
5294 0 3 14126 670 5713
5295 0 3 14127 5713 1349
5298 0 3 14128 1349 5714
5299 0 3 14129 5714 55
5342 0 3 14130 57 5715
5343 0 3 14131 5715 1350
5346 0 3 14132 1350 5716
5347 0 3 14133 5716 671
5358 0 3 14134 671 5717
5359 0 3 14135 5717 1351
5362 0 3 14136 1351 5718
5363 0 3 14137 5718 56
5374 0 3 14154 60 5727
5375 0 3 14155 5727 1356
5378 0 3 14156 1356 5728
5379 0 3 14157 5728 674
5390 0 3 14158 674 5729
5391 0 3 14159 5729 1357
5394 0 3 14160 1357 5730
5395 0 3 14161 5730 59
5406 0 3 14162 675 5731
5407 0 3 14163 5731 1359
5410 0 3 14164 1359 5732
5411 0 3 14165 5732 60
5412 3 0 15374 37 6337
5414 3 0 15375 6337 2611
5420 3 0 15376 2611 6338
5422 3 0 15377 6338 638
5428 3 0 15382 38 6341
5430 3 0 15383 6341 2615
5436 3 0 15384 2615 6342
5438 3 0 15385 6342 640
5444 3 0 15386 640 6343
5446 3 0 15387 6343 2616
5452 3 0 15388 2616 6344
5454 3 0 15389 6344 37
5460 3 0 15522 47 6411
5462 3 0 15523 6411 2845
5468 3 0 15524 2845 6412
5470 3 0 15525 6412 1324
5492 3 0 15526 1324 6413
5494 3 0 15527 6413 2846
5500 3 0 15528 2846 6414
5502 3 0 15529 6414 658
5588 3 0 15530 658 6415
5590 3 0 15531 6415 2847
5596 3 0 15532 2847 6416
5598 3 0 15533 6416 1325
5620 3 0 15534 1325 6417
5622 3 0 15535 6417 2848
5628 3 0 15536 2848 6418
5630 3 0 15537 6418 46
5716 3 0 15554 48 6427
5718 3 0 15555 6427 2853
5724 3 0 15556 2853 6428
5726 3 0 15557 6428 1328
5748 3 0 15558 1328 6429
5750 3 0 15559 6429 2854
5756 3 0 15560 2854 6430
5758 3 0 15561 6430 660
5844 3 0 15562 660 6431
5846 3 0 15563 6431 2855
5852 3 0 15564 2855 6432
5854 3 0 15565 6432 1329
5876 3 0 15566 1329 6433
5878 3 0 15567 6433 2856
5884 3 0 15568 2856 6434
5886 3 0 15569 6434 47
5977 0 1 15666 52 6483
5979 0 1 15667 6483 2881
5985 0 1 15668 2881 6484
5987 0 1 15669 6484 1342
5993 0 1 15670 1342 6485
5995 0 1 15671 6485 2882
6001 0 1 15672 2882 6486
6003 0 1 15673 6486 667
6009 0 1 15674 667 6487
6011 0 1 15675 6487 2883
6017 0 1 15676 2883 6488
6019 0 1 15677 6488 1343
6041 0 1 15650 51 6475
6043 0 1 15651 6475 2877
6049 0 1 15652 2877 6476
6051 0 1 15653 6476 1340
6073 0 1 15654 1340 6477
6075 0 1 15655 6477 2878
6081 0 1 15656 2878 6478
6083 0 1 15657 6478 666
6105 0 1 15658 666 6479
6107 0 1 15659 6479 2879
6113 0 1 15660 2879 6480
6115 0 1 15661 6480 1341
6121 0 1 15662 1341 6481
6123 0 1 15663 6481 2880
6129 0 1 15664 2880 6482
6131 0 1 15665 6482 52
6132 1 0 15790 1387 6545
6134 1 0 15791 6545 2948
6140 1 0 15792 2948 6546
6142 1 0 15793 6546 73
6318 0 3 15750 72 6525
6319 0 3 15751 6525 2935
6322 0 3 15752 2935 6526
6323 0 3 15753 6526 1380
6334 0 3 15754 1380 6527
6335 0 3 15755 6527 2936
6338 0 3 15756 2936 6528
6339 0 3 15757 6528 686
6382 0 3 15758 686 6529
6383 0 3 15759 6529 2937
6386 0 3 15760 2937 6530
6387 0 3 15761 6530 1381
6398 0 3 15762 1381 6531
6399 0 3 15763 6531 2938
6402 0 3 15764 2938 6532
6403 0 3 15765 6532 71
6404 1 0 15766 73 6533
6406 1 0 15767 6533 2939
6412 1 0 15768 2939 6534
6414 1 0 15769 6534 1382
6436 1 0 15770 1382 6535
6438 1 0 15771 6535 2940
6444 1 0 15772 2940 6536
6446 1 0 15773 6536 687
6500 1 0 15774 687 6537
6502 1 0 15775 6537 2941
6508 1 0 15776 2941 6538
6510 1 0 15777 6538 1383
6532 1 0 15778 1383 6539
6534 1 0 15779 6539 2942
6540 1 0 15780 2942 6540
6542 1 0 15781 6540 2
6542 0 3 15414 2 6357
6543 0 3 15415 6357 2797
6546 0 3 15416 2797 6358
6547 0 3 15417 6358 1290
6558 0 3 15418 1290 6359
6559 0 3 15419 6359 2798
6562 0 3 15420 2798 6360
6563 0 3 15421 6360 625
6606 0 3 15422 625 6361
6607 0 3 15423 6361 2799
6610 0 3 15424 2799 6362
6611 0 3 15425 6362 1291
6622 0 3 15426 1291 6363
6623 0 3 15427 6363 2800
6626 0 3 15428 2800 6364
6627 0 3 15429 6364 72
6969 0 1 15634 50 6467
6971 0 1 15635 6467 2873
6977 0 1 15636 2873 6468
6979 0 1 15637 6468 1338
7001 0 1 15638 1338 6469
7003 0 1 15639 6469 2874
7009 0 1 15640 2874 6470
7011 0 1 15641 6470 665
7033 0 1 15642 665 6471
7035 0 1 15643 6471 2875
7041 0 1 15644 2875 6472
7043 0 1 15645 6472 1339
7065 0 1 15646 1339 6473
7067 0 1 15647 6473 2876
7073 0 1 15648 2876 6474
7075 0 1 15649 6474 51
7076 3 2 15570 48 6435
7077 3 2 15571 6435 2857
7080 3 2 15572 2857 6436
7081 3 2 15573 6436 1330
7092 3 2 15574 1330 6437
7093 3 2 15575 6437 2858
7096 3 2 15576 2858 6438
7097 3 2 15577 6438 661
7140 3 2 15578 661 6439
7141 3 2 15579 6439 2859
7144 3 2 15580 2859 6440
7145 3 2 15581 6440 1331
7156 3 2 15582 1331 6441
7157 3 2 15583 6441 2860
7160 3 2 15584 2860 6442
7161 3 2 15585 6442 49
7284 3 2 15602 49 6451
7285 3 2 15603 6451 2865
7288 3 2 15604 2865 6452
7289 3 2 15605 6452 1334
7300 3 2 15606 1334 6453
7301 3 2 15607 6453 2866
7304 3 2 15608 2866 6454
7305 3 2 15609 6454 663
7348 3 2 15610 663 6455
7349 3 2 15611 6455 2867
7352 3 2 15612 2867 6456
7353 3 2 15613 6456 1335
7364 3 2 15614 1335 6457
7365 3 2 15615 6457 2868
7368 3 2 15616 2868 6458
7369 0 1 15430 3 6365
7369 3 2 15617 6458 3
7371 0 1 15431 6365 2801
7377 0 1 15432 2801 6366
7379 0 1 15433 6366 1292
7401 0 1 15434 1292 6367
7403 0 1 15435 6367 2802
7409 0 1 15436 2802 6368
7411 0 1 15437 6368 626
7497 0 1 15438 626 6369
7499 0 1 15439 6369 2803
7505 0 1 15440 2803 6370
7507 0 1 15441 6370 1293
7529 0 1 15442 1293 6371
7531 0 1 15443 6371 2804
7537 0 1 15444 2804 6372
7539 0 1 15445 6372 50
7636 3 2 15454 653 6377
7637 3 2 15455 6377 2827
7640 3 2 15456 2827 6378
7641 3 2 15457 6378 1315
7652 3 2 15458 1315 6379
7653 3 2 15459 6379 2828
7656 3 2 15460 2828 6380
7657 3 2 15461 6380 45
7828 3 2 15474 45 6387
7829 3 2 15475 6387 2833
7832 3 2 15476 2833 6388
7833 3 2 15477 6388 1318
7844 3 2 15478 1318 6389
7845 3 2 15479 6389 2834
7848 3 2 15480 2834 6390
7849 3 2 15481 6390 655
7892 3 2 15482 655 6391
7893 3 2 15483 6391 2835
7896 3 2 15484 2835 6392
7897 3 2 15485 6392 1319
7908 3 2 15486 1319 6393
7909 3 2 15487 6393 2836
7912 3 2 15488 2836 6394
7913 3 2 15489 6394 46
8505 0 1 15678 681 6489
8507 0 1 15679 6489 2917
8513 0 1 15680 2917 6490
8515 0 1 15681 6490 1371
8537 0 1 15682 1371 6491
8539 0 1 15683 6491 2918
8545 0 1 15684 2918 6492
8547 0 1 15685 6492 67
8633 0 1 15686 67 6493
8635 0 1 15687 6493 2919
8641 0 1 15688 2919 6494
8643 0 1 15689 6494 1372
8665 0 1 15690 1372 6495
8667 0 1 15691 6495 2920
8673 0 1 15692 2920 6496
8675 0 1 15693 6496 682
8761 0 1 15694 682 6497
8763 0 1 15695 6497 2921
8769 0 1 15696 2921 6498
8771 0 1 15697 6498 1373
8793 0 1 15698 1373 6499
8795 0 1 15699 6499 2922
8801 0 1 15700 2922 6500
8803 0 1 15701 6500 68
8889 0 1 15702 68 6501
8891 0 1 15703 6501 2923
8897 0 1 15704 2923 6502
8899 0 1 15705 6502 1374
8921 0 1 15706 1374 6503
8923 0 1 15707 6503 2924
8929 0 1 15708 2924 6504
8931 0 1 15709 6504 683
9017 0 1 15710 683 6505
9019 0 1 15711 6505 2925
9025 0 1 15712 2925 6506
9027 0 1 15713 6506 1375
9049 0 1 15714 1375 6507
9051 0 1 15715 6507 2926
9057 0 1 15716 2926 6508
9059 0 1 15717 6508 69
9534 0 3 15718 70 6509
9535 0 3 15719 6509 2927
9538 0 3 15720 2927 6510
9539 0 3 15721 6510 1376
9550 0 3 15722 1376 6511
9551 0 3 15723 6511 2928
9554 0 3 15724 2928 6512
9555 0 3 15725 6512 684
9598 0 3 15726 684 6513
9599 0 3 15727 6513 2929
9602 0 3 15728 2929 6514
9603 0 3 15729 6514 1377
9614 0 3 15730 1377 6515
9615 0 3 15731 6515 2930
9618 0 3 15732 2930 6516
9619 0 3 15733 6516 69
9790 0 3 15734 71 6517
9791 0 3 15735 6517 2931
9794 0 3 15736 2931 6518
9795 0 3 15737 6518 1378
9806 0 3 15738 1378 6519
9807 0 3 15739 6519 2932
9810 0 3 15740 2932 6520
9811 0 3 15741 6520 685
9854 0 3 15742 685 6521
9855 0 3 15743 6521 2933
9858 0 3 15744 2933 6522
9859 0 3 15745 6522 1379
9870 0 3 15746 1379 6523
9871 0 3 15747 6523 2934
9874 0 3 15748 2934 6524
9875 0 3 15749 6524 70
