0 0.000000 0.000000 117 
 1 1.000000 0.000000 133 
 2 0.000000 1.000000 654 
 3 1.000000 1.000000 717 
 4 0.041667 0.000000 117 118 
 5 0.083333 0.000000 118 385 
 6 0.125000 0.000000 385 386 
 7 0.166667 0.000000 360 386 
 8 0.208333 0.000000 360 361 
 9 0.250000 0.000000 361 365 
 10 0.291667 0.000000 365 366 
 11 0.333333 0.000000 222 366 
 12 0.375000 0.000000 222 223 
 13 0.416667 0.000000 223 346 
 14 0.458333 0.000000 346 347 
 15 0.500000 0.000000 95 347 
 16 0.541667 0.000000 92 95 
 17 0.583333 0.000000 92 245 
 18 0.625000 0.000000 242 245 
 19 0.666667 0.000000 213 242 
 20 0.708333 0.000000 213 214 
 21 0.750000 0.000000 214 218 
 22 0.791667 0.000000 218 219 
 23 0.833333 0.000000 219 254 
 24 0.875000 0.000000 254 255 
 25 0.916667 0.000000 132 255 
 26 0.958333 0.000000 132 133 
 27 1.000000 0.041667 133 134 
 28 1.000000 0.083333 134 318 
 29 1.000000 0.125000 318 319 
 30 1.000000 0.166667 319 390 
 31 1.000000 0.208333 390 391 
 32 1.000000 0.250000 352 391 
 33 1.000000 0.291667 352 353 
 34 1.000000 0.333333 353 357 
 35 1.000000 0.375000 357 358 
 36 1.000000 0.416667 240 358 
 37 1.000000 0.458333 240 241 
 38 1.000000 0.500000 241 788 
 39 1.000000 0.541667 789 792 
 40 1.000000 0.583333 600 793 
 41 1.000000 0.625000 601 604 
 42 1.000000 0.666667 605 692 
 43 1.000000 0.708333 693 696 
 44 1.000000 0.750000 697 724 
 45 1.000000 0.791667 725 728 
 46 1.000000 0.833333 538 729 
 47 1.000000 0.875000 536 542 
 48 1.000000 0.916667 540 712 
 49 1.000000 0.958333 713 716 
 50 0.958333 1.000000 705 719 
 51 0.916667 1.000000 573 707 
 52 0.875000 1.000000 561 575 
 53 0.833333 1.000000 563 949 
 54 0.791667 1.000000 951 953 
 55 0.750000 1.000000 955 971 
 56 0.708333 1.000000 970 975 
 57 0.666667 1.000000 933 974 
 58 0.625000 1.000000 935 937 
 59 0.583333 1.000000 939 1059 
 60 0.541667 1.000000 1058 1063 
 61 0.500000 1.000000 447 1062 
 62 0.458333 1.000000 435 446 
 63 0.416667 1.000000 434 829 
 64 0.375000 1.000000 817 831 
 65 0.333333 1.000000 761 819 
 66 0.291667 1.000000 763 765 
 67 0.250000 1.000000 767 781 
 68 0.208333 1.000000 783 785 
 69 0.166667 1.000000 787 859 
 70 0.125000 1.000000 858 863 
 71 0.083333 1.000000 651 862 
 72 0.041667 1.000000 650 655 
 73 0.000000 0.958333 642 652 
 74 0.000000 0.916667 468 640 
 75 0.000000 0.875000 469 472 
 76 0.000000 0.833333 473 1102 
 77 0.000000 0.791667 1090 1100 
 78 0.000000 0.750000 1050 1088 
 79 0.000000 0.708333 1048 1054 
 80 0.000000 0.666667 201 1052 
 81 0.000000 0.625000 201 202 
 82 0.000000 0.583333 202 264 
 83 0.000000 0.541667 264 265 
 84 0.000000 0.500000 208 265 
 85 0.000000 0.458333 208 209 
 86 0.000000 0.416667 98 209 
 87 0.000000 0.375000 98 99 
 88 0.000000 0.333333 99 168 
 89 0.000000 0.291667 168 169 
 90 0.000000 0.250000 169 177 
 91 0.000000 0.208333 177 178 
 92 0.000000 0.166667 90 178 
 93 0.000000 0.125000 90 91 
 94 0.000000 0.083333 91 116 
 95 0.000000 0.041667 116 117 
 96 0.083333 0.583331 192 203 263 376 
 97 0.916666 0.499998 238 307 520 802 
 98 0.416666 0.083331 220 345 374 382 
 99 0.583333 0.916665 942 1033 1069 1082 
 100 0.750000 0.083332 35 120 215 217 
 101 0.916666 0.666665 581 595 668 690 
 102 0.250000 0.916665 413 448 770 776 
 103 0.083333 0.333331 96 147 155 167 
 104 0.750000 0.916665 609 958 965 1006 
 105 0.250000 0.083332 362 364 370 397 
 106 0.083333 0.833332 479 545 1022 1099 
 107 0.916667 0.166666 278 320 339 389 
 108 0.916667 0.916666 529 568 710 740 
 109 0.083333 0.083333 3 88 119 384 
 110 0.083333 0.916666 466 556 645 864 
 111 0.083333 0.499998 66 211 262 377 
 112 0.416666 0.916665 436 488 824 896 
 113 0.916666 0.333331 127 226 354 356 
 114 0.583333 0.083331 93 114 244 259 
 115 0.083333 0.249998 42 144 166 176 
 116 0.916666 0.749998 424 657 703 722 
 117 0.083333 0.749998 978 1012 1047 1093 
 118 0.916667 0.083333 135 256 317 338 
 119 0.166666 0.583329 193 300 329 379 
 120 0.833333 0.749997 422 496 637 663 
 121 0.166666 0.249997 23 41 131 145 
 122 0.166666 0.833331 459 551 683 1019 
 123 0.333333 0.916665 408 493 756 822 
 124 0.833333 0.166665 122 138 281 340 
 125 0.083333 0.166666 2 43 89 179 
 126 0.666666 0.083331 34 115 212 243 
 127 0.916667 0.833332 429 535 735 738 
 128 0.833333 0.916666 566 620 745 944 
 129 0.916666 0.583331 525 576 598 799 
 130 0.916666 0.416665 227 239 306 355 
 131 0.083333 0.416664 67 97 154 210 
 132 0.500000 0.916665 441 894 1064 1084 
 133 0.500000 0.083331 94 258 348 383 
 134 0.333333 0.083331 221 363 371 373 
 135 0.083333 0.666665 191 204 392 1041 
 136 0.916666 0.249998 126 279 351 388 
 137 0.666666 0.916665 928 960 1008 1028 
 138 0.166667 0.916666 453 554 774 869 
 139 0.833333 0.083332 121 216 257 337 
 140 0.166667 0.083332 0 359 387 396 
 141 0.499999 0.166662 199 261 267 380 
 142 0.833333 0.416663 143 207 224 308 
 143 0.499999 0.833329 851 907 914 1073 
 144 0.166666 0.666663 161 194 299 393 
 145 0.166666 0.166664 1 20 40 399 
 146 0.333333 0.833330 406 483 673 811 
 147 0.750000 0.833330 507 615 983 1003 
 148 0.250000 0.833330 403 462 679 685 
 149 0.250000 0.166664 21 234 369 398 
 150 0.666666 0.166663 33 104 112 185 
 151 0.750000 0.166664 32 105 123 137 
 152 0.833333 0.583329 515 590 837 872 
 153 0.166666 0.416662 47 64 148 157 
 154 0.166666 0.499996 46 65 330 378 
 155 0.833333 0.666663 587 632 666 877 
 156 0.166666 0.333330 130 146 149 156 
 157 0.416666 0.166663 266 343 375 381 
 158 0.833333 0.833331 419 501 618 751 
 159 0.583333 0.833329 911 919 1039 1079 
 160 0.166666 0.749997 160 170 394 395 
 161 0.833333 0.333330 75 124 142 225 
 162 0.833333 0.249997 74 125 139 280 
 163 0.249999 0.583328 77 301 332 335 
 164 0.416666 0.249994 83 269 296 344 
 165 0.583333 0.749995 87 323 350 367 
 166 0.749999 0.416661 48 103 140 206 
 167 0.249999 0.416661 44 110 151 173 
 168 0.666666 0.249995 107 186 283 313 
 169 0.749999 0.583328 232 293 843 886 
 170 0.333333 0.749995 153 195 303 325 
 171 0.749999 0.749996 510 627 755 993 
 172 0.249999 0.333328 111 129 150 180 
 173 0.249999 0.249996 22 128 181 237 
 174 0.416666 0.833329 486 805 854 901 
 175 0.583333 0.166663 113 184 200 260 
 176 0.833333 0.499996 518 812 832 889 
 177 0.749999 0.333328 72 102 141 315 
 178 0.249999 0.666662 76 158 298 327 
 179 0.333333 0.166663 235 342 368 372 
 180 0.666666 0.833330 925 986 997 1026 
 181 0.749999 0.249996 73 106 136 314 
 182 0.249999 0.749996 152 159 171 326 
 183 0.416666 0.749994 57 196 228 302 
 184 0.583333 0.249994 37 187 197 282 
 185 0.499999 0.749994 56 229 324 349 
 186 0.749999 0.666662 188 233 630 883 
 187 0.333332 0.416660 68 109 174 247 
 188 0.499999 0.249994 36 198 268 297 
 189 0.749999 0.499994 49 205 292 846 
 190 0.249999 0.499994 45 172 331 336 
 191 0.666666 0.416660 51 100 162 272 
 192 0.666666 0.333327 101 271 284 316 
 193 0.333332 0.583326 78 276 288 334 
 194 0.333333 0.666661 79 287 304 328 
 195 0.666666 0.749995 86 189 920 988 
 196 0.333333 0.333327 69 81 108 183 
 197 0.333333 0.249995 82 182 236 341 
 198 0.583332 0.666660 8 84 311 322 
 199 0.499999 0.666660 9 54 59 321 
 200 0.499999 0.333326 25 39 60 294 
 201 0.416666 0.416659 30 62 71 248 
 202 0.583332 0.416659 17 27 165 273 
 203 0.416666 0.583326 5 52 275 289 
 204 0.583332 0.333327 26 38 270 285 
 205 0.416666 0.666660 55 58 286 305 
 206 0.416666 0.333327 63 70 80 295 
 207 0.333332 0.499993 175 246 277 333 
 208 0.666666 0.499993 50 163 252 291 
 209 0.666666 0.583327 231 253 290 309 
 210 0.666666 0.666661 85 190 230 310 
 211 0.499999 0.583326 4 10 12 53 
 212 0.583332 0.499992 14 18 164 251 
 213 0.583332 0.583326 11 15 250 312 
 214 0.499999 0.416659 16 24 31 61 
 215 0.416666 0.499992 6 29 249 274 
 216 0.499999 0.499992 7 13 19 28 
 217 0.166666 0.124998 0 1 396 399 
 218 0.125000 0.166665 1 2 40 43 
 219 0.083333 0.124999 2 3 88 89 
 220 0.125000 0.083332 0 3 384 387 
 221 0.125000 0.124999 0 1 2 3 
 222 0.458332 0.583326 4 5 52 53 
 223 0.416666 0.541659 5 6 274 275 
 224 0.458332 0.499992 6 7 28 29 
 225 0.499999 0.541659 4 7 12 13 
 226 0.458332 0.541659 4 5 6 7 
 227 0.541666 0.666660 8 9 321 322 
 228 0.499999 0.624993 9 10 53 54 
 229 0.541666 0.583326 10 11 12 15 
 230 0.583332 0.624993 8 11 311 312 
 231 0.541666 0.624993 8 9 10 11 
 232 0.541666 0.499992 13 14 18 19 
 233 0.583332 0.541659 14 15 250 251 
 234 0.541666 0.541659 12 13 14 15 
 235 0.541666 0.416659 16 17 24 27 
 236 0.583332 0.458326 17 18 164 165 
 237 0.499999 0.458326 16 19 28 31 
 238 0.541666 0.458326 16 17 18 19 
 239 0.208333 0.166664 20 21 398 399 
 240 0.250000 0.208330 21 22 234 237 
 241 0.208333 0.249996 22 23 128 131 
 242 0.166666 0.208331 20 23 40 41 
 243 0.208333 0.208330 20 21 22 23 
 244 0.291666 0.833330 402 407 675 677 
 245 0.333333 0.874997 404 410 481 495 
 246 0.291666 0.916665 409 412 758 768 
 247 0.250000 0.874998 401 415 450 460 
 248 0.291666 0.874997 400 405 411 414 
 249 0.499999 0.374993 24 25 60 61 
 250 0.541666 0.333326 25 26 38 39 
 251 0.583332 0.374993 26 27 270 273 
 252 0.541666 0.374993 24 25 26 27 
 253 0.416666 0.458326 29 30 248 249 
 254 0.458332 0.416659 30 31 61 62 
 255 0.458332 0.458326 28 29 30 31 
 256 0.708333 0.166663 32 33 104 105 
 257 0.666666 0.124997 33 34 112 115 
 258 0.708333 0.083332 34 35 212 215 
 259 0.750000 0.124998 32 35 120 123 
 260 0.708333 0.124997 32 33 34 35 
 261 0.541666 0.249994 36 37 197 198 
 262 0.583333 0.291660 37 38 282 285 
 263 0.499999 0.291660 36 39 294 297 
 264 0.541666 0.291660 36 37 38 39 
 265 0.125000 0.249998 41 42 144 145 
 266 0.083333 0.208332 42 43 176 179 
 267 0.125000 0.208331 40 41 42 43 
 268 0.833333 0.791664 418 423 497 500 
 269 0.875000 0.749998 420 426 659 661 
 270 0.916666 0.791665 425 428 723 734 
 271 0.875000 0.833332 417 431 739 750 
 272 0.875000 0.791665 416 421 427 430 
 273 0.249999 0.458327 44 45 172 173 
 274 0.208333 0.499995 45 46 330 331 
 275 0.166666 0.458329 46 47 64 65 
 276 0.208333 0.416662 44 47 148 151 
 277 0.208333 0.458328 44 45 46 47 
 278 0.749999 0.458328 48 49 205 206 
 279 0.708332 0.499994 49 50 291 292 
 280 0.666666 0.458327 50 51 162 163 
 281 0.708333 0.416660 48 51 100 103 
 282 0.708333 0.458327 48 49 50 51 
 283 0.458332 0.666660 54 55 58 59 
 284 0.416666 0.624993 52 55 286 289 
 285 0.458332 0.624993 52 53 54 55 
 286 0.458333 0.749994 56 57 228 229 
 287 0.416666 0.708327 57 58 302 305 
 288 0.499999 0.708327 56 59 321 324 
 289 0.458333 0.708327 56 57 58 59 
 290 0.416667 0.958332 432 438 825 828 
 291 0.458333 0.916665 437 440 892 898 
 292 0.500000 0.958332 443 445 1060 1066 
 293 0.458333 0.958332 433 439 442 444 
 294 0.208333 0.916665 449 452 772 778 
 295 0.166666 0.874998 455 457 550 555 
 296 0.208333 0.833331 458 463 681 687 
 297 0.208333 0.874998 451 454 456 461 
 298 0.041667 0.916666 464 470 641 644 
 299 0.041667 0.833333 475 477 1098 1103 
 300 0.083333 0.874999 467 478 544 557 
 301 0.041667 0.875000 465 471 474 476 
 302 0.416666 0.374993 62 63 70 71 
 303 0.458332 0.333326 60 63 294 295 
 304 0.458332 0.374993 60 61 62 63 
 305 0.125000 0.499997 65 66 377 378 
 306 0.083333 0.458331 66 67 210 211 
 307 0.125000 0.416663 64 67 154 157 
 308 0.125000 0.458330 64 65 66 67 
 309 0.374999 0.833330 482 487 807 809 
 310 0.416666 0.874997 484 490 897 900 
 311 0.375000 0.916665 489 492 820 826 
 312 0.375000 0.874997 480 485 491 494 
 313 0.333332 0.374993 68 69 108 109 
 314 0.374999 0.333327 69 70 80 81 
 315 0.374999 0.416659 68 71 247 248 
 316 0.374999 0.374993 68 69 70 71 
 317 0.749999 0.291662 72 73 314 315 
 318 0.791666 0.249996 73 74 136 139 
 319 0.833333 0.291663 74 75 124 125 
 320 0.791666 0.333329 72 75 141 142 
 321 0.791666 0.291663 72 73 74 75 
 322 0.791666 0.833331 503 505 614 619 
 323 0.750000 0.791663 506 511 981 995 
 324 0.791666 0.749997 498 508 625 639 
 325 0.791666 0.791664 499 502 504 509 
 326 0.249999 0.624995 76 77 298 301 
 327 0.291666 0.583327 77 78 334 335 
 328 0.333332 0.624994 78 79 287 288 
 329 0.291666 0.666661 76 79 327 328 
 330 0.291666 0.624994 76 77 78 79 
 331 0.333333 0.291661 81 82 182 183 
 332 0.374999 0.249995 82 83 341 344 
 333 0.416666 0.291660 80 83 295 296 
 334 0.374999 0.291661 80 81 82 83 
 335 0.624999 0.666660 84 85 310 311 
 336 0.666666 0.708328 85 86 189 190 
 337 0.624999 0.749995 86 87 367 922 
 338 0.583333 0.708327 84 87 322 323 
 339 0.624999 0.708328 84 85 86 87 
 340 0.833333 0.541663 514 519 833 836 
 341 0.875000 0.499997 307 516 522 888 
 342 0.916666 0.541665 521 524 798 803 
 343 0.875000 0.583330 513 527 578 588 
 344 0.875000 0.541664 512 517 523 526 
 345 0.916667 0.874999 531 533 736 742 
 346 0.958333 0.833333 534 539 731 733 
 347 0.958333 0.916666 528 541 708 714 
 348 0.958333 0.875000 530 532 537 543 
 349 0.041667 0.166666 89 90 178 179 
 350 0.041667 0.083333 88 91 116 119 
 351 0.041667 0.125000 88 89 90 91 
 352 0.125000 0.833332 547 549 1018 1023 
 353 0.125000 0.916666 552 558 865 868 
 354 0.125000 0.874999 546 548 553 559 
 355 0.583333 0.041666 92 93 244 245 
 356 0.541666 0.083331 93 94 258 259 
 357 0.500000 0.041666 94 95 347 348 
 358 0.541667 0.041666 92 93 94 95 
 359 0.833333 0.958333 562 567 945 948 
 360 0.875000 0.916666 564 570 741 744 
 361 0.916667 0.958333 569 572 706 711 
 362 0.875000 0.958333 560 565 571 574 
 363 0.083333 0.374998 96 97 154 155 
 364 0.041667 0.416666 97 98 209 210 
 365 0.041667 0.333332 96 99 167 168 
 366 0.041667 0.374999 96 97 98 99 
 367 0.666666 0.374994 100 101 271 272 
 368 0.708333 0.333328 101 102 315 316 
 369 0.749999 0.374995 102 103 140 141 
 370 0.708333 0.374994 100 101 102 103 
 371 0.750000 0.208330 105 106 136 137 
 372 0.708333 0.249995 106 107 313 314 
 373 0.666666 0.208329 104 107 185 186 
 374 0.708333 0.208329 104 105 106 107 
 375 0.291666 0.416660 109 110 173 174 
 376 0.249999 0.374994 110 111 150 151 
 377 0.291666 0.333328 108 111 180 183 
 378 0.291666 0.374994 108 109 110 111 
 379 0.916666 0.624998 577 580 594 599 
 380 0.875000 0.666664 583 585 664 670 
 381 0.833333 0.624996 586 591 873 876 
 382 0.875000 0.624997 579 582 584 589 
 383 0.624999 0.166663 112 113 184 185 
 384 0.583333 0.124997 113 114 259 260 
 385 0.625000 0.083331 114 115 243 244 
 386 0.625000 0.124997 112 113 114 115 
 387 0.083333 0.041666 118 119 384 385 
 388 0.041667 0.041667 116 117 118 119 
 389 0.958333 0.583332 596 602 795 797 
 390 0.958333 0.666666 593 607 688 694 
 391 0.958333 0.624999 592 597 603 606 
 392 0.791666 0.083332 120 121 216 217 
 393 0.833333 0.124998 121 122 337 340 
 394 0.791666 0.166664 122 123 137 138 
 395 0.791666 0.124998 120 121 122 123 
 396 0.875000 0.249998 125 126 279 280 
 397 0.916666 0.291665 126 127 351 354 
 398 0.875000 0.333331 124 127 225 226 
 399 0.875000 0.291664 124 125 126 127 
 400 0.750000 0.874998 611 613 1002 1007 
 401 0.833333 0.874998 616 622 747 749 
 402 0.791666 0.916665 608 621 946 956 
 403 0.791666 0.874998 610 612 617 623 
 404 0.249999 0.291662 128 129 180 181 
 405 0.208333 0.333329 129 130 149 150 
 406 0.166666 0.291663 130 131 145 146 
 407 0.208333 0.291663 128 129 130 131 
 408 0.749999 0.708329 188 626 631 753 
 409 0.791666 0.666663 628 634 879 881 
 410 0.833333 0.708330 633 636 662 667 
 411 0.791666 0.708330 624 629 635 638 
 412 0.958333 0.083333 134 135 317 318 
 413 0.916667 0.041666 132 135 255 256 
 414 0.958333 0.041667 132 133 134 135 
 415 0.083333 0.958333 647 649 860 866 
 416 0.041667 0.958333 643 646 648 653 
 417 0.916666 0.708332 656 669 691 702 
 418 0.875000 0.708331 658 660 665 671 
 419 0.833333 0.208331 138 139 280 281 
 420 0.791666 0.208330 136 137 138 139 
 421 0.833333 0.374996 142 143 224 225 
 422 0.791666 0.416662 140 143 206 207 
 423 0.791666 0.374995 140 141 142 143 
 424 0.125000 0.333330 146 147 155 156 
 425 0.083333 0.291665 144 147 166 167 
 426 0.125000 0.291664 144 145 146 147 
 427 0.166666 0.374996 148 149 156 157 
 428 0.208333 0.374995 148 149 150 151 
 429 0.250000 0.791663 152 171 678 684 
 430 0.291666 0.749995 152 153 325 326 
 431 0.333333 0.791662 153 195 672 810 
 432 0.291666 0.791663 152 153 674 676 
 433 0.125000 0.374997 154 155 156 157 
 434 0.249999 0.708329 158 159 326 327 
 435 0.208333 0.749996 159 160 170 171 
 436 0.166666 0.708330 160 161 393 394 
 437 0.208333 0.666662 158 161 298 299 
 438 0.208333 0.708329 158 159 160 161 
 439 0.624999 0.499993 163 164 251 252 
 440 0.624999 0.416660 162 165 272 273 
 441 0.624999 0.458326 162 163 164 165 
 442 0.041667 0.249999 166 169 176 177 
 443 0.041667 0.291666 166 167 168 169 
 444 0.166666 0.791664 170 395 682 1017 
 445 0.208333 0.791664 170 171 680 686 
 446 0.958333 0.749999 699 701 720 726 
 447 0.958333 0.708332 689 695 698 700 
 448 0.958333 0.958333 704 709 715 718 
 449 0.958333 0.791666 721 727 730 732 
 450 0.875000 0.874999 737 743 746 748 
 451 0.333332 0.458326 174 175 246 247 
 452 0.291666 0.499994 172 175 333 336 
 453 0.291666 0.458327 172 173 174 175 
 454 0.041667 0.208333 176 177 178 179 
 455 0.291666 0.249995 181 182 236 237 
 456 0.291666 0.291661 180 181 182 183 
 457 0.624999 0.249995 186 187 282 283 
 458 0.583333 0.208328 184 187 197 200 
 459 0.624999 0.208329 184 185 186 187 
 460 0.708333 0.749996 189 754 989 992 
 461 0.708333 0.666661 188 190 230 233 
 462 0.708333 0.708328 188 189 190 752 
 463 0.333333 0.958332 757 760 818 823 
 464 0.250000 0.958333 766 771 777 780 
 465 0.291667 0.958332 759 762 764 769 
 466 0.166667 0.958333 775 786 857 871 
 467 0.208333 0.958333 773 779 782 784 
 468 0.083333 0.624998 191 192 203 204 
 469 0.125000 0.583330 192 193 376 379 
 470 0.166666 0.624996 193 194 299 300 
 471 0.125000 0.666664 191 194 392 393 
 472 0.125000 0.624997 191 192 193 194 
 473 0.958333 0.499999 238 241 790 800 
 474 0.958333 0.541666 791 794 796 801 
 475 0.374999 0.749995 195 196 302 303 
 476 0.416666 0.791662 196 228 804 852 
 477 0.374999 0.791662 195 196 806 808 
 478 0.499999 0.208328 198 199 267 268 
 479 0.541666 0.166662 199 200 260 261 
 480 0.541666 0.208328 197 198 199 200 
 481 0.041667 0.583332 202 203 263 264 
 482 0.041667 0.666666 201 204 1040 1053 
 483 0.041667 0.624999 201 202 203 204 
 484 0.833333 0.458329 207 308 814 891 
 485 0.791666 0.499995 205 813 834 844 
 486 0.791666 0.458328 205 206 207 815 
 487 0.041667 0.499999 208 211 262 265 
 488 0.041667 0.458332 208 209 210 211 
 489 0.375000 0.958332 816 821 827 830 
 490 0.791666 0.583329 839 841 874 884 
 491 0.749999 0.541661 292 293 842 847 
 492 0.791666 0.541662 835 838 840 845 
 493 0.666667 0.041666 212 213 242 243 
 494 0.750000 0.041666 214 215 217 218 
 495 0.708333 0.041666 212 213 214 215 
 496 0.833333 0.041666 216 219 254 257 
 497 0.791667 0.041666 216 217 218 219 
 498 0.375000 0.083331 220 221 373 374 
 499 0.333333 0.041666 221 222 363 366 
 500 0.416667 0.041666 220 223 345 346 
 501 0.375000 0.041666 220 221 222 223 
 502 0.916666 0.374998 226 227 355 356 
 503 0.875000 0.416664 224 227 306 308 
 504 0.875000 0.374997 224 225 226 227 
 505 0.499999 0.791662 229 349 849 912 
 506 0.458333 0.833329 850 855 903 905 
 507 0.458333 0.791662 228 229 848 853 
 508 0.666666 0.624994 230 231 309 310 
 509 0.708333 0.583327 231 232 290 293 
 510 0.749999 0.624995 232 233 882 887 
 511 0.708333 0.624994 230 231 232 233 
 512 0.125000 0.958333 856 861 867 870 
 513 0.291666 0.166663 234 235 368 369 
 514 0.333333 0.208329 235 236 341 342 
 515 0.291666 0.208329 234 235 236 237 
 516 0.791666 0.624996 875 878 880 885 
 517 0.916666 0.458331 238 239 306 307 
 518 0.958333 0.416666 239 240 355 358 
 519 0.958333 0.458332 238 239 240 241 
 520 0.625000 0.041666 242 243 244 245 
 521 0.374999 0.499993 246 249 274 277 
 522 0.374999 0.458326 246 247 248 249 
 523 0.666666 0.541660 252 253 290 291 
 524 0.624999 0.583326 250 253 309 312 
 525 0.624999 0.541660 250 251 252 253 
 526 0.875000 0.083332 256 257 337 338 
 527 0.875000 0.041666 254 255 256 257 
 528 0.500000 0.124997 258 261 380 383 
 529 0.541666 0.124997 258 259 260 261 
 530 0.083333 0.541664 262 263 376 377 
 531 0.041667 0.541666 262 263 264 265 
 532 0.458333 0.166662 266 267 380 381 
 533 0.458333 0.249994 268 269 296 297 
 534 0.416666 0.208328 266 269 343 344 
 535 0.458333 0.208328 266 267 268 269 
 536 0.624999 0.333327 270 271 284 285 
 537 0.624999 0.374993 270 271 272 273 
 538 0.374999 0.583326 275 276 288 289 
 539 0.333332 0.541660 276 277 333 334 
 540 0.374999 0.541659 274 275 276 277 
 541 0.916666 0.208332 278 279 388 389 
 542 0.875000 0.166665 278 281 339 340 
 543 0.875000 0.208331 278 279 280 281 
 544 0.666666 0.291661 283 284 313 316 
 545 0.624999 0.291661 282 283 284 285 
 546 0.374999 0.666660 286 287 304 305 
 547 0.374999 0.624993 286 287 288 289 
 548 0.708333 0.541661 290 291 292 293 
 549 0.458332 0.291660 294 295 296 297 
 550 0.208333 0.583328 300 301 329 332 
 551 0.208333 0.624995 298 299 300 301 
 552 0.333333 0.708328 303 304 325 328 
 553 0.374999 0.708328 302 303 304 305 
 554 0.875000 0.458330 306 307 308 890 
 555 0.624999 0.624993 309 310 311 312 
 556 0.708333 0.291662 313 314 315 316 
 557 0.958333 0.166666 319 320 389 390 
 558 0.916667 0.124999 317 320 338 339 
 559 0.958333 0.125000 317 318 319 320 
 560 0.541666 0.749994 323 324 349 350 
 561 0.541666 0.708327 321 322 323 324 
 562 0.291666 0.708328 325 326 327 328 
 563 0.500000 0.874997 895 906 1072 1085 
 564 0.458333 0.874997 893 899 902 904 
 565 0.166666 0.541662 329 330 378 379 
 566 0.249999 0.541661 331 332 335 336 
 567 0.208333 0.541662 329 330 331 332 
 568 0.291666 0.541660 333 334 335 336 
 569 0.875000 0.124999 337 338 339 340 
 570 0.374999 0.166663 342 343 372 375 
 571 0.374999 0.208329 341 342 343 344 
 572 0.458333 0.083331 345 348 382 383 
 573 0.458333 0.041666 345 346 347 348 
 574 0.541666 0.833329 910 915 1075 1077 
 575 0.583333 0.791662 350 367 909 918 
 576 0.541666 0.791662 349 350 908 913 
 577 0.958333 0.249999 351 352 388 391 
 578 0.958333 0.333332 353 354 356 357 
 579 0.958333 0.291666 351 352 353 354 
 580 0.958333 0.374999 355 356 357 358 
 581 0.166667 0.041666 359 360 386 387 
 582 0.250000 0.041666 361 362 364 365 
 583 0.208333 0.083332 359 362 396 397 
 584 0.208333 0.041666 359 360 361 362 
 585 0.291666 0.083332 363 364 370 371 
 586 0.291667 0.041666 363 364 365 366 
 587 0.666666 0.791663 921 924 984 990 
 588 0.625000 0.833330 917 927 1027 1038 
 589 0.624999 0.791662 367 916 923 926 
 590 0.666667 0.958332 929 932 962 972 
 591 0.583333 0.958332 938 943 1057 1071 
 592 0.625000 0.916665 930 940 1029 1032 
 593 0.625000 0.958332 931 934 936 941 
 594 0.250000 0.124998 369 370 397 398 
 595 0.333333 0.124997 368 371 372 373 
 596 0.291666 0.124997 368 369 370 371 
 597 0.416666 0.124997 374 375 381 382 
 598 0.375000 0.124997 372 373 374 375 
 599 0.125000 0.541663 376 377 378 379 
 600 0.458333 0.124997 380 381 382 383 
 601 0.125000 0.041666 384 385 386 387 
 602 0.958333 0.208333 388 389 390 391 
 603 0.750000 0.958333 954 959 967 969 
 604 0.791667 0.958333 947 950 952 957 
 605 0.708333 0.916665 961 964 1004 1010 
 606 0.708333 0.958333 963 966 968 973 
 607 0.083333 0.708332 392 976 1043 1045 
 608 0.125000 0.749998 394 395 979 1013 
 609 0.125000 0.708331 392 393 394 977 
 610 0.708333 0.833330 982 987 999 1001 
 611 0.708333 0.791663 980 985 991 994 
 612 0.666666 0.874997 996 1009 1024 1030 
 613 0.708333 0.874998 998 1000 1005 1011 
 614 0.083333 0.791665 1014 1020 1095 1097 
 615 0.125000 0.791665 395 1015 1016 1021 
 616 0.583333 0.874997 1035 1037 1078 1083 
 617 0.625000 0.874997 1025 1031 1034 1036 
 618 0.041667 0.749999 1046 1051 1089 1092 
 619 0.041667 0.708332 1042 1044 1049 1055 
 620 0.541666 0.916665 1065 1068 1080 1086 
 621 0.541667 0.958332 1056 1061 1067 1070 
 622 0.208333 0.124998 396 397 398 399 
 623 0.541666 0.874997 1074 1076 1081 1087 
 624 0.041667 0.791666 1091 1094 1096 1101 
 625 0.020833 1.000000 654 655 
 626 0.979167 1.000000 717 719 
 627 1.000000 0.520833 788 789 
 628 0.979167 0.499999 788 790 
 629 1.000000 0.562500 792 793 
 630 0.979167 0.541666 789 791 792 794 
 631 1.000000 0.604167 600 601 
 632 0.979167 0.583333 600 602 793 795 
 633 1.000000 0.645833 604 605 
 634 0.979167 0.625000 601 603 604 606 
 635 1.000000 0.687500 692 693 
 636 0.979167 0.666666 605 607 692 694 
 637 1.000000 0.729167 696 697 
 638 0.979167 0.708333 693 695 696 698 
 639 1.000000 0.770833 724 725 
 640 0.979167 0.750000 697 699 724 726 
 641 1.000000 0.812500 728 729 
 642 0.979167 0.791666 725 727 728 730 
 643 0.979167 0.833333 538 539 729 731 
 644 1.000000 0.854167 536 538 
 645 0.979167 0.875000 536 537 542 543 
 646 1.000000 0.895833 540 542 
 647 1.000000 0.937500 712 713 
 648 0.979167 0.916667 540 541 712 714 
 649 1.000000 0.979167 716 717 
 650 0.979167 0.958333 713 715 716 718 
 651 0.937500 1.000000 705 707 
 652 0.895833 1.000000 573 575 
 653 0.854167 1.000000 561 563 
 654 0.812500 1.000000 949 951 
 655 0.770833 1.000000 953 955 
 656 0.729167 1.000000 970 971 
 657 0.687500 1.000000 974 975 
 658 0.645833 1.000000 933 935 
 659 0.604167 1.000000 937 939 
 660 0.562500 1.000000 1058 1059 
 661 0.520833 1.000000 1062 1063 
 662 0.479167 1.000000 446 447 
 663 0.437500 1.000000 434 435 
 664 0.395833 1.000000 829 831 
 665 0.354167 1.000000 817 819 
 666 0.312500 1.000000 761 763 
 667 0.270833 1.000000 765 767 
 668 0.229167 1.000000 781 783 
 669 0.187500 1.000000 785 787 
 670 0.145833 1.000000 858 859 
 671 0.104167 1.000000 862 863 
 672 0.062500 1.000000 650 651 
 673 0.000000 0.979167 652 654 
 674 0.020833 0.958333 642 643 652 653 
 675 0.000000 0.937500 640 642 
 676 0.000000 0.895833 468 469 
 677 0.020833 0.916667 468 470 640 641 
 678 0.000000 0.854167 472 473 
 679 0.020833 0.875000 469 471 472 474 
 680 0.020833 0.833333 473 475 1102 1103 
 681 0.000000 0.812500 1100 1102 
 682 0.020833 0.791666 1090 1091 1100 1101 
 683 0.000000 0.770833 1088 1090 
 684 0.020833 0.750000 1050 1051 1088 1089 
 685 0.000000 0.729167 1048 1050 
 686 0.020833 0.708333 1048 1049 1054 1055 
 687 0.000000 0.687500 1052 1054 
 688 0.020833 0.666666 1052 1053 
 689 0.895833 0.499997 520 522 
 690 0.916666 0.520831 520 521 802 803 
 691 0.583333 0.937498 942 943 1069 1071 
 692 0.583333 0.895831 1033 1035 1082 1083 
 693 0.895833 0.666664 581 583 668 670 
 694 0.916666 0.687498 668 669 690 691 
 695 0.250000 0.895831 413 415 448 450 
 696 0.229166 0.916665 448 449 776 778 
 697 0.250000 0.937499 770 771 776 777 
 698 0.750000 0.895832 609 611 1006 1007 
 699 0.750000 0.937499 958 959 965 967 
 700 0.104166 0.833332 545 547 1022 1023 
 701 0.916667 0.895833 529 531 740 742 
 702 0.895833 0.916666 568 570 740 741 
 703 0.916667 0.937500 568 569 710 711 
 704 0.083333 0.895833 466 467 556 557 
 705 0.104167 0.916666 556 558 864 865 
 706 0.083333 0.937500 645 647 864 866 
 707 0.416666 0.937498 436 438 824 825 
 708 0.437500 0.916665 436 437 896 898 
 709 0.416666 0.895831 488 490 896 897 
 710 0.395833 0.916665 488 489 824 826 
 711 0.895833 0.749998 424 426 657 659 
 712 0.916666 0.770832 424 425 722 723 
 713 0.104166 0.749998 978 979 1012 1013 
 714 0.083333 0.770832 1012 1014 1093 1095 
 715 0.833333 0.770831 422 423 496 497 
 716 0.812500 0.749997 496 498 637 639 
 717 0.333333 0.895831 408 410 493 495 
 718 0.312500 0.916665 408 409 756 758 
 719 0.333333 0.937499 756 757 822 823 
 720 0.895833 0.833332 429 431 738 739 
 721 0.833333 0.937499 566 567 944 945 
 722 0.833333 0.895832 620 622 745 747 
 723 0.812500 0.916666 620 621 944 946 
 724 0.895833 0.583331 525 527 576 578 
 725 0.916666 0.604165 576 577 598 599 
 726 0.500000 0.937498 441 443 1064 1066 
 727 0.500000 0.895831 894 895 1084 1085 
 728 0.520833 0.916665 1064 1065 1084 1086 
 729 0.083333 0.687498 1041 1043 
 730 0.666666 0.937499 928 929 960 962 
 731 0.645833 0.916665 928 930 1028 1029 
 732 0.687500 0.916665 960 961 1008 1010 
 733 0.666666 0.895831 1008 1009 1028 1030 
 734 0.166666 0.895832 453 455 554 555 
 735 0.166667 0.937499 774 775 869 871 
 736 0.520833 0.833329 914 915 1073 1075 
 737 0.312500 0.833330 406 407 673 675 
 738 0.229166 0.833331 462 463 685 687 
 739 0.833333 0.604163 590 591 872 873 
 740 0.812499 0.583329 837 839 872 874 
 741 0.812499 0.666663 632 634 877 879 
 742 0.833333 0.687497 632 633 666 667 
 743 0.812500 0.833331 501 503 618 619 
 744 0.749999 0.604161 886 887 
 745 0.750000 0.770830 510 511 993 995 
 746 0.395833 0.833329 486 487 805 807 
 747 0.437499 0.833329 854 855 901 903 
 748 0.833333 0.520829 518 519 832 833 
 749 0.833333 0.479163 812 814 889 891 
 750 0.812499 0.499996 812 813 832 834 
 751 0.645833 0.833330 925 927 1026 1027 
 752 0.687500 0.833330 986 987 997 999 
 753 0.749999 0.687495 630 631 
 754 0.749999 0.520828 846 847 
 755 0.645833 0.749995 920 922 
 756 0.687499 0.749995 988 989 
 757 0.666666 0.770829 920 921 988 990 
 758 0.270833 0.833330 402 403 677 679 
 759 0.333333 0.854163 404 406 481 483 
 760 0.312500 0.874997 404 405 410 411 
 761 0.270833 0.916665 412 413 768 770 
 762 0.291666 0.895831 409 411 412 414 
 763 0.291666 0.937499 758 759 768 769 
 764 0.250000 0.854164 401 403 460 462 
 765 0.229166 0.874998 450 451 460 461 
 766 0.291666 0.854164 400 402 405 407 
 767 0.270833 0.874998 400 401 414 415 
 768 0.833333 0.812498 418 419 500 501 
 769 0.812500 0.791664 497 499 500 502 
 770 0.854166 0.749997 420 422 661 663 
 771 0.875000 0.770831 420 421 426 427 
 772 0.916667 0.812499 428 429 734 735 
 773 0.895833 0.791665 425 427 428 430 
 774 0.854166 0.833332 417 419 750 751 
 775 0.854166 0.791665 416 418 421 423 
 776 0.875000 0.812498 416 417 430 431 
 777 0.416667 0.979166 432 434 828 829 
 778 0.437500 0.958332 432 433 438 439 
 779 0.395833 0.958332 825 827 828 830 
 780 0.479166 0.916665 440 441 892 894 
 781 0.458333 0.937498 437 439 440 442 
 782 0.458333 0.895831 892 893 898 899 
 783 0.500000 0.979166 445 447 1060 1062 
 784 0.520833 0.958332 1060 1061 1066 1067 
 785 0.458333 0.979166 433 435 444 446 
 786 0.479167 0.958332 442 443 444 445 
 787 0.187500 0.916665 452 453 772 774 
 788 0.208333 0.895832 449 451 452 454 
 789 0.208333 0.937499 772 773 778 779 
 790 0.166666 0.854165 457 459 550 551 
 791 0.187500 0.833331 458 459 681 683 
 792 0.187500 0.874998 454 455 456 457 
 793 0.208333 0.854164 456 458 461 463 
 794 0.062500 0.916666 464 466 644 645 
 795 0.041667 0.895833 464 465 470 471 
 796 0.041667 0.937500 641 643 644 646 
 797 0.062500 0.833332 477 479 1098 1099 
 798 0.083333 0.854166 478 479 544 545 
 799 0.104167 0.874999 544 546 557 559 
 800 0.041667 0.854166 474 475 476 477 
 801 0.062500 0.874999 465 467 476 478 
 802 0.354166 0.833330 482 483 809 811 
 803 0.416666 0.854163 484 486 900 901 
 804 0.395833 0.874997 484 485 490 491 
 805 0.437500 0.874997 897 899 900 902 
 806 0.354166 0.916665 492 493 820 822 
 807 0.375000 0.895831 489 491 492 494 
 808 0.375000 0.937498 820 821 826 827 
 809 0.354166 0.874997 480 481 494 495 
 810 0.375000 0.854163 480 482 485 487 
 811 0.770833 0.833331 505 507 614 615 
 812 0.750000 0.812497 506 507 981 983 
 813 0.770833 0.749996 508 510 625 627 
 814 0.791666 0.770830 498 499 508 509 
 815 0.791666 0.812497 502 503 504 505 
 816 0.770833 0.791664 504 506 509 511 
 817 0.624999 0.770829 922 923 
 818 0.833333 0.562496 514 515 836 837 
 819 0.812499 0.541662 833 835 836 838 
 820 0.854166 0.499996 516 518 888 889 
 821 0.875000 0.520830 516 517 522 523 
 822 0.875000 0.479164 888 890 
 823 0.916666 0.562498 524 525 798 799 
 824 0.895833 0.541664 521 523 524 526 
 825 0.854166 0.583330 513 515 588 590 
 826 0.875000 0.604164 578 579 588 589 
 827 0.854166 0.541663 512 514 517 519 
 828 0.875000 0.562497 512 513 526 527 
 829 0.916667 0.854166 533 535 736 738 
 830 0.895833 0.874999 736 737 742 743 
 831 0.937500 0.833333 534 535 733 735 
 832 0.937500 0.916666 528 529 708 710 
 833 0.958333 0.895833 528 530 541 543 
 834 0.958333 0.937500 708 709 714 715 
 835 0.937500 0.874999 530 531 532 533 
 836 0.958333 0.854166 532 534 537 539 
 837 0.145833 0.833331 549 551 1018 1019 
 838 0.145833 0.916666 552 554 868 869 
 839 0.125000 0.895832 552 553 558 559 
 840 0.125000 0.937499 865 867 868 870 
 841 0.145833 0.874999 548 550 553 555 
 842 0.125000 0.854165 546 547 548 549 
 843 0.833333 0.979166 562 563 948 949 
 844 0.812500 0.958333 945 947 948 950 
 845 0.854167 0.916666 564 566 744 745 
 846 0.875000 0.937499 564 565 570 571 
 847 0.875000 0.895832 741 743 744 746 
 848 0.916667 0.979167 572 573 706 707 
 849 0.895833 0.958333 569 571 572 574 
 850 0.875000 0.979166 560 561 574 575 
 851 0.854167 0.958333 560 562 565 567 
 852 0.916666 0.645831 580 581 594 595 
 853 0.895833 0.624998 577 579 580 582 
 854 0.854166 0.666664 585 587 664 666 
 855 0.875000 0.687497 664 665 670 671 
 856 0.833333 0.645830 586 587 876 877 
 857 0.812499 0.624996 873 875 876 878 
 858 0.875000 0.645831 582 583 584 585 
 859 0.854166 0.624997 584 586 589 591 
 860 0.937500 0.583332 596 598 797 799 
 861 0.958333 0.604166 596 597 602 603 
 862 0.937500 0.666665 593 595 688 690 
 863 0.958333 0.687499 688 689 694 695 
 864 0.937500 0.624999 592 594 597 599 
 865 0.958333 0.645832 592 593 606 607 
 866 0.750000 0.854164 613 615 1002 1003 
 867 0.833333 0.854165 616 618 749 751 
 868 0.812500 0.874998 616 617 622 623 
 869 0.770833 0.916665 608 609 956 958 
 870 0.791666 0.895832 608 610 621 623 
 871 0.791667 0.937499 946 947 956 957 
 872 0.791666 0.854165 612 614 617 619 
 873 0.770833 0.874998 610 611 612 613 
 874 0.749999 0.729162 626 627 753 755 
 875 0.770833 0.666662 628 630 881 883 
 876 0.791666 0.687496 628 629 634 635 
 877 0.833333 0.729164 636 637 662 663 
 878 0.812500 0.708330 633 635 636 638 
 879 0.791666 0.729163 624 625 638 639 
 880 0.770833 0.708329 624 626 629 631 
 881 0.083333 0.979167 649 651 860 862 
 882 0.104167 0.958333 860 861 866 867 
 883 0.041667 0.979167 648 650 653 655 
 884 0.062500 0.958333 646 647 648 649 
 885 0.916666 0.729165 656 657 702 703 
 886 0.895833 0.708331 656 658 669 671 
 887 0.875000 0.729164 658 659 660 661 
 888 0.854166 0.708331 660 662 665 667 
 889 0.250000 0.812497 678 679 684 685 
 890 0.229166 0.791663 684 686 
 891 0.333333 0.812496 672 673 810 811 
 892 0.312499 0.791663 672 674 
 893 0.291666 0.812496 674 675 676 677 
 894 0.270833 0.791663 676 678 
 895 0.166666 0.812498 682 683 1017 1019 
 896 0.208333 0.812497 680 681 686 687 
 897 0.187500 0.791664 680 682 
 898 0.937500 0.749999 701 703 720 722 
 899 0.958333 0.770833 720 721 726 727 
 900 0.937500 0.708332 689 691 700 702 
 901 0.958333 0.729166 698 699 700 701 
 902 0.958333 0.979167 704 705 718 719 
 903 0.937500 0.958333 704 706 709 711 
 904 0.937500 0.791666 721 723 732 734 
 905 0.958333 0.812499 730 731 732 733 
 906 0.875000 0.854165 737 739 748 750 
 907 0.854166 0.874999 746 747 748 749 
 908 0.729166 0.749996 754 755 992 993 
 909 0.708333 0.770829 989 991 992 994 
 910 0.729166 0.708329 752 753 
 911 0.708333 0.729162 752 754 
 912 0.333333 0.979166 760 761 818 819 
 913 0.312500 0.958332 757 759 760 762 
 914 0.250000 0.979166 766 767 780 781 
 915 0.229167 0.958333 777 779 780 782 
 916 0.291667 0.979166 762 763 764 765 
 917 0.270833 0.958333 764 766 769 771 
 918 0.166667 0.979166 786 787 857 859 
 919 0.208333 0.979166 782 783 784 785 
 920 0.187500 0.958333 773 775 784 786 
 921 0.937500 0.499998 800 802 
 922 0.958333 0.520832 790 791 800 801 
 923 0.937500 0.541665 796 798 801 803 
 924 0.958333 0.562499 794 795 796 797 
 925 0.416666 0.812496 804 805 852 854 
 926 0.395833 0.791662 804 806 
 927 0.437499 0.791662 852 853 
 928 0.374999 0.812496 806 807 808 809 
 929 0.354166 0.791662 808 810 
 930 0.062500 0.666665 1040 1041 
 931 0.041667 0.687499 1040 1042 1053 1055 
 932 0.812499 0.458329 814 815 
 933 0.770833 0.499995 844 846 
 934 0.791666 0.479162 813 815 
 935 0.791666 0.520828 834 835 844 845 
 936 0.375000 0.979166 816 817 830 831 
 937 0.354167 0.958332 816 818 821 823 
 938 0.770833 0.583328 841 843 884 886 
 939 0.791666 0.604162 874 875 884 885 
 940 0.749999 0.562494 842 843 
 941 0.791666 0.562495 838 839 840 841 
 942 0.770833 0.541661 840 842 845 847 
 943 0.499999 0.812495 849 851 912 914 
 944 0.520833 0.791662 912 913 
 945 0.479166 0.833329 850 851 905 907 
 946 0.479166 0.791662 848 849 
 947 0.458333 0.812496 848 850 853 855 
 948 0.749999 0.645828 882 883 
 949 0.125000 0.979166 856 858 861 863 
 950 0.145833 0.958333 856 857 870 871 
 951 0.791666 0.645829 878 879 880 881 
 952 0.770833 0.624995 880 882 885 887 
 953 0.854166 0.458330 890 891 
 954 0.500000 0.854163 906 907 1072 1073 
 955 0.520833 0.874997 1072 1074 1085 1087 
 956 0.458333 0.854163 902 903 904 905 
 957 0.479166 0.874997 893 895 904 906 
 958 0.562499 0.833329 910 911 1077 1079 
 959 0.583333 0.812496 909 911 918 919 
 960 0.541666 0.812496 908 910 913 915 
 961 0.562499 0.791662 908 909 
 962 0.666666 0.812496 924 925 984 986 
 963 0.645833 0.791662 921 923 924 926 
 964 0.687499 0.791663 984 985 990 991 
 965 0.604166 0.833330 917 919 1038 1039 
 966 0.604166 0.791662 916 918 
 967 0.624999 0.812496 916 917 926 927 
 968 0.666667 0.979166 932 933 972 974 
 969 0.645833 0.958332 929 931 932 934 
 970 0.687500 0.958332 962 963 972 973 
 971 0.583333 0.979166 938 939 1057 1059 
 972 0.604166 0.916665 940 942 1032 1033 
 973 0.625000 0.937499 930 931 940 941 
 974 0.625000 0.895831 1029 1031 1032 1034 
 975 0.625000 0.979166 934 935 936 937 
 976 0.604167 0.958332 936 938 941 943 
 977 0.750000 0.979166 954 955 969 971 
 978 0.791667 0.979166 950 951 952 953 
 979 0.770833 0.958333 952 954 957 959 
 980 0.729166 0.916665 964 965 1004 1006 
 981 0.708333 0.937499 961 963 964 966 
 982 0.708333 0.895831 1004 1005 1010 1011 
 983 0.708333 0.979166 968 970 973 975 
 984 0.729167 0.958333 966 967 968 969 
 985 0.083333 0.729165 976 978 1045 1047 
 986 0.104166 0.708331 976 977 
 987 0.125000 0.770831 1013 1015 
 988 0.125000 0.729164 977 979 
 989 0.729166 0.833330 982 983 1001 1003 
 990 0.729166 0.791663 980 981 994 995 
 991 0.708333 0.812497 980 982 985 987 
 992 0.666666 0.854164 996 997 1024 1026 
 993 0.687500 0.874997 996 998 1009 1011 
 994 0.645833 0.874997 1024 1025 1030 1031 
 995 0.729166 0.874998 1000 1002 1005 1007 
 996 0.708333 0.854164 998 999 1000 1001 
 997 0.083333 0.812499 1020 1022 1097 1099 
 998 0.104166 0.791665 1014 1015 1020 1021 
 999 0.125000 0.812498 1016 1018 1021 1023 
 1000 0.145833 0.791664 1016 1017 
 1001 0.583333 0.854163 1037 1039 1078 1079 
 1002 0.625000 0.854163 1025 1027 1036 1038 
 1003 0.604166 0.874997 1034 1035 1036 1037 
 1004 0.062500 0.749999 1046 1047 1092 1093 
 1005 0.041667 0.770833 1089 1091 1092 1094 
 1006 0.062500 0.708332 1042 1043 1044 1045 
 1007 0.041667 0.729166 1044 1046 1049 1051 
 1008 0.562500 0.916665 1068 1069 1080 1082 
 1009 0.541666 0.937498 1065 1067 1068 1070 
 1010 0.541666 0.895831 1080 1081 1086 1087 
 1011 0.541667 0.979166 1056 1058 1061 1063 
 1012 0.562500 0.958332 1056 1057 1070 1071 
 1013 0.541666 0.854163 1074 1075 1076 1077 
 1014 0.562500 0.874997 1076 1078 1081 1083 
 1015 0.041667 0.812499 1096 1098 1101 1103 
 1016 0.062500 0.791666 1094 1095 1096 1097 
 1017 0.270833 0.854164 400 401 402 403 
 1018 0.312500 0.854164 404 405 406 407 
 1019 0.312500 0.895831 408 409 410 411 
 1020 0.270833 0.895831 412 413 414 415 
 1021 0.854166 0.812498 416 417 418 419 
 1022 0.854166 0.770831 420 421 422 423 
 1023 0.895833 0.770832 424 425 426 427 
 1024 0.895833 0.812499 428 429 430 431 
 1025 0.437500 0.979166 432 433 434 435 
 1026 0.437500 0.937498 436 437 438 439 
 1027 0.479166 0.937498 440 441 442 443 
 1028 0.479167 0.979166 444 445 446 447 
 1029 0.229166 0.895832 448 449 450 451 
 1030 0.187500 0.895832 452 453 454 455 
 1031 0.187500 0.854165 456 457 458 459 
 1032 0.229166 0.854164 460 461 462 463 
 1033 0.062500 0.895833 464 465 466 467 
 1034 0.020833 0.895833 468 469 470 471 
 1035 0.020833 0.854166 472 473 474 475 
 1036 0.062500 0.854166 476 477 478 479 
 1037 0.354166 0.854163 480 481 482 483 
 1038 0.395833 0.854163 484 485 486 487 
 1039 0.395833 0.895831 488 489 490 491 
 1040 0.354166 0.895831 492 493 494 495 
 1041 0.812500 0.770830 496 497 498 499 
 1042 0.812500 0.812498 500 501 502 503 
 1043 0.770833 0.812497 504 505 506 507 
 1044 0.770833 0.770830 508 509 510 511 
 1045 0.854166 0.562496 512 513 514 515 
 1046 0.854166 0.520830 516 517 518 519 
 1047 0.895833 0.520831 520 521 522 523 
 1048 0.895833 0.562497 524 525 526 527 
 1049 0.937500 0.895833 528 529 530 531 
 1050 0.937500 0.854166 532 533 534 535 
 1051 0.979167 0.854166 536 537 538 539 
 1052 0.979167 0.895833 540 541 542 543 
 1053 0.104167 0.854165 544 545 546 547 
 1054 0.145833 0.854165 548 549 550 551 
 1055 0.145833 0.895832 552 553 554 555 
 1056 0.104167 0.895832 556 557 558 559 
 1057 0.854167 0.979166 560 561 562 563 
 1058 0.854167 0.937499 564 565 566 567 
 1059 0.895833 0.937499 568 569 570 571 
 1060 0.895833 0.979166 572 573 574 575 
 1061 0.895833 0.604164 576 577 578 579 
 1062 0.895833 0.645831 580 581 582 583 
 1063 0.854166 0.645830 584 585 586 587 
 1064 0.854166 0.604163 588 589 590 591 
 1065 0.937500 0.645832 592 593 594 595 
 1066 0.937500 0.604165 596 597 598 599 
 1067 0.979167 0.604166 600 601 602 603 
 1068 0.979167 0.645833 604 605 606 607 
 1069 0.770833 0.895832 608 609 610 611 
 1070 0.770833 0.854164 612 613 614 615 
 1071 0.812500 0.854165 616 617 618 619 
 1072 0.812500 0.895832 620 621 622 623 
 1073 0.770833 0.729163 624 625 626 627 
 1074 0.770833 0.687496 628 629 630 631 
 1075 0.812500 0.687496 632 633 634 635 
 1076 0.812500 0.729163 636 637 638 639 
 1077 0.020833 0.937500 640 641 642 643 
 1078 0.062500 0.937500 644 645 646 647 
 1079 0.062500 0.979167 648 649 650 651 
 1080 0.020833 0.979167 652 653 654 655 
 1081 0.895833 0.729165 656 657 658 659 
 1082 0.854166 0.729164 660 661 662 663 
 1083 0.854166 0.687497 664 665 666 667 
 1084 0.895833 0.687498 668 669 670 671 
 1085 0.312499 0.812496 672 673 674 675 
 1086 0.270833 0.812497 676 677 678 679 
 1087 0.187500 0.812497 680 681 682 683 
 1088 0.229166 0.812497 684 685 686 687 
 1089 0.937500 0.687499 688 689 690 691 
 1090 0.979167 0.687500 692 693 694 695 
 1091 0.979167 0.729166 696 697 698 699 
 1092 0.937500 0.729165 700 701 702 703 
 1093 0.937500 0.979167 704 705 706 707 
 1094 0.937500 0.937500 708 709 710 711 
 1095 0.979167 0.937500 712 713 714 715 
 1096 0.979167 0.979167 716 717 718 719 
 1097 0.937500 0.770832 720 721 722 723 
 1098 0.979167 0.770833 724 725 726 727 
 1099 0.979167 0.812500 728 729 730 731 
 1100 0.937500 0.812499 732 733 734 735 
 1101 0.895833 0.854166 736 737 738 739 
 1102 0.895833 0.895833 740 741 742 743 
 1103 0.854167 0.895832 744 745 746 747 
 1104 0.854166 0.854165 748 749 750 751 
 1105 0.729166 0.729162 752 753 754 755 
 1106 0.312500 0.937499 756 757 758 759 
 1107 0.312500 0.979166 760 761 762 763 
 1108 0.270833 0.979166 764 765 766 767 
 1109 0.270833 0.937499 768 769 770 771 
 1110 0.187500 0.937499 772 773 774 775 
 1111 0.229167 0.937499 776 777 778 779 
 1112 0.229167 0.979166 780 781 782 783 
 1113 0.187500 0.979166 784 785 786 787 
 1114 0.979167 0.520833 788 789 790 791 
 1115 0.979167 0.562499 792 793 794 795 
 1116 0.937500 0.562498 796 797 798 799 
 1117 0.937500 0.520832 800 801 802 803 
 1118 0.395833 0.812496 804 805 806 807 
 1119 0.354166 0.812496 808 809 810 811 
 1120 0.812499 0.479162 812 813 814 815 
 1121 0.354167 0.979166 816 817 818 819 
 1122 0.354166 0.937499 820 821 822 823 
 1123 0.395833 0.937498 824 825 826 827 
 1124 0.395833 0.979166 828 829 830 831 
 1125 0.812499 0.520829 832 833 834 835 
 1126 0.812499 0.562496 836 837 838 839 
 1127 0.770833 0.562495 840 841 842 843 
 1128 0.770833 0.520828 844 845 846 847 
 1129 0.479166 0.812496 848 849 850 851 
 1130 0.437499 0.812496 852 853 854 855 
 1131 0.145833 0.979166 856 857 858 859 
 1132 0.104167 0.979166 860 861 862 863 
 1133 0.104167 0.937499 864 865 866 867 
 1134 0.145833 0.937499 868 869 870 871 
 1135 0.812499 0.604162 872 873 874 875 
 1136 0.812499 0.645829 876 877 878 879 
 1137 0.770833 0.645829 880 881 882 883 
 1138 0.770833 0.604162 884 885 886 887 
 1139 0.854166 0.479163 888 889 890 891 
 1140 0.479166 0.895831 892 893 894 895 
 1141 0.437500 0.895831 896 897 898 899 
 1142 0.437500 0.854163 900 901 902 903 
 1143 0.479166 0.854163 904 905 906 907 
 1144 0.562499 0.812496 908 909 910 911 
 1145 0.520833 0.812496 912 913 914 915 
 1146 0.604166 0.812496 916 917 918 919 
 1147 0.645833 0.770829 920 921 922 923 
 1148 0.645833 0.812496 924 925 926 927 
 1149 0.645833 0.937499 928 929 930 931 
 1150 0.645833 0.979166 932 933 934 935 
 1151 0.604167 0.979166 936 937 938 939 
 1152 0.604166 0.937498 940 941 942 943 
 1153 0.812500 0.937499 944 945 946 947 
 1154 0.812500 0.979166 948 949 950 951 
 1155 0.770833 0.979166 952 953 954 955 
 1156 0.770833 0.937499 956 957 958 959 
 1157 0.687500 0.937499 960 961 962 963 
 1158 0.729167 0.937499 964 965 966 967 
 1159 0.729167 0.979166 968 969 970 971 
 1160 0.687500 0.979166 972 973 974 975 
 1161 0.104166 0.729165 976 977 978 979 
 1162 0.729166 0.812497 980 981 982 983 
 1163 0.687500 0.812496 984 985 986 987 
 1164 0.687499 0.770829 988 989 990 991 
 1165 0.729166 0.770829 992 993 994 995 
 1166 0.687500 0.854164 996 997 998 999 
 1167 0.729166 0.854164 1000 1001 1002 1003 
 1168 0.729166 0.895831 1004 1005 1006 1007 
 1169 0.687500 0.895831 1008 1009 1010 1011 
 1170 0.104166 0.770832 1012 1013 1014 1015 
 1171 0.145833 0.812498 1016 1017 1018 1019 
 1172 0.104166 0.812498 1020 1021 1022 1023 
 1173 0.645833 0.854164 1024 1025 1026 1027 
 1174 0.645833 0.895831 1028 1029 1030 1031 
 1175 0.604166 0.895831 1032 1033 1034 1035 
 1176 0.604166 0.854163 1036 1037 1038 1039 
 1177 0.062500 0.687499 1040 1041 1042 1043 
 1178 0.062500 0.729165 1044 1045 1046 1047 
 1179 0.020833 0.729166 1048 1049 1050 1051 
 1180 0.020833 0.687500 1052 1053 1054 1055 
 1181 0.562500 0.979166 1056 1057 1058 1059 
 1182 0.520833 0.979166 1060 1061 1062 1063 
 1183 0.520833 0.937498 1064 1065 1066 1067 
 1184 0.562500 0.937498 1068 1069 1070 1071 
 1185 0.520833 0.854163 1072 1073 1074 1075 
 1186 0.562500 0.854163 1076 1077 1078 1079 
 1187 0.562500 0.895831 1080 1081 1082 1083 
 1188 0.520833 0.895831 1084 1085 1086 1087 
 1189 0.020833 0.770833 1088 1089 1090 1091 
 1190 0.062500 0.770832 1092 1093 1094 1095 
 1191 0.062500 0.812499 1096 1097 1098 1099 
 1192 0.020833 0.812500 1100 1101 1102 1103 
 