0 0.000000 0.000000 118 
 1 1.000000 0.000000 132 
 2 0.000000 1.000000 1299 
 3 1.000000 1.000000 1422 
 4 0.041667 0.000000 118 119 
 5 0.083333 0.000000 119 343 
 6 0.125000 0.000000 343 344 
 7 0.166667 0.000000 317 344 
 8 0.208333 0.000000 317 318 
 9 0.250000 0.000000 318 322 
 10 0.291667 0.000000 322 323 
 11 0.333333 0.000000 209 323 
 12 0.375000 0.000000 209 210 
 13 0.416667 0.000000 210 309 
 14 0.458333 0.000000 309 310 
 15 0.500000 0.000000 103 310 
 16 0.541667 0.000000 100 103 
 17 0.583333 0.000000 100 228 
 18 0.625000 0.000000 225 228 
 19 0.666667 0.000000 200 225 
 20 0.708333 0.000000 200 201 
 21 0.750000 0.000000 201 205 
 22 0.791667 0.000000 205 206 
 23 0.833333 0.000000 206 237 
 24 0.875000 0.000000 237 238 
 25 0.916667 0.000000 131 238 
 26 0.958333 0.000000 131 132 
 27 1.000000 0.041667 132 133 
 28 1.000000 0.083333 133 283 
 29 1.000000 0.125000 283 284 
 30 1.000000 0.166667 284 347 
 31 1.000000 0.208333 347 699 
 32 1.000000 0.250000 667 697 
 33 1.000000 0.291667 665 671 
 34 1.000000 0.333333 669 685 
 35 1.000000 0.375000 686 689 
 36 1.000000 0.416667 615 690 
 37 1.000000 0.458333 613 619 
 38 1.000000 0.500000 557 617 
 39 1.000000 0.541667 558 1673 
 40 1.000000 0.583333 1177 1678 
 41 1.000000 0.625000 1182 1193 
 42 1.000000 0.666667 1198 1321 
 43 1.000000 0.708333 1326 1337 
 44 1.000000 0.750000 1342 1449 
 45 1.000000 0.791667 1454 1465 
 46 1.000000 0.833333 1027 1470 
 47 1.000000 0.875000 1017 1043 
 48 1.000000 0.916667 1033 1401 
 49 1.000000 0.958333 1406 1417 
 50 0.958333 1.000000 1374 1432 
 51 0.916667 1.000000 1102 1384 
 52 0.875000 1.000000 1054 1112 
 53 0.833333 1.000000 1064 2046 
 54 0.791667 1.000000 2056 2062 
 55 0.750000 1.000000 2072 2136 
 56 0.708333 1.000000 2131 2152 
 57 0.666667 1.000000 1982 2147 
 58 0.625000 1.000000 1992 1998 
 59 0.583333 1.000000 2008 2168 
 60 0.541667 1.000000 2163 2184 
 61 0.500000 1.000000 952 2179 
 62 0.458333 1.000000 904 947 
 63 0.416667 1.000000 899 1774 
 64 0.375000 1.000000 1726 1784 
 65 0.333333 1.000000 1566 1736 
 66 0.291667 1.000000 1576 1582 
 67 0.250000 1.000000 1592 1646 
 68 0.208333 1.000000 1656 1662 
 69 0.166667 1.000000 1672 1832 
 70 0.125000 1.000000 1827 1848 
 71 0.083333 1.000000 1288 1843 
 72 0.041667 1.000000 1283 1304 
 73 0.000000 0.958333 1251 1289 
 74 0.000000 0.916667 397 1241 
 75 0.000000 0.875000 64 398 
 76 0.000000 0.833333 64 368 
 77 0.000000 0.791667 365 368 
 78 0.000000 0.750000 358 365 
 79 0.000000 0.708333 358 855 
 80 0.000000 0.666667 767 853 
 81 0.000000 0.625000 571 765 
 82 0.000000 0.583333 569 631 
 83 0.000000 0.541667 629 635 
 84 0.000000 0.500000 581 633 
 85 0.000000 0.458333 582 585 
 86 0.000000 0.416667 459 586 
 87 0.000000 0.375000 457 463 
 88 0.000000 0.333333 165 461 
 89 0.000000 0.291667 165 166 
 90 0.000000 0.250000 166 176 
 91 0.000000 0.208333 176 177 
 92 0.000000 0.166667 96 177 
 93 0.000000 0.125000 96 97 
 94 0.000000 0.083333 97 117 
 95 0.000000 0.041667 117 118 
 96 0.083333 0.583331 336 574 628 753 
 97 0.916666 0.499998 953 1715 1886 1929 
 98 0.416666 0.083331 207 308 334 340 
 99 0.583333 0.916665 726 731 2019 2206 
 100 0.750000 0.083332 37 121 202 204 
 101 0.916666 0.666665 517 1134 1160 1315 
 102 0.250000 0.916665 374 385 1603 1625 
 103 0.083333 0.333331 142 152 164 450 
 104 0.750000 0.916665 711 1214 2083 2110 
 105 0.250000 0.083332 319 321 330 360 
 106 0.083333 0.833332 65 98 355 367 
 107 0.916667 0.166666 285 306 346 803 
 108 0.916667 0.916666 990 1081 1395 1513 
 109 0.083333 0.083333 3 94 120 342 
 110 0.083333 0.916666 395 445 1262 1849 
 111 0.083333 0.499998 72 337 595 622 
 112 0.416666 0.916665 401 657 905 1753 
 113 0.916666 0.333331 485 601 674 683 
 114 0.583333 0.083331 101 115 227 242 
 115 0.083333 0.249998 44 139 163 175 
 116 0.916666 0.749998 506 857 1368 1443 
 117 0.083333 0.749998 352 357 366 835 
 118 0.916667 0.083333 134 239 282 305 
 119 0.166666 0.583329 187 271 296 339 
 120 0.833333 0.749997 383 425 502 512 
 121 0.166666 0.249997 23 43 128 140 
 122 0.166666 0.833331 62 99 167 354 
 123 0.333333 0.916665 369 406 1545 1747 
 124 0.833333 0.166665 123 136 252 307 
 125 0.083333 0.166666 2 45 95 178 
 126 0.666666 0.083331 36 116 199 226 
 127 0.916667 0.833332 878 1016 1496 1507 
 128 0.833333 0.916666 1075 1225 1534 2025 
 129 0.916666 0.583331 974 1113 1171 1704 
 130 0.916666 0.416665 680 1806 1912 1923 
 131 0.083333 0.416664 73 151 456 592 
 132 0.500000 0.916665 655 733 926 2185 
 133 0.500000 0.083331 102 241 311 341 
 134 0.333333 0.083331 208 320 331 333 
 135 0.083333 0.666665 751 772 837 850 
 136 0.916666 0.249998 664 694 747 805 
 137 0.666666 0.916665 713 721 1961 2089 
 138 0.166667 0.916666 390 443 1619 1870 
 139 0.833333 0.083332 122 203 240 304 
 140 0.166667 0.083332 0 316 345 359 
 141 0.499999 0.166662 762 781 792 827 
 142 0.833333 0.416663 534 579 1800 1960 
 143 0.499999 0.833329 213 295 313 363 
 144 0.166666 0.666663 158 188 270 842 
 145 0.166666 0.166664 1 20 42 362 
 146 0.333333 0.833330 25 74 147 190 
 147 0.750000 0.833330 80 348 492 708 
 148 0.250000 0.833330 24 63 148 170 
 149 0.250000 0.166664 21 219 329 361 
 150 0.666666 0.166663 35 113 547 738 
 151 0.750000 0.166664 34 108 124 135 
 152 0.833333 0.583329 196 436 479 605 
 153 0.166666 0.416662 49 70 143 154 
 154 0.166666 0.499996 48 71 297 338 
 155 0.833333 0.666663 476 497 515 610 
 156 0.166666 0.333330 127 141 144 153 
 157 0.416666 0.166663 335 786 819 829 
 158 0.833333 0.833331 380 430 495 540 
 159 0.583333 0.833329 312 324 356 364 
 160 0.166666 0.749997 157 168 353 848 
 161 0.833333 0.333330 421 482 529 599 
 162 0.833333 0.249997 137 251 419 744 
 163 0.249999 0.583328 83 272 299 302 
 164 0.416666 0.249994 89 267 797 821 
 165 0.583333 0.749995 93 288 315 325 
 166 0.749999 0.416661 50 107 138 194 
 167 0.249999 0.416661 46 111 146 172 
 168 0.666666 0.249995 254 469 549 642 
 169 0.749999 0.583328 197 217 224 264 
 170 0.333333 0.749995 150 191 274 290 
 171 0.749999 0.749996 81 129 184 351 
 172 0.249999 0.333328 112 126 145 179 
 173 0.249999 0.249996 22 125 180 222 
 174 0.416666 0.833329 75 189 214 294 
 175 0.583333 0.166663 114 544 568 779 
 176 0.833333 0.499996 195 439 638 773 
 177 0.749999 0.333328 106 410 527 651 
 178 0.249999 0.666662 82 155 269 292 
 179 0.333333 0.166663 220 328 332 816 
 180 0.666666 0.833330 327 349 702 719 
 181 0.749999 0.249996 416 467 522 648 
 182 0.249999 0.749996 149 156 169 291 
 183 0.416666 0.749994 59 192 211 273 
 184 0.583333 0.249994 39 253 554 563 
 185 0.499999 0.749994 58 212 289 314 
 186 0.749999 0.666662 130 183 218 223 
 187 0.333332 0.416660 76 110 173 230 
 188 0.499999 0.249994 38 268 757 795 
 189 0.749999 0.499994 51 193 198 263 
 190 0.249999 0.499994 47 171 298 303 
 191 0.666666 0.416660 53 104 159 245 
 192 0.666666 0.333327 105 244 255 281 
 193 0.333332 0.583326 84 249 259 301 
 194 0.333333 0.666661 85 258 275 293 
 195 0.666666 0.749995 92 185 326 350 
 196 0.333333 0.333327 77 87 109 182 
 197 0.333333 0.249995 88 181 221 810 
 198 0.583332 0.666660 8 90 279 287 
 199 0.499999 0.666660 9 56 61 286 
 200 0.499999 0.333326 27 41 66 265 
 201 0.416666 0.416659 32 68 79 231 
 202 0.583332 0.416659 17 29 162 246 
 203 0.416666 0.583326 5 54 248 260 
 204 0.583332 0.333327 28 40 243 256 
 205 0.416666 0.666660 57 60 257 276 
 206 0.416666 0.333327 69 78 86 266 
 207 0.333332 0.499993 174 229 250 300 
 208 0.666666 0.499993 52 160 235 262 
 209 0.666666 0.583327 216 236 261 277 
 210 0.666666 0.666661 91 186 215 278 
 211 0.499999 0.583326 4 10 12 55 
 212 0.583332 0.499992 14 18 161 234 
 213 0.583332 0.583326 11 15 233 280 
 214 0.499999 0.416659 16 26 33 67 
 215 0.416666 0.499992 6 31 232 247 
 216 0.499999 0.499992 7 13 19 30 
 217 0.166666 0.124998 0 1 359 362 
 218 0.125000 0.166665 1 2 42 45 
 219 0.083333 0.124999 2 3 94 95 
 220 0.125000 0.083332 0 3 342 345 
 221 0.125000 0.124999 0 1 2 3 
 222 0.458332 0.583326 4 5 54 55 
 223 0.416666 0.541659 5 6 247 248 
 224 0.458332 0.499992 6 7 30 31 
 225 0.499999 0.541659 4 7 12 13 
 226 0.458332 0.541659 4 5 6 7 
 227 0.541666 0.666660 8 9 286 287 
 228 0.499999 0.624993 9 10 55 56 
 229 0.541666 0.583326 10 11 12 15 
 230 0.583332 0.624993 8 11 279 280 
 231 0.541666 0.624993 8 9 10 11 
 232 0.541666 0.499992 13 14 18 19 
 233 0.583332 0.541659 14 15 233 234 
 234 0.541666 0.541659 12 13 14 15 
 235 0.541666 0.416659 16 17 26 29 
 236 0.583332 0.458326 17 18 161 162 
 237 0.499999 0.458326 16 19 30 33 
 238 0.541666 0.458326 16 17 18 19 
 239 0.208333 0.166664 20 21 361 362 
 240 0.250000 0.208330 21 22 219 222 
 241 0.208333 0.249996 22 23 125 128 
 242 0.166666 0.208331 20 23 42 43 
 243 0.208333 0.208330 20 21 22 23 
 244 0.291666 0.833330 24 25 147 148 
 245 0.333333 0.874997 25 74 371 408 
 246 0.291666 0.916665 370 373 1555 1593 
 247 0.250000 0.874998 24 63 376 387 
 248 0.291666 0.874997 24 25 372 375 
 249 0.499999 0.374993 26 27 66 67 
 250 0.541666 0.333326 27 28 40 41 
 251 0.583332 0.374993 28 29 243 246 
 252 0.541666 0.374993 26 27 28 29 
 253 0.416666 0.458326 31 32 231 232 
 254 0.458332 0.416659 32 33 67 68 
 255 0.458332 0.458326 30 31 32 33 
 256 0.708333 0.166663 34 35 108 740 
 257 0.666666 0.124997 35 36 113 116 
 258 0.708333 0.083332 36 37 199 202 
 259 0.750000 0.124998 34 37 121 124 
 260 0.708333 0.124997 34 35 36 37 
 261 0.541666 0.249994 38 39 561 759 
 262 0.583333 0.291660 39 40 253 256 
 263 0.499999 0.291660 38 41 265 268 
 264 0.541666 0.291660 38 39 40 41 
 265 0.125000 0.249998 43 44 139 140 
 266 0.083333 0.208332 44 45 175 178 
 267 0.125000 0.208331 42 43 44 45 
 268 0.833333 0.791664 379 384 426 429 
 269 0.875000 0.749998 381 508 510 867 
 270 0.916666 0.791665 862 873 1448 1491 
 271 0.875000 0.833332 378 539 888 1512 
 272 0.875000 0.791665 377 382 872 883 
 273 0.249999 0.458327 46 47 171 172 
 274 0.208333 0.499995 47 48 297 298 
 275 0.166666 0.458329 48 49 70 71 
 276 0.208333 0.416662 46 49 143 146 
 277 0.208333 0.458328 46 47 48 49 
 278 0.749999 0.458328 50 51 193 194 
 279 0.708332 0.499994 51 52 262 263 
 280 0.666666 0.458327 52 53 159 160 
 281 0.708333 0.416660 50 53 104 107 
 282 0.708333 0.458327 50 51 52 53 
 283 0.458332 0.666660 56 57 60 61 
 284 0.416666 0.624993 54 57 257 260 
 285 0.458332 0.624993 54 55 56 57 
 286 0.458333 0.749994 58 59 211 212 
 287 0.416666 0.708327 59 60 273 276 
 288 0.499999 0.708327 58 61 286 289 
 289 0.458333 0.708327 58 59 60 61 
 290 0.416667 0.958332 889 915 1758 1769 
 291 0.458333 0.916665 653 659 910 921 
 292 0.500000 0.958332 936 942 2169 2195 
 293 0.458333 0.958332 894 920 931 937 
 294 0.208333 0.916665 386 389 1609 1635 
 295 0.166666 0.874998 62 99 392 444 
 296 0.208333 0.833331 62 63 167 170 
 297 0.208333 0.874998 62 63 388 391 
 298 0.041667 0.916666 393 399 1246 1257 
 299 0.041667 0.833333 64 65 367 368 
 300 0.083333 0.874999 65 98 396 446 
 301 0.041667 0.875000 64 65 394 400 
 302 0.416666 0.374993 68 69 78 79 
 303 0.458332 0.333326 66 69 265 266 
 304 0.458332 0.374993 66 67 68 69 
 305 0.125000 0.499997 71 72 337 338 
 306 0.083333 0.458331 72 73 591 596 
 307 0.125000 0.416663 70 73 151 154 
 308 0.125000 0.458330 70 71 72 73 
 309 0.374999 0.833330 74 75 189 190 
 310 0.416666 0.874997 75 294 403 658 
 311 0.375000 0.916665 402 405 1737 1763 
 312 0.375000 0.874997 74 75 404 407 
 313 0.333332 0.374993 76 77 109 110 
 314 0.374999 0.333327 77 78 86 87 
 315 0.374999 0.416659 76 79 230 231 
 316 0.374999 0.374993 76 77 78 79 
 317 0.749999 0.291662 412 414 647 652 
 318 0.791666 0.249996 137 415 420 521 
 319 0.833333 0.291663 417 423 484 742 
 320 0.791666 0.333329 409 422 525 531 
 321 0.791666 0.291663 411 413 418 424 
 322 0.791666 0.833331 80 432 491 496 
 323 0.750000 0.791663 80 81 348 351 
 324 0.791666 0.749997 81 129 427 504 
 325 0.791666 0.791664 80 81 428 431 
 326 0.249999 0.624995 82 83 269 272 
 327 0.291666 0.583327 83 84 301 302 
 328 0.333332 0.624994 84 85 258 259 
 329 0.291666 0.666661 82 85 292 293 
 330 0.291666 0.624994 82 83 84 85 
 331 0.333333 0.291661 87 88 181 182 
 332 0.374999 0.249995 88 89 809 822 
 333 0.416666 0.291660 86 89 266 267 
 334 0.374999 0.291661 86 87 88 89 
 335 0.624999 0.666660 90 91 278 279 
 336 0.666666 0.708328 91 92 185 186 
 337 0.624999 0.749995 92 93 325 326 
 338 0.583333 0.708327 90 93 287 288 
 339 0.624999 0.708328 90 91 92 93 
 340 0.833333 0.541663 195 196 435 440 
 341 0.875000 0.499997 437 637 963 1934 
 342 0.916666 0.541665 958 969 1699 1720 
 343 0.875000 0.583330 434 477 984 1123 
 344 0.875000 0.541664 433 438 968 979 
 345 0.916667 0.874999 1000 1006 1497 1523 
 346 0.958333 0.833333 1011 1032 1480 1486 
 347 0.958333 0.916666 985 1038 1385 1411 
 348 0.958333 0.875000 995 1001 1022 1048 
 349 0.041667 0.166666 95 96 177 178 
 350 0.041667 0.083333 94 97 117 120 
 351 0.041667 0.125000 94 95 96 97 
 352 0.125000 0.833332 98 99 354 355 
 353 0.125000 0.916666 441 447 1854 1865 
 354 0.125000 0.874999 98 99 442 448 
 355 0.583333 0.041666 100 101 227 228 
 356 0.541666 0.083331 101 102 241 242 
 357 0.500000 0.041666 102 103 310 311 
 358 0.541667 0.041666 100 101 102 103 
 359 0.833333 0.958333 1059 1080 2030 2041 
 360 0.875000 0.916666 1065 1091 1518 1529 
 361 0.916667 0.958333 1086 1097 1379 1400 
 362 0.875000 0.958333 1049 1070 1096 1107 
 363 0.083333 0.374998 151 152 452 454 
 364 0.041667 0.416666 455 460 588 590 
 365 0.041667 0.333332 164 165 449 462 
 366 0.041667 0.374999 451 453 458 464 
 367 0.666666 0.374994 104 105 244 245 
 368 0.708333 0.333328 105 106 281 649 
 369 0.749999 0.374995 106 107 138 528 
 370 0.708333 0.374994 104 105 106 107 
 371 0.750000 0.208330 108 135 468 524 
 372 0.708333 0.249995 465 471 644 646 
 373 0.666666 0.208329 470 545 551 737 
 374 0.708333 0.208329 108 466 472 739 
 375 0.291666 0.416660 110 111 172 173 
 376 0.249999 0.374994 111 112 145 146 
 377 0.291666 0.333328 109 112 179 182 
 378 0.291666 0.374994 109 110 111 112 
 379 0.916666 0.624998 1118 1129 1155 1176 
 380 0.875000 0.666664 474 513 519 1144 
 381 0.833333 0.624996 475 480 606 609 
 382 0.875000 0.624997 473 478 1128 1139 
 383 0.624999 0.166663 113 114 543 548 
 384 0.583333 0.124997 114 115 242 780 
 385 0.625000 0.083331 115 116 226 227 
 386 0.625000 0.124997 113 114 115 116 
 387 0.083333 0.041666 119 120 342 343 
 388 0.041667 0.041667 117 118 119 120 
 389 0.958333 0.583332 1161 1187 1688 1694 
 390 0.958333 0.666666 1150 1208 1305 1331 
 391 0.958333 0.624999 1145 1166 1192 1203 
 392 0.791666 0.083332 121 122 203 204 
 393 0.833333 0.124998 122 123 304 307 
 394 0.791666 0.166664 123 124 135 136 
 395 0.791666 0.124998 121 122 123 124 
 396 0.875000 0.249998 251 743 748 806 
 397 0.916666 0.291665 487 662 676 745 
 398 0.875000 0.333331 481 486 597 603 
 399 0.875000 0.291664 483 488 741 746 
 400 0.750000 0.874998 490 707 712 1224 
 401 0.833333 0.874998 493 538 1235 1544 
 402 0.791666 0.916665 1209 1230 2035 2073 
 403 0.791666 0.874998 489 494 1219 1240 
 404 0.249999 0.291662 125 126 179 180 
 405 0.208333 0.333329 126 127 144 145 
 406 0.166666 0.291663 127 128 140 141 
 407 0.208333 0.291663 125 126 127 128 
 408 0.749999 0.708329 129 130 183 184 
 409 0.791666 0.666663 130 223 499 612 
 410 0.833333 0.708330 498 501 511 516 
 411 0.791666 0.708330 129 130 500 503 
 412 0.958333 0.083333 133 134 282 283 
 413 0.916667 0.041666 131 134 238 239 
 414 0.958333 0.041667 131 132 133 134 
 415 0.083333 0.958333 1272 1278 1833 1859 
 416 0.041667 0.958333 1256 1267 1273 1294 
 417 0.916666 0.708332 505 518 1320 1363 
 418 0.875000 0.708331 507 509 514 520 
 419 0.833333 0.208331 136 137 251 252 
 420 0.791666 0.208330 135 136 137 523 
 421 0.833333 0.374996 530 533 600 1795 
 422 0.791666 0.416662 138 194 536 580 
 423 0.791666 0.374995 138 526 532 535 
 424 0.125000 0.333330 141 142 152 153 
 425 0.083333 0.291665 139 142 163 164 
 426 0.125000 0.291664 139 140 141 142 
 427 0.166666 0.374996 143 144 153 154 
 428 0.208333 0.374995 143 144 145 146 
 429 0.250000 0.791663 148 149 169 170 
 430 0.291666 0.749995 149 150 290 291 
 431 0.333333 0.791662 147 150 190 191 
 432 0.291666 0.791663 147 148 149 150 
 433 0.125000 0.374997 151 152 153 154 
 434 0.249999 0.708329 155 156 291 292 
 435 0.208333 0.749996 156 157 168 169 
 436 0.166666 0.708330 157 158 844 846 
 437 0.208333 0.666662 155 158 269 270 
 438 0.208333 0.708329 155 156 157 158 
 439 0.624999 0.499993 160 161 234 235 
 440 0.624999 0.416660 159 162 245 246 
 441 0.624999 0.458326 159 160 161 162 
 442 0.041667 0.249999 163 166 175 176 
 443 0.041667 0.291666 163 164 165 166 
 444 0.166666 0.791664 167 168 353 354 
 445 0.208333 0.791664 167 168 169 170 
 446 0.958333 0.749999 1352 1358 1433 1459 
 447 0.958333 0.708332 1310 1336 1347 1353 
 448 0.958333 0.958333 1369 1390 1416 1427 
 449 0.958333 0.791666 1438 1464 1475 1481 
 450 0.875000 0.874999 537 1502 1528 1539 
 451 0.333332 0.458326 173 174 229 230 
 452 0.291666 0.499994 171 174 300 303 
 453 0.291666 0.458327 171 172 173 174 
 454 0.041667 0.208333 175 176 177 178 
 455 0.291666 0.249995 180 181 221 222 
 456 0.291666 0.291661 179 180 181 182 
 457 0.624999 0.249995 253 254 550 553 
 458 0.583333 0.208328 542 556 564 567 
 459 0.624999 0.208329 541 546 552 555 
 460 0.708333 0.749996 184 185 350 351 
 461 0.708333 0.666661 183 186 215 218 
 462 0.708333 0.708328 183 184 185 186 
 463 0.333333 0.958332 1550 1561 1731 1752 
 464 0.250000 0.958333 1587 1608 1630 1641 
 465 0.291667 0.958332 1560 1571 1577 1598 
 466 0.166667 0.958333 1624 1667 1822 1880 
 467 0.208333 0.958333 1614 1640 1651 1657 
 468 0.083333 0.624998 576 749 755 770 
 469 0.125000 0.583330 187 336 339 754 
 470 0.166666 0.624996 187 188 270 271 
 471 0.125000 0.666664 188 752 838 841 
 472 0.125000 0.624997 187 188 750 756 
 473 0.958333 0.499999 559 618 1705 1881 
 474 0.958333 0.541666 560 1683 1689 1710 
 475 0.374999 0.749995 191 192 273 274 
 476 0.416666 0.791662 189 192 211 214 
 477 0.374999 0.791662 189 190 191 192 
 478 0.499999 0.208328 758 761 791 796 
 479 0.541666 0.166662 566 764 777 783 
 480 0.541666 0.208328 562 565 760 763 
 481 0.041667 0.583332 570 573 627 632 
 482 0.041667 0.666666 768 771 849 854 
 483 0.041667 0.624999 572 575 766 769 
 484 0.833333 0.458329 577 640 775 1950 
 485 0.791666 0.499995 193 195 198 774 
 486 0.791666 0.458328 193 194 578 776 
 487 0.041667 0.499999 583 593 621 634 
 488 0.041667 0.458332 584 587 589 594 
 489 0.375000 0.958332 1721 1742 1768 1779 
 490 0.791666 0.583329 196 197 224 607 
 491 0.749999 0.541661 197 198 263 264 
 492 0.791666 0.541662 195 196 197 198 
 493 0.666667 0.041666 199 200 225 226 
 494 0.750000 0.041666 201 202 204 205 
 495 0.708333 0.041666 199 200 201 202 
 496 0.833333 0.041666 203 206 237 240 
 497 0.791667 0.041666 203 204 205 206 
 498 0.375000 0.083331 207 208 333 334 
 499 0.333333 0.041666 208 209 320 323 
 500 0.416667 0.041666 207 210 308 309 
 501 0.375000 0.041666 207 208 209 210 
 502 0.916666 0.374998 602 679 684 1801 
 503 0.875000 0.416664 1790 1816 1928 1955 
 504 0.875000 0.374997 598 604 1785 1811 
 505 0.499999 0.791662 212 213 313 314 
 506 0.458333 0.833329 213 214 294 295 
 507 0.458333 0.791662 211 212 213 214 
 508 0.666666 0.624994 215 216 277 278 
 509 0.708333 0.583327 216 217 261 264 
 510 0.749999 0.624995 217 218 223 224 
 511 0.708333 0.624994 215 216 217 218 
 512 0.125000 0.958333 1817 1838 1864 1875 
 513 0.291666 0.166663 219 220 328 329 
 514 0.333333 0.208329 220 221 812 814 
 515 0.291666 0.208329 219 220 221 222 
 516 0.791666 0.624996 223 224 608 611 
 517 0.916666 0.458331 1896 1902 1913 1939 
 518 0.958333 0.416666 616 678 692 1907 
 519 0.958333 0.458332 614 620 1891 1897 
 520 0.625000 0.041666 225 226 227 228 
 521 0.374999 0.499993 229 232 247 250 
 522 0.374999 0.458326 229 230 231 232 
 523 0.666666 0.541660 235 236 261 262 
 524 0.624999 0.583326 233 236 277 280 
 525 0.624999 0.541660 233 234 235 236 
 526 0.875000 0.083332 239 240 304 305 
 527 0.875000 0.041666 237 238 239 240 
 528 0.500000 0.124997 241 341 782 828 
 529 0.541666 0.124997 241 242 778 784 
 530 0.083333 0.541664 336 337 624 626 
 531 0.041667 0.541666 623 625 630 636 
 532 0.458333 0.166662 788 790 825 831 
 533 0.458333 0.249994 267 268 793 799 
 534 0.416666 0.208328 785 798 817 823 
 535 0.458333 0.208328 787 789 794 800 
 536 0.624999 0.333327 243 244 255 256 
 537 0.624999 0.374993 243 244 245 246 
 538 0.374999 0.583326 248 249 259 260 
 539 0.333332 0.541660 249 250 300 301 
 540 0.374999 0.541659 247 248 249 250 
 541 0.916666 0.208332 346 696 801 807 
 542 0.875000 0.166665 252 306 307 804 
 543 0.875000 0.208331 251 252 802 808 
 544 0.666666 0.291661 254 255 281 641 
 545 0.624999 0.291661 253 254 255 256 
 546 0.374999 0.666660 257 258 275 276 
 547 0.374999 0.624993 257 258 259 260 
 548 0.708333 0.541661 261 262 263 264 
 549 0.458332 0.291660 265 266 267 268 
 550 0.208333 0.583328 271 272 296 299 
 551 0.208333 0.624995 269 270 271 272 
 552 0.333333 0.708328 274 275 290 293 
 553 0.374999 0.708328 273 274 275 276 
 554 0.875000 0.458330 639 1918 1944 1945 
 555 0.624999 0.624993 277 278 279 280 
 556 0.708333 0.291662 281 643 645 650 
 557 0.958333 0.166666 284 285 346 347 
 558 0.916667 0.124999 282 285 305 306 
 559 0.958333 0.125000 282 283 284 285 
 560 0.541666 0.749994 288 289 314 315 
 561 0.541666 0.708327 286 287 288 289 
 562 0.291666 0.708328 290 291 292 293 
 563 0.500000 0.874997 295 363 656 734 
 564 0.458333 0.874997 294 295 654 660 
 565 0.166666 0.541662 296 297 338 339 
 566 0.249999 0.541661 298 299 302 303 
 567 0.208333 0.541662 296 297 298 299 
 568 0.291666 0.541660 300 301 302 303 
 569 0.875000 0.124999 304 305 306 307 
 570 0.374999 0.166663 332 335 815 820 
 571 0.374999 0.208329 811 813 818 824 
 572 0.458333 0.083331 308 311 340 341 
 573 0.458333 0.041666 308 309 310 311 
 574 0.541666 0.833329 312 313 363 364 
 575 0.583333 0.791662 312 315 324 325 
 576 0.541666 0.791662 312 313 314 315 
 577 0.958333 0.249999 663 668 693 698 
 578 0.958333 0.333332 670 673 681 687 
 579 0.958333 0.291666 661 666 672 675 
 580 0.958333 0.374999 677 682 688 691 
 581 0.166667 0.041666 316 317 344 345 
 582 0.250000 0.041666 318 319 321 322 
 583 0.208333 0.083332 316 319 359 360 
 584 0.208333 0.041666 316 317 318 319 
 585 0.291666 0.083332 320 321 330 331 
 586 0.291667 0.041666 320 321 322 323 
 587 0.666666 0.791663 326 327 349 350 
 588 0.625000 0.833330 324 327 356 720 
 589 0.624999 0.791662 324 325 326 327 
 590 0.666667 0.958332 1966 1977 2099 2137 
 591 0.583333 0.958332 2003 2024 2158 2216 
 592 0.625000 0.916665 722 725 1971 2009 
 593 0.625000 0.958332 1976 1987 1993 2014 
 594 0.250000 0.124998 329 330 360 361 
 595 0.333333 0.124997 328 331 332 333 
 596 0.291666 0.124997 328 329 330 331 
 597 0.416666 0.124997 334 335 340 830 
 598 0.375000 0.124997 332 333 334 335 
 599 0.125000 0.541663 336 337 338 339 
 600 0.458333 0.124997 340 341 826 832 
 601 0.125000 0.041666 342 343 344 345 
 602 0.958333 0.208333 346 347 695 700 
 603 0.750000 0.958333 2067 2088 2120 2126 
 604 0.791667 0.958333 2040 2051 2057 2078 
 605 0.708333 0.916665 709 715 2094 2105 
 606 0.708333 0.958333 2104 2115 2121 2142 
 607 0.083333 0.708332 357 833 839 852 
 608 0.125000 0.749998 352 353 836 847 
 609 0.125000 0.708331 834 840 843 845 
 610 0.708333 0.833330 348 349 704 706 
 611 0.708333 0.791663 348 349 350 351 
 612 0.666666 0.874997 701 714 717 723 
 613 0.708333 0.874998 703 705 710 716 
 614 0.083333 0.791665 352 355 366 367 
 615 0.125000 0.791665 352 353 354 355 
 616 0.583333 0.874997 356 364 728 732 
 617 0.625000 0.874997 356 718 724 727 
 618 0.041667 0.749999 357 358 365 366 
 619 0.041667 0.708332 357 358 851 856 
 620 0.541666 0.916665 729 735 2190 2201 
 621 0.541667 0.958332 2153 2174 2200 2211 
 622 0.208333 0.124998 359 360 361 362 
 623 0.541666 0.874997 363 364 730 736 
 624 0.041667 0.791666 365 366 367 368 
 625 0.020833 1.000000 1300 1303 
 626 0.979167 1.000000 1424 1430 
 627 0.979167 0.208333 699 700 
 628 1.000000 0.229167 697 699 
 629 0.979167 0.250000 667 668 697 698 
 630 1.000000 0.270833 665 667 
 631 0.979167 0.291666 665 666 671 672 
 632 1.000000 0.312500 669 671 
 633 1.000000 0.354167 685 686 
 634 0.979167 0.333333 669 670 685 687 
 635 1.000000 0.395833 689 690 
 636 0.979167 0.374999 686 688 689 691 
 637 0.979167 0.416666 615 616 690 692 
 638 1.000000 0.437500 613 615 
 639 0.979167 0.458333 613 614 619 620 
 640 1.000000 0.479167 617 619 
 641 1.000000 0.520833 557 558 
 642 0.979167 0.499999 557 559 617 618 
 643 1.000000 0.562500 1674 1677 
 644 0.979167 0.541666 558 560 1675 1681 
 645 1.000000 0.604167 1178 1181 
 646 0.979167 0.583333 1179 1185 1680 1686 
 647 1.000000 0.645833 1194 1197 
 648 0.979167 0.625000 1184 1190 1195 1201 
 649 1.000000 0.687500 1322 1325 
 650 0.979167 0.666666 1200 1206 1323 1329 
 651 1.000000 0.729167 1338 1341 
 652 0.979167 0.708333 1328 1334 1339 1345 
 653 1.000000 0.770833 1450 1453 
 654 0.979167 0.750000 1344 1350 1451 1457 
 655 1.000000 0.812500 1466 1469 
 656 0.979167 0.791666 1456 1462 1467 1473 
 657 0.979167 0.833333 1028 1031 1472 1478 
 658 1.000000 0.854167 1019 1025 
 659 0.979167 0.875000 1018 1021 1044 1047 
 660 1.000000 0.895833 1035 1041 
 661 1.000000 0.937500 1402 1405 
 662 0.979167 0.916667 1034 1037 1403 1409 
 663 1.000000 0.979167 1418 1421 
 664 0.979167 0.958333 1408 1414 1419 1425 
 665 0.937500 1.000000 1376 1382 
 666 0.895833 1.000000 1104 1110 
 667 0.854167 1.000000 1056 1062 
 668 0.812500 1.000000 2048 2054 
 669 0.770833 1.000000 2064 2070 
 670 0.729167 1.000000 2132 2135 
 671 0.687500 1.000000 2148 2151 
 672 0.645833 1.000000 1984 1990 
 673 0.604167 1.000000 2000 2006 
 674 0.562500 1.000000 2164 2167 
 675 0.520833 1.000000 2180 2183 
 676 0.479167 1.000000 948 951 
 677 0.437500 1.000000 900 903 
 678 0.395833 1.000000 1776 1782 
 679 0.354167 1.000000 1728 1734 
 680 0.312500 1.000000 1568 1574 
 681 0.270833 1.000000 1584 1590 
 682 0.229167 1.000000 1648 1654 
 683 0.187500 1.000000 1664 1670 
 684 0.145833 1.000000 1828 1831 
 685 0.104167 1.000000 1844 1847 
 686 0.062500 1.000000 1284 1287 
 687 0.000000 0.979167 1291 1297 
 688 0.020833 0.958333 1252 1255 1290 1293 
 689 0.000000 0.937500 1243 1249 
 690 0.000000 0.895833 397 398 
 691 0.020833 0.916667 397 399 1242 1245 
 692 0.020833 0.875000 398 400 
 693 0.020833 0.624999 571 572 765 766 
 694 0.000000 0.604167 569 571 
 695 0.020833 0.583333 569 570 631 632 
 696 0.000000 0.562500 629 631 
 697 0.020833 0.541666 629 630 635 636 
 698 0.000000 0.520833 633 635 
 699 0.000000 0.479167 581 582 
 700 0.020833 0.499999 581 583 633 634 
 701 0.000000 0.437500 585 586 
 702 0.020833 0.458333 582 584 585 587 
 703 0.020833 0.416666 459 460 586 588 
 704 0.000000 0.395833 457 459 
 705 0.020833 0.374999 457 458 463 464 
 706 0.000000 0.354167 461 463 
 707 0.020833 0.333333 461 462 
 708 0.083333 0.604164 574 576 753 755 
 709 0.895833 0.499997 955 961 1930 1933 
 710 0.916666 0.520831 954 957 1716 1719 
 711 0.916666 0.479164 1888 1894 1931 1937 
 712 0.583333 0.937498 2020 2023 2208 2214 
 713 0.583333 0.895831 726 728 731 732 
 714 0.895833 0.666664 517 519 1136 1142 
 715 0.916666 0.687498 517 518 1316 1319 
 716 0.250000 0.895831 374 376 385 387 
 717 0.229166 0.916665 385 386 1627 1633 
 718 0.250000 0.937499 1604 1607 1626 1629 
 719 0.083333 0.354165 450 452 
 720 0.750000 0.895832 711 712 1216 1222 
 721 0.750000 0.937499 2084 2087 2112 2118 
 722 0.916667 0.895833 992 998 1515 1521 
 723 0.895833 0.916666 1083 1089 1514 1517 
 724 0.916667 0.937500 1082 1085 1396 1399 
 725 0.083333 0.895833 395 396 445 446 
 726 0.104167 0.916666 445 447 1850 1853 
 727 0.083333 0.937500 1264 1270 1851 1857 
 728 0.083333 0.479164 595 596 
 729 0.083333 0.520831 622 624 
 730 0.416666 0.937498 907 913 1754 1757 
 731 0.437500 0.916665 657 659 906 909 
 732 0.416666 0.895831 401 403 657 658 
 733 0.395833 0.916665 401 402 1755 1761 
 734 0.916666 0.312498 485 487 674 676 
 735 0.895833 0.333331 485 486 601 603 
 736 0.916666 0.354165 601 602 683 684 
 737 0.895833 0.749998 506 508 859 865 
 738 0.916666 0.770832 858 861 1444 1447 
 739 0.833333 0.770831 383 384 425 426 
 740 0.812500 0.749997 425 427 502 504 
 741 0.333333 0.895831 369 371 406 408 
 742 0.312500 0.916665 369 370 1547 1553 
 743 0.333333 0.937499 1546 1549 1748 1751 
 744 0.895833 0.833332 880 886 1508 1511 
 745 0.833333 0.937499 1076 1079 2026 2029 
 746 0.833333 0.895832 1227 1233 1536 1542 
 747 0.812500 0.916666 1226 1229 2027 2033 
 748 0.895833 0.583331 976 982 1115 1121 
 749 0.916666 0.604165 1114 1117 1172 1175 
 750 0.895833 0.416664 1808 1814 1924 1927 
 751 0.500000 0.937498 928 934 2187 2193 
 752 0.500000 0.895831 655 656 733 734 
 753 0.520833 0.916665 733 735 2186 2189 
 754 0.916666 0.229165 694 696 805 807 
 755 0.666666 0.937499 1962 1965 2091 2097 
 756 0.645833 0.916665 721 722 1963 1969 
 757 0.687500 0.916665 713 715 2090 2093 
 758 0.666666 0.895831 713 714 721 723 
 759 0.166666 0.895832 390 392 443 444 
 760 0.166667 0.937499 1620 1623 1872 1878 
 761 0.812499 0.416662 534 536 579 580 
 762 0.645833 0.166663 547 548 
 763 0.833333 0.604163 479 480 605 606 
 764 0.812499 0.583329 605 607 
 765 0.812499 0.666663 497 499 610 612 
 766 0.833333 0.687497 497 498 515 516 
 767 0.812500 0.833331 430 432 495 496 
 768 0.833333 0.312497 421 423 482 484 
 769 0.812499 0.333329 421 422 529 531 
 770 0.833333 0.354163 529 530 599 600 
 771 0.812500 0.249997 419 420 
 772 0.687499 0.249995 469 471 642 644 
 773 0.666666 0.229162 469 470 549 551 
 774 0.645833 0.249995 549 550 
 775 0.833333 0.520829 439 440 
 776 0.833333 0.479163 638 640 773 775 
 777 0.749999 0.312495 410 412 651 652 
 778 0.749999 0.354161 527 528 
 779 0.645833 0.833330 719 720 
 780 0.687500 0.833330 702 704 
 781 0.749999 0.229163 467 468 522 524 
 782 0.583333 0.229161 554 556 563 564 
 783 0.312500 0.874997 371 372 
 784 0.270833 0.916665 373 374 1595 1601 
 785 0.291666 0.895831 370 372 373 375 
 786 0.291666 0.937499 1556 1559 1594 1597 
 787 0.229166 0.874998 387 388 
 788 0.270833 0.874998 375 376 
 789 0.562499 0.249994 561 563 
 790 0.541666 0.229161 561 562 759 760 
 791 0.833333 0.812498 379 380 429 430 
 792 0.812500 0.791664 426 428 429 431 
 793 0.854166 0.749997 381 383 510 512 
 794 0.875000 0.770831 381 382 868 871 
 795 0.916667 0.812499 874 877 1492 1495 
 796 0.895833 0.791665 864 870 875 881 
 797 0.854166 0.833332 378 380 539 540 
 798 0.854166 0.791665 377 379 382 384 
 799 0.875000 0.812498 377 378 884 887 
 800 0.416667 0.979166 891 897 1770 1773 
 801 0.437500 0.958332 890 893 916 919 
 802 0.395833 0.958332 1760 1766 1771 1777 
 803 0.479166 0.916665 653 655 922 925 
 804 0.458333 0.937498 912 918 923 929 
 805 0.458333 0.895831 653 654 659 660 
 806 0.500000 0.979166 944 950 2171 2177 
 807 0.520833 0.958332 2170 2173 2196 2199 
 808 0.458333 0.979166 896 902 939 945 
 809 0.479167 0.958332 932 935 938 941 
 810 0.187500 0.916665 389 390 1611 1617 
 811 0.208333 0.895832 386 388 389 391 
 812 0.208333 0.937499 1610 1613 1636 1639 
 813 0.187500 0.874998 391 392 
 814 0.062500 0.916666 393 395 1258 1261 
 815 0.041667 0.895833 393 394 399 400 
 816 0.041667 0.937500 1248 1254 1259 1265 
 817 0.104167 0.874999 446 448 
 818 0.062500 0.874999 394 396 
 819 0.083333 0.437498 591 592 
 820 0.395833 0.874997 403 404 
 821 0.437500 0.874997 658 660 
 822 0.354166 0.916665 405 406 1739 1745 
 823 0.375000 0.895831 402 404 405 407 
 824 0.375000 0.937498 1738 1741 1764 1767 
 825 0.354166 0.874997 407 408 
 826 0.749999 0.270829 414 416 647 648 
 827 0.770833 0.249996 415 416 521 522 
 828 0.791666 0.229163 521 523 
 829 0.833333 0.270830 417 419 742 744 
 830 0.812500 0.291663 417 418 423 424 
 831 0.770833 0.333329 409 410 525 527 
 832 0.791666 0.312496 409 411 422 424 
 833 0.791666 0.354162 525 526 531 532 
 834 0.770833 0.291662 411 412 413 414 
 835 0.791666 0.270830 413 415 418 420 
 836 0.770833 0.833331 491 492 
 837 0.791666 0.770830 427 428 
 838 0.791666 0.812497 431 432 
 839 0.833333 0.562496 435 436 
 840 0.854166 0.499996 437 439 637 638 
 841 0.875000 0.520830 437 438 964 967 
 842 0.875000 0.479164 637 639 1936 1942 
 843 0.916666 0.562498 970 973 1700 1703 
 844 0.895833 0.541664 960 966 971 977 
 845 0.854166 0.583330 434 436 477 479 
 846 0.875000 0.604164 477 478 1124 1127 
 847 0.854166 0.541663 433 435 438 440 
 848 0.875000 0.562497 433 434 980 983 
 849 0.916667 0.854166 1008 1014 1499 1505 
 850 0.895833 0.874999 1498 1501 1524 1527 
 851 0.937500 0.833333 1012 1015 1488 1494 
 852 0.937500 0.916666 986 989 1387 1393 
 853 0.958333 0.895833 987 993 1040 1046 
 854 0.958333 0.937500 1386 1389 1412 1415 
 855 0.937500 0.874999 996 999 1002 1005 
 856 0.958333 0.854166 1003 1009 1024 1030 
 857 0.145833 0.916666 441 443 1866 1869 
 858 0.125000 0.895832 441 442 447 448 
 859 0.125000 0.937499 1856 1862 1867 1873 
 860 0.145833 0.874999 442 444 
 861 0.833333 0.979166 1060 1063 2042 2045 
 862 0.812500 0.958333 2032 2038 2043 2049 
 863 0.854167 0.916666 1067 1073 1530 1533 
 864 0.875000 0.937499 1066 1069 1092 1095 
 865 0.875000 0.895832 1520 1526 1531 1537 
 866 0.916667 0.979167 1098 1101 1380 1383 
 867 0.895833 0.958333 1088 1094 1099 1105 
 868 0.875000 0.979166 1050 1053 1108 1111 
 869 0.854167 0.958333 1051 1057 1072 1078 
 870 0.083333 0.395831 454 456 
 871 0.062500 0.416665 455 456 590 592 
 872 0.062500 0.333332 449 450 
 873 0.041667 0.354166 449 451 462 464 
 874 0.062500 0.374998 451 452 453 454 
 875 0.041667 0.395832 453 455 458 460 
 876 0.729166 0.333328 649 651 
 877 0.708333 0.312495 649 650 
 878 0.729166 0.249996 465 467 646 648 
 879 0.708333 0.229162 465 466 471 472 
 880 0.666666 0.187496 545 547 737 738 
 881 0.687499 0.208329 470 472 737 739 
 882 0.645833 0.208329 545 546 551 552 
 883 0.729166 0.208330 466 468 
 884 0.916666 0.645831 1130 1133 1156 1159 
 885 0.895833 0.624998 1120 1126 1131 1137 
 886 0.854166 0.666664 474 476 513 515 
 887 0.875000 0.687497 513 514 519 520 
 888 0.833333 0.645830 475 476 609 610 
 889 0.812499 0.624996 606 608 609 611 
 890 0.875000 0.645831 473 474 1140 1143 
 891 0.854166 0.624997 473 475 478 480 
 892 0.604166 0.166663 543 544 
 893 0.937500 0.583332 1163 1169 1696 1702 
 894 0.958333 0.604166 1162 1165 1188 1191 
 895 0.937500 0.666665 1152 1158 1307 1313 
 896 0.958333 0.687499 1306 1309 1332 1335 
 897 0.937500 0.624999 1147 1153 1168 1174 
 898 0.958333 0.645832 1146 1149 1204 1207 
 899 0.916666 0.270832 662 664 745 747 
 900 0.895833 0.291665 487 488 745 746 
 901 0.854166 0.333330 481 482 597 599 
 902 0.875000 0.312497 481 483 486 488 
 903 0.875000 0.354164 597 598 603 604 
 904 0.854166 0.291664 483 484 741 742 
 905 0.750000 0.854164 490 492 707 708 
 906 0.833333 0.854165 493 495 538 540 
 907 0.812500 0.874998 493 494 1236 1239 
 908 0.770833 0.916665 1210 1213 2075 2081 
 909 0.791666 0.895832 1211 1217 1232 1238 
 910 0.791667 0.937499 2036 2039 2074 2077 
 911 0.791666 0.854165 489 491 494 496 
 912 0.770833 0.874998 489 490 1220 1223 
 913 0.791666 0.687496 499 500 
 914 0.833333 0.729164 501 502 511 512 
 915 0.812500 0.708330 498 500 501 503 
 916 0.791666 0.729163 503 504 
 917 0.083333 0.979167 1280 1286 1835 1841 
 918 0.104167 0.958333 1834 1837 1860 1863 
 919 0.041667 0.979167 1275 1281 1296 1302 
 920 0.062500 0.958333 1268 1271 1274 1277 
 921 0.916666 0.729165 505 506 1364 1367 
 922 0.895833 0.708331 505 507 518 520 
 923 0.875000 0.729164 507 508 509 510 
 924 0.854166 0.708331 509 511 514 516 
 925 0.770833 0.208330 523 524 
 926 0.833333 0.395829 533 534 1796 1799 
 927 0.812499 0.374996 530 532 533 535 
 928 0.770833 0.374995 526 528 
 929 0.791666 0.395829 535 536 
 930 0.937500 0.749999 1360 1366 1435 1441 
 931 0.958333 0.770833 1434 1437 1460 1463 
 932 0.937500 0.708332 1312 1318 1355 1361 
 933 0.958333 0.729166 1348 1351 1354 1357 
 934 0.958333 0.979167 1370 1373 1428 1431 
 935 0.937500 0.958333 1371 1377 1392 1398 
 936 0.937500 0.791666 1440 1446 1483 1489 
 937 0.958333 0.812499 1476 1479 1482 1485 
 938 0.875000 0.854165 537 539 1504 1510 
 939 0.854166 0.874999 537 538 1540 1543 
 940 0.604166 0.249994 553 554 
 941 0.624999 0.229162 550 552 553 555 
 942 0.583333 0.187496 542 544 567 568 
 943 0.624999 0.187496 541 543 546 548 
 944 0.604166 0.208329 541 542 555 556 
 945 0.333333 0.979166 1562 1565 1732 1735 
 946 0.312500 0.958332 1552 1558 1563 1569 
 947 0.250000 0.979166 1588 1591 1642 1645 
 948 0.229167 0.958333 1632 1638 1643 1649 
 949 0.291667 0.979166 1572 1575 1578 1581 
 950 0.270833 0.958333 1579 1585 1600 1606 
 951 0.166667 0.979166 1668 1671 1824 1830 
 952 0.208333 0.979166 1652 1655 1658 1661 
 953 0.187500 0.958333 1616 1622 1659 1665 
 954 0.937500 0.499998 1707 1713 1882 1885 
 955 0.958333 0.520832 559 560 1706 1709 
 956 0.958333 0.479166 618 620 1883 1889 
 957 0.937500 0.541665 1691 1697 1712 1718 
 958 0.958333 0.562499 1684 1687 1690 1693 
 959 0.562499 0.166663 566 568 777 779 
 960 0.562499 0.208328 562 564 565 567 
 961 0.541666 0.187495 565 566 763 764 
 962 0.062500 0.583332 573 574 627 628 
 963 0.041667 0.604166 570 572 573 575 
 964 0.062500 0.624998 575 576 769 770 
 965 0.833333 0.437496 577 579 1952 1958 
 966 0.812499 0.458329 577 578 775 776 
 967 0.791666 0.437495 578 580 
 968 0.062500 0.499998 593 595 621 622 
 969 0.041667 0.479166 583 584 593 594 
 970 0.041667 0.520832 621 623 634 636 
 971 0.062500 0.458332 589 591 594 596 
 972 0.041667 0.437499 587 588 589 590 
 973 0.375000 0.979166 1722 1725 1780 1783 
 974 0.354167 0.958332 1723 1729 1744 1750 
 975 0.791666 0.604162 607 608 
 976 0.916666 0.395831 679 680 1802 1805 
 977 0.895833 0.374998 602 604 1803 1809 
 978 0.854166 0.416663 1792 1798 1956 1959 
 979 0.854166 0.374997 598 600 1787 1793 
 980 0.875000 0.395830 1786 1789 1812 1815 
 981 0.125000 0.979166 1819 1825 1840 1846 
 982 0.145833 0.958333 1818 1821 1876 1879 
 983 0.791666 0.645829 611 612 
 984 0.916666 0.437498 1904 1910 1915 1921 
 985 0.895833 0.458331 1914 1917 1940 1943 
 986 0.937500 0.416665 678 680 1908 1911 
 987 0.937500 0.458332 1892 1895 1898 1901 
 988 0.958333 0.437499 614 616 1899 1905 
 989 0.083333 0.562498 626 628 
 990 0.041667 0.562499 625 627 630 632 
 991 0.062500 0.541665 623 624 625 626 
 992 0.666666 0.270828 641 642 
 993 0.687499 0.291661 641 643 
 994 0.854166 0.458330 639 640 1946 1949 
 995 0.875000 0.437497 1920 1926 1947 1953 
 996 0.729166 0.291662 645 647 650 652 
 997 0.708333 0.270828 643 644 645 646 
 998 0.520833 0.874997 734 736 
 999 0.479166 0.874997 654 656 
 1000 0.937500 0.249999 663 664 693 694 
 1001 0.958333 0.229166 693 695 698 700 
 1002 0.937500 0.333332 673 674 681 683 
 1003 0.958333 0.312499 670 672 673 675 
 1004 0.958333 0.354166 681 682 687 688 
 1005 0.937500 0.291665 661 662 675 676 
 1006 0.958333 0.270833 661 663 666 668 
 1007 0.937500 0.374998 677 679 682 684 
 1008 0.958333 0.395832 677 678 691 692 
 1009 0.666667 0.979166 1978 1981 2139 2145 
 1010 0.645833 0.958332 1968 1974 1979 1985 
 1011 0.687500 0.958332 2100 2103 2138 2141 
 1012 0.583333 0.979166 2004 2007 2160 2166 
 1013 0.604166 0.916665 725 726 2011 2017 
 1014 0.625000 0.937499 1972 1975 2010 2013 
 1015 0.625000 0.895831 722 724 725 727 
 1016 0.625000 0.979166 1988 1991 1994 1997 
 1017 0.604167 0.958332 1995 2001 2016 2022 
 1018 0.937500 0.208332 695 696 
 1019 0.750000 0.979166 2068 2071 2128 2134 
 1020 0.791667 0.979166 2052 2055 2058 2061 
 1021 0.770833 0.958333 2059 2065 2080 2086 
 1022 0.729166 0.916665 709 711 2106 2109 
 1023 0.708333 0.937499 2096 2102 2107 2113 
 1024 0.708333 0.895831 709 710 715 716 
 1025 0.708333 0.979166 2123 2129 2144 2150 
 1026 0.729167 0.958333 2116 2119 2122 2125 
 1027 0.729166 0.833330 706 708 
 1028 0.666666 0.854164 701 702 717 719 
 1029 0.687500 0.874997 701 703 714 716 
 1030 0.645833 0.874997 717 718 723 724 
 1031 0.729166 0.874998 705 707 710 712 
 1032 0.708333 0.854164 703 704 705 706 
 1033 0.625000 0.854163 718 720 
 1034 0.604166 0.874997 727 728 
 1035 0.562500 0.916665 729 731 2202 2205 
 1036 0.541666 0.937498 2192 2198 2203 2209 
 1037 0.541666 0.895831 729 730 735 736 
 1038 0.541667 0.979166 2155 2161 2176 2182 
 1039 0.562500 0.958332 2154 2157 2212 2215 
 1040 0.562500 0.874997 730 732 
 1041 0.312500 0.895831 369 370 371 372 
 1042 0.270833 0.895831 373 374 375 376 
 1043 0.854166 0.812498 377 378 379 380 
 1044 0.854166 0.770831 381 382 383 384 
 1045 0.895833 0.770832 860 863 866 869 
 1046 0.895833 0.812499 876 879 882 885 
 1047 0.437500 0.979166 892 895 898 901 
 1048 0.437500 0.937498 908 911 914 917 
 1049 0.479166 0.937498 924 927 930 933 
 1050 0.479167 0.979166 940 943 946 949 
 1051 0.229166 0.895832 385 386 387 388 
 1052 0.187500 0.895832 389 390 391 392 
 1053 0.062500 0.895833 393 394 395 396 
 1054 0.020833 0.895833 397 398 399 400 
 1055 0.395833 0.895831 401 402 403 404 
 1056 0.354166 0.895831 405 406 407 408 
 1057 0.770833 0.312496 409 410 411 412 
 1058 0.770833 0.270829 413 414 415 416 
 1059 0.812500 0.270830 417 418 419 420 
 1060 0.812499 0.312496 421 422 423 424 
 1061 0.812500 0.770830 425 426 427 428 
 1062 0.812500 0.812498 429 430 431 432 
 1063 0.854166 0.562496 433 434 435 436 
 1064 0.854166 0.520830 437 438 439 440 
 1065 0.895833 0.520831 956 959 962 965 
 1066 0.895833 0.562497 972 975 978 981 
 1067 0.937500 0.895833 988 991 994 997 
 1068 0.937500 0.854166 1004 1007 1010 1013 
 1069 0.979167 0.854166 1020 1023 1026 1029 
 1070 0.979167 0.895833 1036 1039 1042 1045 
 1071 0.145833 0.895832 441 442 443 444 
 1072 0.104167 0.895832 445 446 447 448 
 1073 0.854167 0.979166 1052 1055 1058 1061 
 1074 0.854167 0.937499 1068 1071 1074 1077 
 1075 0.895833 0.937499 1084 1087 1090 1093 
 1076 0.895833 0.979166 1100 1103 1106 1109 
 1077 0.062500 0.354165 449 450 451 452 
 1078 0.062500 0.395832 453 454 455 456 
 1079 0.020833 0.395833 457 458 459 460 
 1080 0.020833 0.354166 461 462 463 464 
 1081 0.729166 0.229163 465 466 467 468 
 1082 0.687499 0.229162 469 470 471 472 
 1083 0.895833 0.604164 1116 1119 1122 1125 
 1084 0.895833 0.645831 1132 1135 1138 1141 
 1085 0.854166 0.645830 473 474 475 476 
 1086 0.854166 0.604163 477 478 479 480 
 1087 0.937500 0.645832 1148 1151 1154 1157 
 1088 0.937500 0.604165 1164 1167 1170 1173 
 1089 0.979167 0.604166 1180 1183 1186 1189 
 1090 0.979167 0.645833 1196 1199 1202 1205 
 1091 0.854166 0.312497 481 482 483 484 
 1092 0.895833 0.312498 485 486 487 488 
 1093 0.770833 0.895832 1212 1215 1218 1221 
 1094 0.770833 0.854164 489 490 491 492 
 1095 0.812500 0.854165 493 494 495 496 
 1096 0.812500 0.895832 1228 1231 1234 1237 
 1097 0.812500 0.687496 497 498 499 500 
 1098 0.812500 0.729163 501 502 503 504 
 1099 0.020833 0.937500 1244 1247 1250 1253 
 1100 0.062500 0.937500 1260 1263 1266 1269 
 1101 0.062500 0.979167 1276 1279 1282 1285 
 1102 0.020833 0.979167 1292 1295 1298 1301 
 1103 0.895833 0.729165 505 506 507 508 
 1104 0.854166 0.729164 509 510 511 512 
 1105 0.854166 0.687497 513 514 515 516 
 1106 0.895833 0.687498 517 518 519 520 
 1107 0.770833 0.229163 521 522 523 524 
 1108 0.770833 0.354162 525 526 527 528 
 1109 0.812499 0.354163 529 530 531 532 
 1110 0.812499 0.395829 533 534 535 536 
 1111 0.937500 0.687499 1308 1311 1314 1317 
 1112 0.979167 0.687500 1324 1327 1330 1333 
 1113 0.979167 0.729166 1340 1343 1346 1349 
 1114 0.937500 0.729165 1356 1359 1362 1365 
 1115 0.937500 0.979167 1372 1375 1378 1381 
 1116 0.937500 0.937500 1388 1391 1394 1397 
 1117 0.979167 0.937500 1404 1407 1410 1413 
 1118 0.979167 0.979167 1420 1423 1426 1429 
 1119 0.937500 0.770832 1436 1439 1442 1445 
 1120 0.979167 0.770833 1452 1455 1458 1461 
 1121 0.979167 0.812500 1468 1471 1474 1477 
 1122 0.937500 0.812499 1484 1487 1490 1493 
 1123 0.895833 0.854166 1500 1503 1506 1509 
 1124 0.895833 0.895833 1516 1519 1522 1525 
 1125 0.854167 0.895832 1532 1535 1538 1541 
 1126 0.854166 0.854165 537 538 539 540 
 1127 0.604166 0.187496 541 542 543 544 
 1128 0.645833 0.187496 545 546 547 548 
 1129 0.645833 0.229162 549 550 551 552 
 1130 0.604166 0.229162 553 554 555 556 
 1131 0.312500 0.937499 1548 1551 1554 1557 
 1132 0.312500 0.979166 1564 1567 1570 1573 
 1133 0.270833 0.979166 1580 1583 1586 1589 
 1134 0.270833 0.937499 1596 1599 1602 1605 
 1135 0.187500 0.937499 1612 1615 1618 1621 
 1136 0.229167 0.937499 1628 1631 1634 1637 
 1137 0.229167 0.979166 1644 1647 1650 1653 
 1138 0.187500 0.979166 1660 1663 1666 1669 
 1139 0.979167 0.520833 557 558 559 560 
 1140 0.979167 0.562499 1676 1679 1682 1685 
 1141 0.937500 0.562498 1692 1695 1698 1701 
 1142 0.937500 0.520832 1708 1711 1714 1717 
 1143 0.562499 0.229161 561 562 563 564 
 1144 0.562499 0.187495 565 566 567 568 
 1145 0.020833 0.604166 569 570 571 572 
 1146 0.062500 0.604165 573 574 575 576 
 1147 0.812499 0.437496 577 578 579 580 
 1148 0.020833 0.479166 581 582 583 584 
 1149 0.020833 0.437499 585 586 587 588 
 1150 0.062500 0.437498 589 590 591 592 
 1151 0.062500 0.479165 593 594 595 596 
 1152 0.354167 0.979166 1724 1727 1730 1733 
 1153 0.354166 0.937499 1740 1743 1746 1749 
 1154 0.395833 0.937498 1756 1759 1762 1765 
 1155 0.395833 0.979166 1772 1775 1778 1781 
 1156 0.854166 0.395830 1788 1791 1794 1797 
 1157 0.854166 0.354163 597 598 599 600 
 1158 0.895833 0.354164 601 602 603 604 
 1159 0.895833 0.395831 1804 1807 1810 1813 
 1160 0.145833 0.979166 1820 1823 1826 1829 
 1161 0.104167 0.979166 1836 1839 1842 1845 
 1162 0.104167 0.937499 1852 1855 1858 1861 
 1163 0.145833 0.937499 1868 1871 1874 1877 
 1164 0.812499 0.604162 605 606 607 608 
 1165 0.812499 0.645829 609 610 611 612 
 1166 0.937500 0.479165 1884 1887 1890 1893 
 1167 0.937500 0.437498 1900 1903 1906 1909 
 1168 0.979167 0.437499 613 614 615 616 
 1169 0.979167 0.479166 617 618 619 620 
 1170 0.062500 0.520832 621 622 623 624 
 1171 0.062500 0.562498 625 626 627 628 
 1172 0.020833 0.562499 629 630 631 632 
 1173 0.020833 0.520833 633 634 635 636 
 1174 0.895833 0.437497 1916 1919 1922 1925 
 1175 0.895833 0.479164 1932 1935 1938 1941 
 1176 0.854166 0.479163 637 638 639 640 
 1177 0.854166 0.437496 1948 1951 1954 1957 
 1178 0.687499 0.270828 641 642 643 644 
 1179 0.729166 0.270829 645 646 647 648 
 1180 0.729166 0.312495 649 650 651 652 
 1181 0.479166 0.895831 653 654 655 656 
 1182 0.437500 0.895831 657 658 659 660 
 1183 0.937500 0.270832 661 662 663 664 
 1184 0.979167 0.270833 665 666 667 668 
 1185 0.979167 0.312500 669 670 671 672 
 1186 0.937500 0.312499 673 674 675 676 
 1187 0.937500 0.395832 677 678 679 680 
 1188 0.937500 0.354165 681 682 683 684 
 1189 0.979167 0.354166 685 686 687 688 
 1190 0.979167 0.395833 689 690 691 692 
 1191 0.645833 0.937499 1964 1967 1970 1973 
 1192 0.645833 0.979166 1980 1983 1986 1989 
 1193 0.604167 0.979166 1996 1999 2002 2005 
 1194 0.604166 0.937498 2012 2015 2018 2021 
 1195 0.937500 0.229166 693 694 695 696 
 1196 0.979167 0.229166 697 698 699 700 
 1197 0.812500 0.937499 2028 2031 2034 2037 
 1198 0.812500 0.979166 2044 2047 2050 2053 
 1199 0.770833 0.979166 2060 2063 2066 2069 
 1200 0.770833 0.937499 2076 2079 2082 2085 
 1201 0.687500 0.937499 2092 2095 2098 2101 
 1202 0.729167 0.937499 2108 2111 2114 2117 
 1203 0.729167 0.979166 2124 2127 2130 2133 
 1204 0.687500 0.979166 2140 2143 2146 2149 
 1205 0.687500 0.854164 701 702 703 704 
 1206 0.729166 0.854164 705 706 707 708 
 1207 0.729166 0.895831 709 710 711 712 
 1208 0.687500 0.895831 713 714 715 716 
 1209 0.645833 0.854164 717 718 719 720 
 1210 0.645833 0.895831 721 722 723 724 
 1211 0.604166 0.895831 725 726 727 728 
 1212 0.562500 0.979166 2156 2159 2162 2165 
 1213 0.520833 0.979166 2172 2175 2178 2181 
 1214 0.520833 0.937498 2188 2191 2194 2197 
 1215 0.562500 0.937498 2204 2207 2210 2213 
 1216 0.562500 0.895831 729 730 731 732 
 1217 0.520833 0.895831 733 734 735 736 
 1218 0.020833 0.708333 855 856 
 1219 0.000000 0.687500 853 855 
 1220 0.020833 0.666666 767 768 853 854 
 1221 0.000000 0.645833 765 767 
 1222 0.104166 0.583331 753 754 
 1223 0.895833 0.166665 803 804 
 1224 0.104166 0.749998 835 836 
 1225 0.104166 0.666664 751 752 837 838 
 1226 0.083333 0.687498 837 839 850 852 
 1227 0.895833 0.249998 747 748 805 806 
 1228 0.520833 0.166662 762 764 781 783 
 1229 0.499999 0.145830 781 782 827 828 
 1230 0.166666 0.687496 842 844 
 1231 0.687500 0.166663 738 740 
 1232 0.437499 0.166662 786 788 829 831 
 1233 0.395833 0.166663 819 820 
 1234 0.416666 0.145830 829 830 
 1235 0.395833 0.249994 821 822 
 1236 0.437499 0.249994 797 799 
 1237 0.416666 0.229161 797 798 821 823 
 1238 0.583333 0.145830 779 780 
 1239 0.812499 0.499996 773 774 
 1240 0.520833 0.249994 757 759 
 1241 0.499999 0.229161 757 758 795 796 
 1242 0.333333 0.229162 810 812 
 1243 0.354166 0.249995 809 810 
 1244 0.374999 0.229162 809 811 822 824 
 1245 0.708333 0.187496 739 740 
 1246 0.854166 0.249997 743 744 
 1247 0.875000 0.229165 806 808 
 1248 0.875000 0.270831 741 743 746 748 
 1249 0.166666 0.729164 846 848 
 1250 0.083333 0.645831 749 751 770 772 
 1251 0.104166 0.624997 749 750 755 756 
 1252 0.125000 0.604164 754 756 
 1253 0.145833 0.666663 841 842 
 1254 0.125000 0.687497 838 840 841 843 
 1255 0.125000 0.645830 750 752 
 1256 0.499999 0.187495 761 762 791 792 
 1257 0.520833 0.208328 758 760 761 763 
 1258 0.541666 0.145830 777 778 783 784 
 1259 0.062500 0.666665 771 772 849 850 
 1260 0.041667 0.687499 849 851 854 856 
 1261 0.041667 0.645832 766 768 769 771 
 1262 0.791666 0.479162 774 776 
 1263 0.333333 0.187496 814 816 
 1264 0.520833 0.124997 782 784 
 1265 0.562500 0.124997 778 780 
 1266 0.479166 0.166662 790 792 825 827 
 1267 0.458333 0.145830 825 826 831 832 
 1268 0.479166 0.249994 793 795 
 1269 0.458333 0.229161 793 794 799 800 
 1270 0.416666 0.187495 785 786 817 819 
 1271 0.437499 0.208328 785 787 798 800 
 1272 0.395833 0.208329 817 818 823 824 
 1273 0.479166 0.208328 789 791 794 796 
 1274 0.458333 0.187495 787 788 789 790 
 1275 0.916667 0.187499 801 803 
 1276 0.895833 0.208332 801 802 807 808 
 1277 0.875000 0.187498 802 804 
 1278 0.354166 0.166663 815 816 
 1279 0.354166 0.208329 811 812 813 814 
 1280 0.374999 0.187496 813 815 818 820 
 1281 0.437500 0.124997 830 832 
 1282 0.479166 0.124997 826 828 
 1283 0.083333 0.729165 833 835 
 1284 0.104166 0.708331 833 834 839 840 
 1285 0.145833 0.749997 847 848 
 1286 0.145833 0.708330 843 844 845 846 
 1287 0.125000 0.729164 834 836 845 847 
 1288 0.062500 0.708332 851 852 
 1289 0.010417 1.000000 1299 1300 
 1290 0.031250 1.000000 1303 1304 
 1291 0.989583 1.000000 1422 1424 
 1292 0.968750 1.000000 1430 1432 
 1293 1.000000 0.552083 1673 1674 
 1294 1.000000 0.572917 1677 1678 
 1295 0.989583 0.541666 1673 1675 
 1296 0.968750 0.541666 1681 1683 
 1297 1.000000 0.593750 1177 1178 
 1298 1.000000 0.614583 1181 1182 
 1299 0.989583 0.583333 1177 1179 1678 1680 
 1300 0.968750 0.583333 1185 1187 1686 1688 
 1301 1.000000 0.635417 1193 1194 
 1302 1.000000 0.656250 1197 1198 
 1303 0.989583 0.625000 1182 1184 1193 1195 
 1304 0.968750 0.624999 1190 1192 1201 1203 
 1305 1.000000 0.677083 1321 1322 
 1306 1.000000 0.697917 1325 1326 
 1307 0.989583 0.666666 1198 1200 1321 1323 
 1308 0.968750 0.666666 1206 1208 1329 1331 
 1309 1.000000 0.718750 1337 1338 
 1310 1.000000 0.739583 1341 1342 
 1311 0.989583 0.708333 1326 1328 1337 1339 
 1312 0.968750 0.708333 1334 1336 1345 1347 
 1313 1.000000 0.760417 1449 1450 
 1314 1.000000 0.781250 1453 1454 
 1315 0.989583 0.750000 1342 1344 1449 1451 
 1316 0.968750 0.749999 1350 1352 1457 1459 
 1317 1.000000 0.802083 1465 1466 
 1318 1.000000 0.822917 1469 1470 
 1319 0.989583 0.791667 1454 1456 1465 1467 
 1320 0.968750 0.791666 1462 1464 1473 1475 
 1321 0.989583 0.833333 1027 1028 1470 1472 
 1322 0.968750 0.833333 1031 1032 1478 1480 
 1323 1.000000 0.864583 1017 1019 
 1324 1.000000 0.843750 1025 1027 
 1325 0.989583 0.875000 1017 1018 1043 1044 
 1326 0.968750 0.875000 1021 1022 1047 1048 
 1327 1.000000 0.906250 1033 1035 
 1328 1.000000 0.885417 1041 1043 
 1329 1.000000 0.927083 1401 1402 
 1330 1.000000 0.947917 1405 1406 
 1331 0.989583 0.916667 1033 1034 1401 1403 
 1332 0.968750 0.916666 1037 1038 1409 1411 
 1333 1.000000 0.968750 1417 1418 
 1334 1.000000 0.989583 1421 1422 
 1335 0.989583 0.958333 1406 1408 1417 1419 
 1336 0.968750 0.958333 1414 1416 1425 1427 
 1337 0.947917 1.000000 1374 1376 
 1338 0.927083 1.000000 1382 1384 
 1339 0.906250 1.000000 1102 1104 
 1340 0.885417 1.000000 1110 1112 
 1341 0.864583 1.000000 1054 1056 
 1342 0.843750 1.000000 1062 1064 
 1343 0.822917 1.000000 2046 2048 
 1344 0.802083 1.000000 2054 2056 
 1345 0.781250 1.000000 2062 2064 
 1346 0.760417 1.000000 2070 2072 
 1347 0.718750 1.000000 2131 2132 
 1348 0.739583 1.000000 2135 2136 
 1349 0.677083 1.000000 2147 2148 
 1350 0.697917 1.000000 2151 2152 
 1351 0.656250 1.000000 1982 1984 
 1352 0.635417 1.000000 1990 1992 
 1353 0.614583 1.000000 1998 2000 
 1354 0.593750 1.000000 2006 2008 
 1355 0.552083 1.000000 2163 2164 
 1356 0.572917 1.000000 2167 2168 
 1357 0.510417 1.000000 2179 2180 
 1358 0.531250 1.000000 2183 2184 
 1359 0.468750 1.000000 947 948 
 1360 0.489583 1.000000 951 952 
 1361 0.427083 1.000000 899 900 
 1362 0.447917 1.000000 903 904 
 1363 0.406250 1.000000 1774 1776 
 1364 0.385417 1.000000 1782 1784 
 1365 0.364583 1.000000 1726 1728 
 1366 0.343750 1.000000 1734 1736 
 1367 0.322917 1.000000 1566 1568 
 1368 0.302083 1.000000 1574 1576 
 1369 0.281250 1.000000 1582 1584 
 1370 0.260417 1.000000 1590 1592 
 1371 0.239583 1.000000 1646 1648 
 1372 0.218750 1.000000 1654 1656 
 1373 0.197917 1.000000 1662 1664 
 1374 0.177083 1.000000 1670 1672 
 1375 0.135417 1.000000 1827 1828 
 1376 0.156250 1.000000 1831 1832 
 1377 0.093750 1.000000 1843 1844 
 1378 0.114583 1.000000 1847 1848 
 1379 0.052083 1.000000 1283 1284 
 1380 0.072917 1.000000 1287 1288 
 1381 0.000000 0.968750 1289 1291 
 1382 0.000000 0.989583 1297 1299 
 1383 0.010417 0.958333 1251 1252 1289 1290 
 1384 0.031250 0.958333 1255 1256 1293 1294 
 1385 0.000000 0.927083 1241 1243 
 1386 0.000000 0.947917 1249 1251 
 1387 0.010417 0.916667 1241 1242 
 1388 0.031250 0.916666 1245 1246 
 1389 0.906250 0.499998 953 955 1929 1930 
 1390 0.885416 0.499997 961 963 1933 1934 
 1391 0.916666 0.510414 953 954 1715 1716 
 1392 0.916666 0.531248 957 958 1719 1720 
 1393 0.916666 0.489581 1886 1888 1929 1931 
 1394 0.916666 0.468748 1894 1896 1937 1939 
 1395 0.583333 0.927082 2019 2020 2206 2208 
 1396 0.583333 0.947915 2023 2024 2214 2216 
 1397 0.906250 0.666665 1134 1136 
 1398 0.885416 0.666664 1142 1144 
 1399 0.916666 0.677082 1315 1316 
 1400 0.916666 0.697915 1319 1320 
 1401 0.239583 0.916665 1625 1627 
 1402 0.218750 0.916665 1633 1635 
 1403 0.250000 0.927082 1603 1604 1625 1626 
 1404 0.250000 0.947916 1607 1608 1629 1630 
 1405 0.750000 0.906248 1214 1216 
 1406 0.750000 0.885415 1222 1224 
 1407 0.750000 0.927082 2083 2084 2110 2112 
 1408 0.750000 0.947916 2087 2088 2118 2120 
 1409 0.916667 0.906249 990 992 1513 1515 
 1410 0.916667 0.885416 998 1000 1521 1523 
 1411 0.906250 0.916666 1081 1083 1513 1514 
 1412 0.885417 0.916666 1089 1091 1517 1518 
 1413 0.916667 0.927083 1081 1082 1395 1396 
 1414 0.916667 0.947916 1085 1086 1399 1400 
 1415 0.093750 0.916666 1849 1850 
 1416 0.114583 0.916666 1853 1854 
 1417 0.083333 0.927083 1262 1264 1849 1851 
 1418 0.083333 0.947916 1270 1272 1857 1859 
 1419 0.416666 0.927081 905 907 1753 1754 
 1420 0.416666 0.947915 913 915 1757 1758 
 1421 0.427083 0.916665 905 906 
 1422 0.447916 0.916665 909 910 
 1423 0.406250 0.916665 1753 1755 
 1424 0.385416 0.916665 1761 1763 
 1425 0.906250 0.749998 857 859 
 1426 0.885416 0.749998 865 867 
 1427 0.916666 0.760415 857 858 1443 1444 
 1428 0.916666 0.781249 861 862 1447 1448 
 1429 0.322916 0.916665 1545 1547 
 1430 0.302083 0.916665 1553 1555 
 1431 0.333333 0.927082 1545 1546 1747 1748 
 1432 0.333333 0.947915 1549 1550 1751 1752 
 1433 0.906250 0.833332 878 880 1507 1508 
 1434 0.885416 0.833332 886 888 1511 1512 
 1435 0.833333 0.927082 1075 1076 2025 2026 
 1436 0.833333 0.947916 1079 1080 2029 2030 
 1437 0.833333 0.906249 1225 1227 1534 1536 
 1438 0.833333 0.885415 1233 1235 1542 1544 
 1439 0.822917 0.916666 1225 1226 2025 2027 
 1440 0.802083 0.916665 1229 1230 2033 2035 
 1441 0.906250 0.583331 974 976 1113 1115 
 1442 0.885416 0.583331 982 984 1121 1123 
 1443 0.916666 0.593748 1113 1114 1171 1172 
 1444 0.916666 0.614581 1117 1118 1175 1176 
 1445 0.906250 0.416664 1806 1808 1923 1924 
 1446 0.885416 0.416664 1814 1816 1927 1928 
 1447 0.500000 0.927081 926 928 2185 2187 
 1448 0.500000 0.947915 934 936 2193 2195 
 1449 0.510416 0.916665 2185 2186 
 1450 0.531250 0.916665 2189 2190 
 1451 0.666666 0.927082 1961 1962 2089 2091 
 1452 0.666667 0.947916 1965 1966 2097 2099 
 1453 0.656250 0.916665 1961 1963 
 1454 0.635416 0.916665 1969 1971 
 1455 0.677083 0.916665 2089 2090 
 1456 0.697916 0.916665 2093 2094 
 1457 0.166667 0.927082 1619 1620 1870 1872 
 1458 0.166667 0.947916 1623 1624 1878 1880 
 1459 0.281250 0.916665 1593 1595 
 1460 0.260416 0.916665 1601 1603 
 1461 0.291666 0.927082 1555 1556 1593 1594 
 1462 0.291667 0.947916 1559 1560 1597 1598 
 1463 0.875000 0.760415 867 868 
 1464 0.875000 0.781248 871 872 
 1465 0.916667 0.802082 873 874 1491 1492 
 1466 0.916667 0.822916 877 878 1495 1496 
 1467 0.906250 0.791665 862 864 873 875 
 1468 0.885416 0.791665 870 872 881 883 
 1469 0.875000 0.802082 883 884 
 1470 0.875000 0.822915 887 888 
 1471 0.416667 0.968749 889 891 1769 1770 
 1472 0.416667 0.989583 897 899 1773 1774 
 1473 0.427083 0.958332 889 890 915 916 
 1474 0.447917 0.958332 893 894 919 920 
 1475 0.406250 0.958332 1758 1760 1769 1771 
 1476 0.385417 0.958332 1766 1768 1777 1779 
 1477 0.468750 0.916665 921 922 
 1478 0.489583 0.916665 925 926 
 1479 0.458333 0.927081 910 912 921 923 
 1480 0.458333 0.947915 918 920 929 931 
 1481 0.500000 0.968749 942 944 2169 2171 
 1482 0.500000 0.989583 950 952 2177 2179 
 1483 0.510417 0.958332 2169 2170 2195 2196 
 1484 0.531250 0.958332 2173 2174 2199 2200 
 1485 0.458333 0.968749 894 896 937 939 
 1486 0.458333 0.989583 902 904 945 947 
 1487 0.468750 0.958332 931 932 937 938 
 1488 0.489583 0.958332 935 936 941 942 
 1489 0.197916 0.916665 1609 1611 
 1490 0.177083 0.916666 1617 1619 
 1491 0.208333 0.927082 1609 1610 1635 1636 
 1492 0.208333 0.947916 1613 1614 1639 1640 
 1493 0.052083 0.916666 1257 1258 
 1494 0.072917 0.916666 1261 1262 
 1495 0.041667 0.927083 1246 1248 1257 1259 
 1496 0.041667 0.947916 1254 1256 1265 1267 
 1497 0.364583 0.916665 1737 1739 
 1498 0.343750 0.916665 1745 1747 
 1499 0.375000 0.927082 1737 1738 1763 1764 
 1500 0.375000 0.947915 1741 1742 1767 1768 
 1501 0.875000 0.510414 963 964 
 1502 0.875000 0.531247 967 968 
 1503 0.875000 0.489580 1934 1936 
 1504 0.875000 0.468747 1942 1944 
 1505 0.916666 0.552081 969 970 1699 1700 
 1506 0.916666 0.572915 973 974 1703 1704 
 1507 0.906250 0.541664 958 960 969 971 
 1508 0.885416 0.541664 966 968 977 979 
 1509 0.875000 0.593747 1123 1124 
 1510 0.875000 0.614580 1127 1128 
 1511 0.875000 0.552080 979 980 
 1512 0.875000 0.572914 983 984 
 1513 0.916667 0.864582 1006 1008 1497 1499 
 1514 0.916667 0.843749 1014 1016 1505 1507 
 1515 0.906250 0.874999 1497 1498 1523 1524 
 1516 0.885417 0.874999 1501 1502 1527 1528 
 1517 0.947917 0.833333 1011 1012 1486 1488 
 1518 0.927083 0.833332 1015 1016 1494 1496 
 1519 0.947917 0.916666 985 986 1385 1387 
 1520 0.927083 0.916666 989 990 1393 1395 
 1521 0.958333 0.906250 985 987 1038 1040 
 1522 0.958333 0.885416 993 995 1046 1048 
 1523 0.958333 0.927083 1385 1386 1411 1412 
 1524 0.958333 0.947916 1389 1390 1415 1416 
 1525 0.947917 0.875000 995 996 1001 1002 
 1526 0.927083 0.874999 999 1000 1005 1006 
 1527 0.958333 0.864583 1001 1003 1022 1024 
 1528 0.958333 0.843750 1009 1011 1030 1032 
 1529 0.135417 0.916666 1865 1866 
 1530 0.156250 0.916666 1869 1870 
 1531 0.125000 0.927083 1854 1856 1865 1867 
 1532 0.125000 0.947916 1862 1864 1873 1875 
 1533 0.833333 0.968750 1059 1060 2041 2042 
 1534 0.833333 0.989583 1063 1064 2045 2046 
 1535 0.822917 0.958333 2030 2032 2041 2043 
 1536 0.802083 0.958333 2038 2040 2049 2051 
 1537 0.864583 0.916666 1065 1067 1529 1530 
 1538 0.843750 0.916666 1073 1075 1533 1534 
 1539 0.875000 0.927083 1065 1066 1091 1092 
 1540 0.875000 0.947916 1069 1070 1095 1096 
 1541 0.875000 0.906249 1518 1520 1529 1531 
 1542 0.875000 0.885416 1526 1528 1537 1539 
 1543 0.916667 0.968750 1097 1098 1379 1380 
 1544 0.916667 0.989583 1101 1102 1383 1384 
 1545 0.906250 0.958333 1086 1088 1097 1099 
 1546 0.885417 0.958333 1094 1096 1105 1107 
 1547 0.875000 0.968750 1049 1050 1107 1108 
 1548 0.875000 0.989583 1053 1054 1111 1112 
 1549 0.864583 0.958333 1049 1051 1070 1072 
 1550 0.843750 0.958333 1057 1059 1078 1080 
 1551 0.916666 0.635415 1129 1130 1155 1156 
 1552 0.916666 0.656248 1133 1134 1159 1160 
 1553 0.906250 0.624998 1118 1120 1129 1131 
 1554 0.885416 0.624997 1126 1128 1137 1139 
 1555 0.875000 0.635414 1139 1140 
 1556 0.875000 0.656247 1143 1144 
 1557 0.947916 0.583332 1161 1163 1694 1696 
 1558 0.927083 0.583332 1169 1171 1702 1704 
 1559 0.958333 0.593749 1161 1162 1187 1188 
 1560 0.958333 0.614582 1165 1166 1191 1192 
 1561 0.947917 0.666665 1150 1152 1305 1307 
 1562 0.927083 0.666665 1158 1160 1313 1315 
 1563 0.958333 0.677082 1305 1306 1331 1332 
 1564 0.958333 0.697916 1309 1310 1335 1336 
 1565 0.947917 0.624999 1145 1147 1166 1168 
 1566 0.927083 0.624998 1153 1155 1174 1176 
 1567 0.958333 0.635416 1145 1146 1203 1204 
 1568 0.958333 0.656249 1149 1150 1207 1208 
 1569 0.822916 0.874998 1235 1236 
 1570 0.802083 0.874998 1239 1240 
 1571 0.781250 0.916665 1209 1210 2073 2075 
 1572 0.760416 0.916665 1213 1214 2081 2083 
 1573 0.791666 0.906249 1209 1211 1230 1232 
 1574 0.791666 0.885415 1217 1219 1238 1240 
 1575 0.791667 0.927082 2035 2036 2073 2074 
 1576 0.791667 0.947916 2039 2040 2077 2078 
 1577 0.781250 0.874998 1219 1220 
 1578 0.760416 0.874998 1223 1224 
 1579 0.083333 0.968750 1278 1280 1833 1835 
 1580 0.083333 0.989583 1286 1288 1841 1843 
 1581 0.093750 0.958333 1833 1834 1859 1860 
 1582 0.114583 0.958333 1837 1838 1863 1864 
 1583 0.041667 0.968750 1273 1275 1294 1296 
 1584 0.041667 0.989583 1281 1283 1302 1304 
 1585 0.052083 0.958333 1267 1268 1273 1274 
 1586 0.072917 0.958333 1271 1272 1277 1278 
 1587 0.916666 0.718748 1363 1364 
 1588 0.916666 0.739582 1367 1368 
 1589 0.833333 0.385413 1795 1796 
 1590 0.833333 0.406246 1799 1800 
 1591 0.947917 0.749999 1358 1360 1433 1435 
 1592 0.927083 0.749999 1366 1368 1441 1443 
 1593 0.958333 0.760416 1433 1434 1459 1460 
 1594 0.958333 0.781249 1437 1438 1463 1464 
 1595 0.947917 0.708332 1310 1312 1353 1355 
 1596 0.927083 0.708332 1318 1320 1361 1363 
 1597 0.958333 0.718749 1347 1348 1353 1354 
 1598 0.958333 0.739583 1351 1352 1357 1358 
 1599 0.958333 0.968750 1369 1370 1427 1428 
 1600 0.958333 0.989583 1373 1374 1431 1432 
 1601 0.947917 0.958333 1369 1371 1390 1392 
 1602 0.927083 0.958333 1377 1379 1398 1400 
 1603 0.947917 0.791666 1438 1440 1481 1483 
 1604 0.927083 0.791666 1446 1448 1489 1491 
 1605 0.958333 0.802083 1475 1476 1481 1482 
 1606 0.958333 0.822916 1479 1480 1485 1486 
 1607 0.875000 0.864582 1502 1504 
 1608 0.875000 0.843749 1510 1512 
 1609 0.864583 0.874999 1539 1540 
 1610 0.843750 0.874999 1543 1544 
 1611 0.333333 0.968749 1561 1562 1731 1732 
 1612 0.333333 0.989583 1565 1566 1735 1736 
 1613 0.322917 0.958332 1550 1552 1561 1563 
 1614 0.302083 0.958332 1558 1560 1569 1571 
 1615 0.250000 0.968749 1587 1588 1641 1642 
 1616 0.250000 0.989583 1591 1592 1645 1646 
 1617 0.239583 0.958333 1630 1632 1641 1643 
 1618 0.218750 0.958333 1638 1640 1649 1651 
 1619 0.291667 0.968749 1571 1572 1577 1578 
 1620 0.291667 0.989583 1575 1576 1581 1582 
 1621 0.281250 0.958332 1577 1579 1598 1600 
 1622 0.260417 0.958333 1585 1587 1606 1608 
 1623 0.166667 0.968750 1667 1668 1822 1824 
 1624 0.166667 0.989583 1671 1672 1830 1832 
 1625 0.208333 0.968749 1651 1652 1657 1658 
 1626 0.208333 0.989583 1655 1656 1661 1662 
 1627 0.197917 0.958333 1614 1616 1657 1659 
 1628 0.177083 0.958333 1622 1624 1665 1667 
 1629 0.947916 0.499999 1705 1707 1881 1882 
 1630 0.927083 0.499998 1713 1715 1885 1886 
 1631 0.958333 0.510416 1705 1706 
 1632 0.958333 0.531249 1709 1710 
 1633 0.958333 0.489582 1881 1883 
 1634 0.958333 0.468749 1889 1891 
 1635 0.947916 0.541665 1689 1691 1710 1712 
 1636 0.927083 0.541665 1697 1699 1718 1720 
 1637 0.958333 0.552082 1683 1684 1689 1690 
 1638 0.958333 0.572916 1687 1688 1693 1694 
 1639 0.833333 0.447913 1950 1952 
 1640 0.833333 0.427079 1958 1960 
 1641 0.375000 0.968749 1721 1722 1779 1780 
 1642 0.375000 0.989583 1725 1726 1783 1784 
 1643 0.364583 0.958332 1721 1723 1742 1744 
 1644 0.343750 0.958332 1729 1731 1750 1752 
 1645 0.916666 0.385415 1801 1802 
 1646 0.916666 0.406248 1805 1806 
 1647 0.906250 0.374998 1801 1803 
 1648 0.885416 0.374997 1809 1811 
 1649 0.864583 0.416663 1790 1792 1955 1956 
 1650 0.843749 0.416663 1798 1800 1959 1960 
 1651 0.864583 0.374997 1785 1787 
 1652 0.843750 0.374996 1793 1795 
 1653 0.875000 0.385414 1785 1786 1811 1812 
 1654 0.875000 0.406247 1789 1790 1815 1816 
 1655 0.125000 0.968750 1817 1819 1838 1840 
 1656 0.125000 0.989583 1825 1827 1846 1848 
 1657 0.135417 0.958333 1817 1818 1875 1876 
 1658 0.156250 0.958333 1821 1822 1879 1880 
 1659 0.916666 0.447915 1902 1904 1913 1915 
 1660 0.916666 0.427081 1910 1912 1921 1923 
 1661 0.906250 0.458331 1913 1914 1939 1940 
 1662 0.885416 0.458330 1917 1918 1943 1944 
 1663 0.947916 0.416665 1907 1908 
 1664 0.927083 0.416665 1911 1912 
 1665 0.947916 0.458332 1891 1892 1897 1898 
 1666 0.927083 0.458331 1895 1896 1901 1902 
 1667 0.958333 0.447916 1897 1899 
 1668 0.958333 0.427082 1905 1907 
 1669 0.864583 0.458330 1945 1946 
 1670 0.843749 0.458330 1949 1950 
 1671 0.875000 0.447914 1918 1920 1945 1947 
 1672 0.875000 0.427080 1926 1928 1953 1955 
 1673 0.666667 0.968749 1977 1978 2137 2139 
 1674 0.666667 0.989583 1981 1982 2145 2147 
 1675 0.656250 0.958332 1966 1968 1977 1979 
 1676 0.635417 0.958332 1974 1976 1985 1987 
 1677 0.677083 0.958332 2099 2100 2137 2138 
 1678 0.697917 0.958332 2103 2104 2141 2142 
 1679 0.583333 0.968749 2003 2004 2158 2160 
 1680 0.583333 0.989583 2007 2008 2166 2168 
 1681 0.614583 0.916665 2009 2011 
 1682 0.593750 0.916665 2017 2019 
 1683 0.625000 0.927082 1971 1972 2009 2010 
 1684 0.625000 0.947915 1975 1976 2013 2014 
 1685 0.625000 0.968749 1987 1988 1993 1994 
 1686 0.625000 0.989583 1991 1992 1997 1998 
 1687 0.614583 0.958332 1993 1995 2014 2016 
 1688 0.593750 0.958332 2001 2003 2022 2024 
 1689 0.750000 0.968749 2067 2068 2126 2128 
 1690 0.750000 0.989583 2071 2072 2134 2136 
 1691 0.791667 0.968750 2051 2052 2057 2058 
 1692 0.791667 0.989583 2055 2056 2061 2062 
 1693 0.781250 0.958333 2057 2059 2078 2080 
 1694 0.760417 0.958333 2065 2067 2086 2088 
 1695 0.718750 0.916665 2105 2106 
 1696 0.739583 0.916665 2109 2110 
 1697 0.708333 0.927082 2094 2096 2105 2107 
 1698 0.708333 0.947916 2102 2104 2113 2115 
 1699 0.708333 0.968749 2121 2123 2142 2144 
 1700 0.708333 0.989583 2129 2131 2150 2152 
 1701 0.718750 0.958333 2115 2116 2121 2122 
 1702 0.739583 0.958333 2119 2120 2125 2126 
 1703 0.552083 0.916665 2201 2202 
 1704 0.572916 0.916665 2205 2206 
 1705 0.541666 0.927081 2190 2192 2201 2203 
 1706 0.541666 0.947915 2198 2200 2209 2211 
 1707 0.541667 0.968749 2153 2155 2174 2176 
 1708 0.541667 0.989583 2161 2163 2182 2184 
 1709 0.552083 0.958332 2153 2154 2211 2212 
 1710 0.572917 0.958332 2157 2158 2215 2216 
 1711 0.906250 0.770832 858 860 861 863 
 1712 0.885416 0.770831 866 868 869 871 
 1713 0.895833 0.760415 859 860 865 866 
 1714 0.895833 0.781248 863 864 869 870 
 1715 0.906250 0.812499 874 876 877 879 
 1716 0.885416 0.812498 882 884 885 887 
 1717 0.895833 0.802082 875 876 881 882 
 1718 0.895833 0.822915 879 880 885 886 
 1719 0.437500 0.968749 890 892 893 895 
 1720 0.437500 0.989583 898 900 901 903 
 1721 0.427083 0.979166 891 892 897 898 
 1722 0.447917 0.979166 895 896 901 902 
 1723 0.437500 0.927081 906 908 909 911 
 1724 0.437500 0.947915 914 916 917 919 
 1725 0.427083 0.937498 907 908 913 914 
 1726 0.447916 0.937498 911 912 917 918 
 1727 0.479166 0.927081 922 924 925 927 
 1728 0.479166 0.947915 930 932 933 935 
 1729 0.468750 0.937498 923 924 929 930 
 1730 0.489583 0.937498 927 928 933 934 
 1731 0.479167 0.968749 938 940 941 943 
 1732 0.479167 0.989583 946 948 949 951 
 1733 0.468750 0.979166 939 940 945 946 
 1734 0.489583 0.979166 943 944 949 950 
 1735 0.906250 0.520831 954 956 957 959 
 1736 0.885416 0.520830 962 964 965 967 
 1737 0.895833 0.510414 955 956 961 962 
 1738 0.895833 0.531247 959 960 965 966 
 1739 0.906250 0.562498 970 972 973 975 
 1740 0.885416 0.562497 978 980 981 983 
 1741 0.895833 0.552081 971 972 977 978 
 1742 0.895833 0.572914 975 976 981 982 
 1743 0.937500 0.906250 986 988 989 991 
 1744 0.937500 0.885416 994 996 997 999 
 1745 0.947917 0.895833 987 988 993 994 
 1746 0.927083 0.895833 991 992 997 998 
 1747 0.937500 0.864583 1002 1004 1005 1007 
 1748 0.937500 0.843749 1010 1012 1013 1015 
 1749 0.947917 0.854166 1003 1004 1009 1010 
 1750 0.927083 0.854166 1007 1008 1013 1014 
 1751 0.979167 0.864583 1018 1020 1021 1023 
 1752 0.979167 0.843750 1026 1028 1029 1031 
 1753 0.989583 0.854167 1019 1020 1025 1026 
 1754 0.968750 0.854166 1023 1024 1029 1030 
 1755 0.979167 0.906250 1034 1036 1037 1039 
 1756 0.979167 0.885416 1042 1044 1045 1047 
 1757 0.989583 0.895833 1035 1036 1041 1042 
 1758 0.968750 0.895833 1039 1040 1045 1046 
 1759 0.864583 0.979166 1050 1052 1053 1055 
 1760 0.843750 0.979166 1058 1060 1061 1063 
 1761 0.854167 0.968750 1051 1052 1057 1058 
 1762 0.854167 0.989583 1055 1056 1061 1062 
 1763 0.864583 0.937499 1066 1068 1069 1071 
 1764 0.843750 0.937499 1074 1076 1077 1079 
 1765 0.854167 0.927083 1067 1068 1073 1074 
 1766 0.854167 0.947916 1071 1072 1077 1078 
 1767 0.906250 0.937500 1082 1084 1085 1087 
 1768 0.885417 0.937499 1090 1092 1093 1095 
 1769 0.895833 0.927083 1083 1084 1089 1090 
 1770 0.895833 0.947916 1087 1088 1093 1094 
 1771 0.906250 0.979167 1098 1100 1101 1103 
 1772 0.885417 0.979166 1106 1108 1109 1111 
 1773 0.895833 0.968750 1099 1100 1105 1106 
 1774 0.895833 0.989583 1103 1104 1109 1110 
 1775 0.906250 0.604164 1114 1116 1117 1119 
 1776 0.885416 0.604164 1122 1124 1125 1127 
 1777 0.895833 0.593747 1115 1116 1121 1122 
 1778 0.895833 0.614581 1119 1120 1125 1126 
 1779 0.906250 0.645831 1130 1132 1133 1135 
 1780 0.885416 0.645831 1138 1140 1141 1143 
 1781 0.895833 0.635414 1131 1132 1137 1138 
 1782 0.895833 0.656248 1135 1136 1141 1142 
 1783 0.947917 0.645832 1146 1148 1149 1151 
 1784 0.927083 0.645832 1154 1156 1157 1159 
 1785 0.937500 0.635415 1147 1148 1153 1154 
 1786 0.937500 0.656249 1151 1152 1157 1158 
 1787 0.947916 0.604165 1162 1164 1165 1167 
 1788 0.927083 0.604165 1170 1172 1173 1175 
 1789 0.937500 0.593748 1163 1164 1169 1170 
 1790 0.937500 0.614582 1167 1168 1173 1174 
 1791 0.989583 0.604166 1178 1180 1181 1183 
 1792 0.968750 0.604166 1186 1188 1189 1191 
 1793 0.979167 0.593749 1179 1180 1185 1186 
 1794 0.979167 0.614583 1183 1184 1189 1190 
 1795 0.989583 0.645833 1194 1196 1197 1199 
 1796 0.968750 0.645833 1202 1204 1205 1207 
 1797 0.979167 0.635416 1195 1196 1201 1202 
 1798 0.979167 0.656250 1199 1200 1205 1206 
 1799 0.770833 0.906248 1210 1212 1213 1215 
 1800 0.770833 0.885415 1218 1220 1221 1223 
 1801 0.781250 0.895832 1211 1212 1217 1218 
 1802 0.760416 0.895832 1215 1216 1221 1222 
 1803 0.812500 0.906249 1226 1228 1229 1231 
 1804 0.812500 0.885415 1234 1236 1237 1239 
 1805 0.822916 0.895832 1227 1228 1233 1234 
 1806 0.802083 0.895832 1231 1232 1237 1238 
 1807 0.020833 0.927083 1242 1244 1245 1247 
 1808 0.020833 0.947917 1250 1252 1253 1255 
 1809 0.010417 0.937500 1243 1244 1249 1250 
 1810 0.031250 0.937500 1247 1248 1253 1254 
 1811 0.062500 0.927083 1258 1260 1261 1263 
 1812 0.062500 0.947916 1266 1268 1269 1271 
 1813 0.052083 0.937500 1259 1260 1265 1266 
 1814 0.072917 0.937500 1263 1264 1269 1270 
 1815 0.062500 0.968750 1274 1276 1277 1279 
 1816 0.062500 0.989583 1282 1284 1285 1287 
 1817 0.052083 0.979167 1275 1276 1281 1282 
 1818 0.072917 0.979167 1279 1280 1285 1286 
 1819 0.020833 0.968750 1290 1292 1293 1295 
 1820 0.020833 0.989583 1298 1300 1301 1303 
 1821 0.010417 0.979167 1291 1292 1297 1298 
 1822 0.031250 0.979167 1295 1296 1301 1302 
 1823 0.947917 0.687499 1306 1308 1309 1311 
 1824 0.927083 0.687498 1314 1316 1317 1319 
 1825 0.937500 0.677082 1307 1308 1313 1314 
 1826 0.937500 0.697915 1311 1312 1317 1318 
 1827 0.989583 0.687500 1322 1324 1325 1327 
 1828 0.968750 0.687499 1330 1332 1333 1335 
 1829 0.979167 0.677083 1323 1324 1329 1330 
 1830 0.979167 0.697916 1327 1328 1333 1334 
 1831 0.989583 0.729166 1338 1340 1341 1343 
 1832 0.968750 0.729166 1346 1348 1349 1351 
 1833 0.979167 0.718750 1339 1340 1345 1346 
 1834 0.979167 0.739583 1343 1344 1349 1350 
 1835 0.947917 0.729166 1354 1356 1357 1359 
 1836 0.927083 0.729165 1362 1364 1365 1367 
 1837 0.937500 0.718749 1355 1356 1361 1362 
 1838 0.937500 0.739582 1359 1360 1365 1366 
 1839 0.947917 0.979167 1370 1372 1373 1375 
 1840 0.927083 0.979167 1378 1380 1381 1383 
 1841 0.937500 0.968750 1371 1372 1377 1378 
 1842 0.937500 0.989583 1375 1376 1381 1382 
 1843 0.947917 0.937500 1386 1388 1389 1391 
 1844 0.927083 0.937500 1394 1396 1397 1399 
 1845 0.937500 0.927083 1387 1388 1393 1394 
 1846 0.937500 0.947916 1391 1392 1397 1398 
 1847 0.989583 0.937500 1402 1404 1405 1407 
 1848 0.968750 0.937500 1410 1412 1413 1415 
 1849 0.979167 0.927083 1403 1404 1409 1410 
 1850 0.979167 0.947917 1407 1408 1413 1414 
 1851 0.989583 0.979167 1418 1420 1421 1423 
 1852 0.968750 0.979167 1426 1428 1429 1431 
 1853 0.979167 0.968750 1419 1420 1425 1426 
 1854 0.979167 0.989583 1423 1424 1429 1430 
 1855 0.947917 0.770832 1434 1436 1437 1439 
 1856 0.927083 0.770832 1442 1444 1445 1447 
 1857 0.937500 0.760416 1435 1436 1441 1442 
 1858 0.937500 0.781249 1439 1440 1445 1446 
 1859 0.989583 0.770833 1450 1452 1453 1455 
 1860 0.968750 0.770833 1458 1460 1461 1463 
 1861 0.979167 0.760416 1451 1452 1457 1458 
 1862 0.979167 0.781250 1455 1456 1461 1462 
 1863 0.989583 0.812500 1466 1468 1469 1471 
 1864 0.968750 0.812500 1474 1476 1477 1479 
 1865 0.979167 0.802083 1467 1468 1473 1474 
 1866 0.979167 0.822916 1471 1472 1477 1478 
 1867 0.947917 0.812499 1482 1484 1485 1487 
 1868 0.927083 0.812499 1490 1492 1493 1495 
 1869 0.937500 0.802082 1483 1484 1489 1490 
 1870 0.937500 0.822916 1487 1488 1493 1494 
 1871 0.895833 0.864582 1498 1500 1501 1503 
 1872 0.895833 0.843749 1506 1508 1509 1511 
 1873 0.906250 0.854166 1499 1500 1505 1506 
 1874 0.885417 0.854165 1503 1504 1509 1510 
 1875 0.895833 0.906249 1514 1516 1517 1519 
 1876 0.895833 0.885416 1522 1524 1525 1527 
 1877 0.906250 0.895833 1515 1516 1521 1522 
 1878 0.885417 0.895832 1519 1520 1525 1526 
 1879 0.854167 0.906249 1530 1532 1533 1535 
 1880 0.854167 0.885415 1538 1540 1541 1543 
 1881 0.864583 0.895832 1531 1532 1537 1538 
 1882 0.843750 0.895832 1535 1536 1541 1542 
 1883 0.322916 0.937499 1546 1548 1549 1551 
 1884 0.302083 0.937499 1554 1556 1557 1559 
 1885 0.312500 0.927082 1547 1548 1553 1554 
 1886 0.312500 0.947916 1551 1552 1557 1558 
 1887 0.322917 0.979166 1562 1564 1565 1567 
 1888 0.302083 0.979166 1570 1572 1573 1575 
 1889 0.312500 0.968749 1563 1564 1569 1570 
 1890 0.312500 0.989583 1567 1568 1573 1574 
 1891 0.281250 0.979166 1578 1580 1581 1583 
 1892 0.260417 0.979166 1586 1588 1589 1591 
 1893 0.270833 0.968749 1579 1580 1585 1586 
 1894 0.270833 0.989583 1583 1584 1589 1590 
 1895 0.281250 0.937499 1594 1596 1597 1599 
 1896 0.260417 0.937499 1602 1604 1605 1607 
 1897 0.270833 0.927082 1595 1596 1601 1602 
 1898 0.270833 0.947916 1599 1600 1605 1606 
 1899 0.197917 0.937499 1610 1612 1613 1615 
 1900 0.177083 0.937499 1618 1620 1621 1623 
 1901 0.187500 0.927082 1611 1612 1617 1618 
 1902 0.187500 0.947916 1615 1616 1621 1622 
 1903 0.239583 0.937499 1626 1628 1629 1631 
 1904 0.218750 0.937499 1634 1636 1637 1639 
 1905 0.229166 0.927082 1627 1628 1633 1634 
 1906 0.229167 0.947916 1631 1632 1637 1638 
 1907 0.239583 0.979166 1642 1644 1645 1647 
 1908 0.218750 0.979166 1650 1652 1653 1655 
 1909 0.229167 0.968749 1643 1644 1649 1650 
 1910 0.229167 0.989583 1647 1648 1653 1654 
 1911 0.197917 0.979166 1658 1660 1661 1663 
 1912 0.177083 0.979166 1666 1668 1669 1671 
 1913 0.187500 0.968750 1659 1660 1665 1666 
 1914 0.187500 0.989583 1663 1664 1669 1670 
 1915 0.989583 0.562500 1674 1676 1677 1679 
 1916 0.968750 0.562499 1682 1684 1685 1687 
 1917 0.979167 0.552083 1675 1676 1681 1682 
 1918 0.979167 0.572916 1679 1680 1685 1686 
 1919 0.947916 0.562499 1690 1692 1693 1695 
 1920 0.927083 0.562498 1698 1700 1701 1703 
 1921 0.937500 0.552082 1691 1692 1697 1698 
 1922 0.937500 0.572915 1695 1696 1701 1702 
 1923 0.947916 0.520832 1706 1708 1709 1711 
 1924 0.927083 0.520831 1714 1716 1717 1719 
 1925 0.937500 0.510415 1707 1708 1713 1714 
 1926 0.937500 0.531248 1711 1712 1717 1718 
 1927 0.364583 0.979166 1722 1724 1725 1727 
 1928 0.343750 0.979166 1730 1732 1733 1735 
 1929 0.354167 0.968749 1723 1724 1729 1730 
 1930 0.354167 0.989583 1727 1728 1733 1734 
 1931 0.364583 0.937499 1738 1740 1741 1743 
 1932 0.343750 0.937499 1746 1748 1749 1751 
 1933 0.354166 0.927082 1739 1740 1745 1746 
 1934 0.354167 0.947915 1743 1744 1749 1750 
 1935 0.406250 0.937498 1754 1756 1757 1759 
 1936 0.385416 0.937498 1762 1764 1765 1767 
 1937 0.395833 0.927082 1755 1756 1761 1762 
 1938 0.395833 0.947915 1759 1760 1765 1766 
 1939 0.406250 0.979166 1770 1772 1773 1775 
 1940 0.385417 0.979166 1778 1780 1781 1783 
 1941 0.395833 0.968749 1771 1772 1777 1778 
 1942 0.395833 0.989583 1775 1776 1781 1782 
 1943 0.864583 0.395830 1786 1788 1789 1791 
 1944 0.843750 0.395830 1794 1796 1797 1799 
 1945 0.854166 0.385413 1787 1788 1793 1794 
 1946 0.854166 0.406246 1791 1792 1797 1798 
 1947 0.906250 0.395831 1802 1804 1805 1807 
 1948 0.885416 0.395831 1810 1812 1813 1815 
 1949 0.895833 0.385414 1803 1804 1809 1810 
 1950 0.895833 0.406247 1807 1808 1813 1814 
 1951 0.145833 0.968750 1818 1820 1821 1823 
 1952 0.145833 0.989583 1826 1828 1829 1831 
 1953 0.135417 0.979166 1819 1820 1825 1826 
 1954 0.156250 0.979166 1823 1824 1829 1830 
 1955 0.104167 0.968750 1834 1836 1837 1839 
 1956 0.104167 0.989583 1842 1844 1845 1847 
 1957 0.093750 0.979167 1835 1836 1841 1842 
 1958 0.114583 0.979166 1839 1840 1845 1846 
 1959 0.104167 0.927083 1850 1852 1853 1855 
 1960 0.104167 0.947916 1858 1860 1861 1863 
 1961 0.093750 0.937500 1851 1852 1857 1858 
 1962 0.114583 0.937499 1855 1856 1861 1862 
 1963 0.145833 0.927082 1866 1868 1869 1871 
 1964 0.145833 0.947916 1874 1876 1877 1879 
 1965 0.135417 0.937499 1867 1868 1873 1874 
 1966 0.156250 0.937499 1871 1872 1877 1878 
 1967 0.937500 0.489582 1882 1884 1885 1887 
 1968 0.937500 0.468748 1890 1892 1893 1895 
 1969 0.947916 0.479165 1883 1884 1889 1890 
 1970 0.927083 0.479165 1887 1888 1893 1894 
 1971 0.937500 0.447915 1898 1900 1901 1903 
 1972 0.937500 0.427082 1906 1908 1909 1911 
 1973 0.947916 0.437499 1899 1900 1905 1906 
 1974 0.927083 0.437498 1903 1904 1909 1910 
 1975 0.895833 0.447914 1914 1916 1917 1919 
 1976 0.895833 0.427081 1922 1924 1925 1927 
 1977 0.906250 0.437498 1915 1916 1921 1922 
 1978 0.885416 0.437497 1919 1920 1925 1926 
 1979 0.895833 0.489581 1930 1932 1933 1935 
 1980 0.895833 0.468747 1938 1940 1941 1943 
 1981 0.906250 0.479164 1931 1932 1937 1938 
 1982 0.885416 0.479164 1935 1936 1941 1942 
 1983 0.854166 0.447913 1946 1948 1949 1951 
 1984 0.854166 0.427080 1954 1956 1957 1959 
 1985 0.864583 0.437497 1947 1948 1953 1954 
 1986 0.843749 0.437496 1951 1952 1957 1958 
 1987 0.656250 0.937499 1962 1964 1965 1967 
 1988 0.635416 0.937499 1970 1972 1973 1975 
 1989 0.645833 0.927082 1963 1964 1969 1970 
 1990 0.645833 0.947915 1967 1968 1973 1974 
 1991 0.656250 0.979166 1978 1980 1981 1983 
 1992 0.635417 0.979166 1986 1988 1989 1991 
 1993 0.645833 0.968749 1979 1980 1985 1986 
 1994 0.645833 0.989583 1983 1984 1989 1990 
 1995 0.614583 0.979166 1994 1996 1997 1999 
 1996 0.593750 0.979166 2002 2004 2005 2007 
 1997 0.604167 0.968749 1995 1996 2001 2002 
 1998 0.604167 0.989583 1999 2000 2005 2006 
 1999 0.614583 0.937499 2010 2012 2013 2015 
 2000 0.593750 0.937498 2018 2020 2021 2023 
 2001 0.604166 0.927082 2011 2012 2017 2018 
 2002 0.604166 0.947915 2015 2016 2021 2022 
 2003 0.822917 0.937499 2026 2028 2029 2031 
 2004 0.802083 0.937499 2034 2036 2037 2039 
 2005 0.812500 0.927082 2027 2028 2033 2034 
 2006 0.812500 0.947916 2031 2032 2037 2038 
 2007 0.822917 0.979166 2042 2044 2045 2047 
 2008 0.802083 0.979166 2050 2052 2053 2055 
 2009 0.812500 0.968750 2043 2044 2049 2050 
 2010 0.812500 0.989583 2047 2048 2053 2054 
 2011 0.781250 0.979166 2058 2060 2061 2063 
 2012 0.760417 0.979166 2066 2068 2069 2071 
 2013 0.770833 0.968749 2059 2060 2065 2066 
 2014 0.770833 0.989583 2063 2064 2069 2070 
 2015 0.781250 0.937499 2074 2076 2077 2079 
 2016 0.760417 0.937499 2082 2084 2085 2087 
 2017 0.770833 0.927082 2075 2076 2081 2082 
 2018 0.770833 0.947916 2079 2080 2085 2086 
 2019 0.687500 0.927082 2090 2092 2093 2095 
 2020 0.687500 0.947916 2098 2100 2101 2103 
 2021 0.677083 0.937499 2091 2092 2097 2098 
 2022 0.697916 0.937499 2095 2096 2101 2102 
 2023 0.729166 0.927082 2106 2108 2109 2111 
 2024 0.729167 0.947916 2114 2116 2117 2119 
 2025 0.718750 0.937499 2107 2108 2113 2114 
 2026 0.739583 0.937499 2111 2112 2117 2118 
 2027 0.729167 0.968749 2122 2124 2125 2127 
 2028 0.729167 0.989583 2130 2132 2133 2135 
 2029 0.718750 0.979166 2123 2124 2129 2130 
 2030 0.739583 0.979166 2127 2128 2133 2134 
 2031 0.687500 0.968749 2138 2140 2141 2143 
 2032 0.687500 0.989583 2146 2148 2149 2151 
 2033 0.677083 0.979166 2139 2140 2145 2146 
 2034 0.697917 0.979166 2143 2144 2149 2150 
 2035 0.562500 0.968749 2154 2156 2157 2159 
 2036 0.562500 0.989583 2162 2164 2165 2167 
 2037 0.552083 0.979166 2155 2156 2161 2162 
 2038 0.572917 0.979166 2159 2160 2165 2166 
 2039 0.520833 0.968749 2170 2172 2173 2175 
 2040 0.520833 0.989583 2178 2180 2181 2183 
 2041 0.510417 0.979166 2171 2172 2177 2178 
 2042 0.531250 0.979166 2175 2176 2181 2182 
 2043 0.520833 0.927081 2186 2188 2189 2191 
 2044 0.520833 0.947915 2194 2196 2197 2199 
 2045 0.510416 0.937498 2187 2188 2193 2194 
 2046 0.531250 0.937498 2191 2192 2197 2198 
 2047 0.562500 0.927081 2202 2204 2205 2207 
 2048 0.562500 0.947915 2210 2212 2213 2215 
 2049 0.552083 0.937498 2203 2204 2209 2210 
 2050 0.572916 0.937498 2207 2208 2213 2214 
 2051 0.687499 0.187496 737 738 739 740 
 2052 0.854166 0.270831 741 742 743 744 
 2053 0.895833 0.270831 745 746 747 748 
 2054 0.104166 0.645831 749 750 751 752 
 2055 0.104166 0.604164 753 754 755 756 
 2056 0.520833 0.229161 757 758 759 760 
 2057 0.520833 0.187495 761 762 763 764 
 2058 0.020833 0.645833 765 766 767 768 
 2059 0.062500 0.645832 769 770 771 772 
 2060 0.812499 0.479162 773 774 775 776 
 2061 0.562500 0.145830 777 778 779 780 
 2062 0.520833 0.145830 781 782 783 784 
 2063 0.437499 0.187495 785 786 787 788 
 2064 0.479166 0.187495 789 790 791 792 
 2065 0.479166 0.229161 793 794 795 796 
 2066 0.437499 0.229161 797 798 799 800 
 2067 0.895833 0.187498 801 802 803 804 
 2068 0.895833 0.229165 805 806 807 808 
 2069 0.354166 0.229162 809 810 811 812 
 2070 0.354166 0.187496 813 814 815 816 
 2071 0.395833 0.187496 817 818 819 820 
 2072 0.395833 0.229161 821 822 823 824 
 2073 0.479166 0.145830 825 826 827 828 
 2074 0.437500 0.145830 829 830 831 832 
 2075 0.104166 0.729165 833 834 835 836 
 2076 0.104166 0.687498 837 838 839 840 
 2077 0.145833 0.687497 841 842 843 844 
 2078 0.145833 0.729164 845 846 847 848 
 2079 0.062500 0.687499 849 850 851 852 
 2080 0.020833 0.687500 853 854 855 856 
 2081 0.906250 0.760415 857 858 859 860 
 2082 0.906250 0.781249 861 862 863 864 
 2083 0.885416 0.760415 865 866 867 868 
 2084 0.885416 0.781248 869 870 871 872 
 2085 0.906250 0.802082 873 874 875 876 
 2086 0.906250 0.822915 877 878 879 880 
 2087 0.885416 0.802082 881 882 883 884 
 2088 0.885416 0.822915 885 886 887 888 
 2089 0.427083 0.968749 889 890 891 892 
 2090 0.447917 0.968749 893 894 895 896 
 2091 0.427083 0.989583 897 898 899 900 
 2092 0.447917 0.989583 901 902 903 904 
 2093 0.427083 0.927081 905 906 907 908 
 2094 0.447916 0.927081 909 910 911 912 
 2095 0.427083 0.947915 913 914 915 916 
 2096 0.447916 0.947915 917 918 919 920 
 2097 0.468750 0.927081 921 922 923 924 
 2098 0.489583 0.927081 925 926 927 928 
 2099 0.468750 0.947915 929 930 931 932 
 2100 0.489583 0.947915 933 934 935 936 
 2101 0.468750 0.968749 937 938 939 940 
 2102 0.489583 0.968749 941 942 943 944 
 2103 0.468750 0.989583 945 946 947 948 
 2104 0.489583 0.989583 949 950 951 952 
 2105 0.906250 0.510414 953 954 955 956 
 2106 0.906250 0.531248 957 958 959 960 
 2107 0.885416 0.510414 961 962 963 964 
 2108 0.885416 0.531247 965 966 967 968 
 2109 0.906250 0.552081 969 970 971 972 
 2110 0.906250 0.572914 973 974 975 976 
 2111 0.885416 0.552081 977 978 979 980 
 2112 0.885416 0.572914 981 982 983 984 
 2113 0.947917 0.906250 985 986 987 988 
 2114 0.927083 0.906249 989 990 991 992 
 2115 0.947917 0.885416 993 994 995 996 
 2116 0.927083 0.885416 997 998 999 1000 
 2117 0.947917 0.864583 1001 1002 1003 1004 
 2118 0.927083 0.864583 1005 1006 1007 1008 
 2119 0.947917 0.843749 1009 1010 1011 1012 
 2120 0.927083 0.843749 1013 1014 1015 1016 
 2121 0.989583 0.864583 1017 1018 1019 1020 
 2122 0.968750 0.864583 1021 1022 1023 1024 
 2123 0.989583 0.843750 1025 1026 1027 1028 
 2124 0.968750 0.843750 1029 1030 1031 1032 
 2125 0.989583 0.906250 1033 1034 1035 1036 
 2126 0.968750 0.906250 1037 1038 1039 1040 
 2127 0.989583 0.885417 1041 1042 1043 1044 
 2128 0.968750 0.885416 1045 1046 1047 1048 
 2129 0.864583 0.968750 1049 1050 1051 1052 
 2130 0.864583 0.989583 1053 1054 1055 1056 
 2131 0.843750 0.968750 1057 1058 1059 1060 
 2132 0.843750 0.989583 1061 1062 1063 1064 
 2133 0.864583 0.927083 1065 1066 1067 1068 
 2134 0.864583 0.947916 1069 1070 1071 1072 
 2135 0.843750 0.927082 1073 1074 1075 1076 
 2136 0.843750 0.947916 1077 1078 1079 1080 
 2137 0.906250 0.927083 1081 1082 1083 1084 
 2138 0.906250 0.947916 1085 1086 1087 1088 
 2139 0.885417 0.927083 1089 1090 1091 1092 
 2140 0.885417 0.947916 1093 1094 1095 1096 
 2141 0.906250 0.968750 1097 1098 1099 1100 
 2142 0.906250 0.989583 1101 1102 1103 1104 
 2143 0.885417 0.968750 1105 1106 1107 1108 
 2144 0.885417 0.989583 1109 1110 1111 1112 
 2145 0.906250 0.593748 1113 1114 1115 1116 
 2146 0.906250 0.614581 1117 1118 1119 1120 
 2147 0.885416 0.593747 1121 1122 1123 1124 
 2148 0.885416 0.614581 1125 1126 1127 1128 
 2149 0.906250 0.635415 1129 1130 1131 1132 
 2150 0.906250 0.656248 1133 1134 1135 1136 
 2151 0.885416 0.635414 1137 1138 1139 1140 
 2152 0.885416 0.656247 1141 1142 1143 1144 
 2153 0.947917 0.635415 1145 1146 1147 1148 
 2154 0.947917 0.656249 1149 1150 1151 1152 
 2155 0.927083 0.635415 1153 1154 1155 1156 
 2156 0.927083 0.656248 1157 1158 1159 1160 
 2157 0.947916 0.593749 1161 1162 1163 1164 
 2158 0.947917 0.614582 1165 1166 1167 1168 
 2159 0.927083 0.593748 1169 1170 1171 1172 
 2160 0.927083 0.614582 1173 1174 1175 1176 
 2161 0.989583 0.593750 1177 1178 1179 1180 
 2162 0.989583 0.614583 1181 1182 1183 1184 
 2163 0.968750 0.593749 1185 1186 1187 1188 
 2164 0.968750 0.614583 1189 1190 1191 1192 
 2165 0.989583 0.635416 1193 1194 1195 1196 
 2166 0.989583 0.656250 1197 1198 1199 1200 
 2167 0.968750 0.635416 1201 1202 1203 1204 
 2168 0.968750 0.656249 1205 1206 1207 1208 
 2169 0.781250 0.906249 1209 1210 1211 1212 
 2170 0.760416 0.906248 1213 1214 1215 1216 
 2171 0.781250 0.885415 1217 1218 1219 1220 
 2172 0.760416 0.885415 1221 1222 1223 1224 
 2173 0.822917 0.906249 1225 1226 1227 1228 
 2174 0.802083 0.906249 1229 1230 1231 1232 
 2175 0.822916 0.885415 1233 1234 1235 1236 
 2176 0.802083 0.885415 1237 1238 1239 1240 
 2177 0.010417 0.927083 1241 1242 1243 1244 
 2178 0.031250 0.927083 1245 1246 1247 1248 
 2179 0.010417 0.947917 1249 1250 1251 1252 
 2180 0.031250 0.947917 1253 1254 1255 1256 
 2181 0.052083 0.927083 1257 1258 1259 1260 
 2182 0.072917 0.927083 1261 1262 1263 1264 
 2183 0.052083 0.947916 1265 1266 1267 1268 
 2184 0.072917 0.947916 1269 1270 1271 1272 
 2185 0.052083 0.968750 1273 1274 1275 1276 
 2186 0.072917 0.968750 1277 1278 1279 1280 
 2187 0.052083 0.989583 1281 1282 1283 1284 
 2188 0.072917 0.989583 1285 1286 1287 1288 
 2189 0.010417 0.968750 1289 1290 1291 1292 
 2190 0.031250 0.968750 1293 1294 1295 1296 
 2191 0.010417 0.989583 1297 1298 1299 1300 
 2192 0.031250 0.989583 1301 1302 1303 1304 
 2193 0.947917 0.677082 1305 1306 1307 1308 
 2194 0.947917 0.697916 1309 1310 1311 1312 
 2195 0.927083 0.677082 1313 1314 1315 1316 
 2196 0.927083 0.697915 1317 1318 1319 1320 
 2197 0.989583 0.677083 1321 1322 1323 1324 
 2198 0.989583 0.697916 1325 1326 1327 1328 
 2199 0.968750 0.677083 1329 1330 1331 1332 
 2200 0.968750 0.697916 1333 1334 1335 1336 
 2201 0.989583 0.718750 1337 1338 1339 1340 
 2202 0.989583 0.739583 1341 1342 1343 1344 
 2203 0.968750 0.718749 1345 1346 1347 1348 
 2204 0.968750 0.739583 1349 1350 1351 1352 
 2205 0.947917 0.718749 1353 1354 1355 1356 
 2206 0.947917 0.739582 1357 1358 1359 1360 
 2207 0.927083 0.718749 1361 1362 1363 1364 
 2208 0.927083 0.739582 1365 1366 1367 1368 
 2209 0.947917 0.968750 1369 1370 1371 1372 
 2210 0.947917 0.989583 1373 1374 1375 1376 
 2211 0.927083 0.968750 1377 1378 1379 1380 
 2212 0.927083 0.989583 1381 1382 1383 1384 
 2213 0.947917 0.927083 1385 1386 1387 1388 
 2214 0.947917 0.947916 1389 1390 1391 1392 
 2215 0.927083 0.927083 1393 1394 1395 1396 
 2216 0.927083 0.947916 1397 1398 1399 1400 
 2217 0.989583 0.927083 1401 1402 1403 1404 
 2218 0.989583 0.947917 1405 1406 1407 1408 
 2219 0.968750 0.927083 1409 1410 1411 1412 
 2220 0.968750 0.947917 1413 1414 1415 1416 
 2221 0.989583 0.968750 1417 1418 1419 1420 
 2222 0.989583 0.989583 1421 1422 1423 1424 
 2223 0.968750 0.968750 1425 1426 1427 1428 
 2224 0.968750 0.989583 1429 1430 1431 1432 
 2225 0.947917 0.760416 1433 1434 1435 1436 
 2226 0.947917 0.781249 1437 1438 1439 1440 
 2227 0.927083 0.760415 1441 1442 1443 1444 
 2228 0.927083 0.781249 1445 1446 1447 1448 
 2229 0.989583 0.760416 1449 1450 1451 1452 
 2230 0.989583 0.781250 1453 1454 1455 1456 
 2231 0.968750 0.760416 1457 1458 1459 1460 
 2232 0.968750 0.781250 1461 1462 1463 1464 
 2233 0.989583 0.802083 1465 1466 1467 1468 
 2234 0.989583 0.822917 1469 1470 1471 1472 
 2235 0.968750 0.802083 1473 1474 1475 1476 
 2236 0.968750 0.822916 1477 1478 1479 1480 
 2237 0.947917 0.802083 1481 1482 1483 1484 
 2238 0.947917 0.822916 1485 1486 1487 1488 
 2239 0.927083 0.802082 1489 1490 1491 1492 
 2240 0.927083 0.822916 1493 1494 1495 1496 
 2241 0.906250 0.864582 1497 1498 1499 1500 
 2242 0.885417 0.864582 1501 1502 1503 1504 
 2243 0.906250 0.843749 1505 1506 1507 1508 
 2244 0.885416 0.843749 1509 1510 1511 1512 
 2245 0.906250 0.906249 1513 1514 1515 1516 
 2246 0.885417 0.906249 1517 1518 1519 1520 
 2247 0.906250 0.885416 1521 1522 1523 1524 
 2248 0.885417 0.885416 1525 1526 1527 1528 
 2249 0.864583 0.906249 1529 1530 1531 1532 
 2250 0.843750 0.906249 1533 1534 1535 1536 
 2251 0.864583 0.885416 1537 1538 1539 1540 
 2252 0.843750 0.885415 1541 1542 1543 1544 
 2253 0.322916 0.927082 1545 1546 1547 1548 
 2254 0.322917 0.947916 1549 1550 1551 1552 
 2255 0.302083 0.927082 1553 1554 1555 1556 
 2256 0.302083 0.947916 1557 1558 1559 1560 
 2257 0.322917 0.968749 1561 1562 1563 1564 
 2258 0.322917 0.989583 1565 1566 1567 1568 
 2259 0.302083 0.968749 1569 1570 1571 1572 
 2260 0.302083 0.989583 1573 1574 1575 1576 
 2261 0.281250 0.968749 1577 1578 1579 1580 
 2262 0.281250 0.989583 1581 1582 1583 1584 
 2263 0.260417 0.968749 1585 1586 1587 1588 
 2264 0.260417 0.989583 1589 1590 1591 1592 
 2265 0.281250 0.927082 1593 1594 1595 1596 
 2266 0.281250 0.947916 1597 1598 1599 1600 
 2267 0.260416 0.927082 1601 1602 1603 1604 
 2268 0.260417 0.947916 1605 1606 1607 1608 
 2269 0.197917 0.927082 1609 1610 1611 1612 
 2270 0.197917 0.947916 1613 1614 1615 1616 
 2271 0.177083 0.927082 1617 1618 1619 1620 
 2272 0.177083 0.947916 1621 1622 1623 1624 
 2273 0.239583 0.927082 1625 1626 1627 1628 
 2274 0.239583 0.947916 1629 1630 1631 1632 
 2275 0.218750 0.927082 1633 1634 1635 1636 
 2276 0.218750 0.947916 1637 1638 1639 1640 
 2277 0.239583 0.968749 1641 1642 1643 1644 
 2278 0.239583 0.989583 1645 1646 1647 1648 
 2279 0.218750 0.968749 1649 1650 1651 1652 
 2280 0.218750 0.989583 1653 1654 1655 1656 
 2281 0.197917 0.968750 1657 1658 1659 1660 
 2282 0.197917 0.989583 1661 1662 1663 1664 
 2283 0.177083 0.968750 1665 1666 1667 1668 
 2284 0.177083 0.989583 1669 1670 1671 1672 
 2285 0.989583 0.552083 1673 1674 1675 1676 
 2286 0.989583 0.572916 1677 1678 1679 1680 
 2287 0.968750 0.552083 1681 1682 1683 1684 
 2288 0.968750 0.572916 1685 1686 1687 1688 
 2289 0.947916 0.552082 1689 1690 1691 1692 
 2290 0.947916 0.572915 1693 1694 1695 1696 
 2291 0.927083 0.552081 1697 1698 1699 1700 
 2292 0.927083 0.572915 1701 1702 1703 1704 
 2293 0.947916 0.510415 1705 1706 1707 1708 
 2294 0.947916 0.531249 1709 1710 1711 1712 
 2295 0.927083 0.510415 1713 1714 1715 1716 
 2296 0.927083 0.531248 1717 1718 1719 1720 
 2297 0.364583 0.968749 1721 1722 1723 1724 
 2298 0.364583 0.989583 1725 1726 1727 1728 
 2299 0.343750 0.968749 1729 1730 1731 1732 
 2300 0.343750 0.989583 1733 1734 1735 1736 
 2301 0.364583 0.927082 1737 1738 1739 1740 
 2302 0.364583 0.947915 1741 1742 1743 1744 
 2303 0.343750 0.927082 1745 1746 1747 1748 
 2304 0.343750 0.947915 1749 1750 1751 1752 
 2305 0.406250 0.927081 1753 1754 1755 1756 
 2306 0.406250 0.947915 1757 1758 1759 1760 
 2307 0.385416 0.927082 1761 1762 1763 1764 
 2308 0.385416 0.947915 1765 1766 1767 1768 
 2309 0.406250 0.968749 1769 1770 1771 1772 
 2310 0.406250 0.989583 1773 1774 1775 1776 
 2311 0.385417 0.968749 1777 1778 1779 1780 
 2312 0.385417 0.989583 1781 1782 1783 1784 
 2313 0.864583 0.385413 1785 1786 1787 1788 
 2314 0.864583 0.406247 1789 1790 1791 1792 
 2315 0.843750 0.385413 1793 1794 1795 1796 
 2316 0.843749 0.406246 1797 1798 1799 1800 
 2317 0.906250 0.385414 1801 1802 1803 1804 
 2318 0.906250 0.406248 1805 1806 1807 1808 
 2319 0.885416 0.385414 1809 1810 1811 1812 
 2320 0.885416 0.406247 1813 1814 1815 1816 
 2321 0.135417 0.968750 1817 1818 1819 1820 
 2322 0.156250 0.968750 1821 1822 1823 1824 
 2323 0.135417 0.989583 1825 1826 1827 1828 
 2324 0.156250 0.989583 1829 1830 1831 1832 
 2325 0.093750 0.968750 1833 1834 1835 1836 
 2326 0.114583 0.968750 1837 1838 1839 1840 
 2327 0.093750 0.989583 1841 1842 1843 1844 
 2328 0.114583 0.989583 1845 1846 1847 1848 
 2329 0.093750 0.927083 1849 1850 1851 1852 
 2330 0.114583 0.927083 1853 1854 1855 1856 
 2331 0.093750 0.947916 1857 1858 1859 1860 
 2332 0.114583 0.947916 1861 1862 1863 1864 
 2333 0.135417 0.927083 1865 1866 1867 1868 
 2334 0.156250 0.927082 1869 1870 1871 1872 
 2335 0.135417 0.947916 1873 1874 1875 1876 
 2336 0.156250 0.947916 1877 1878 1879 1880 
 2337 0.947916 0.489582 1881 1882 1883 1884 
 2338 0.927083 0.489581 1885 1886 1887 1888 
 2339 0.947916 0.468749 1889 1890 1891 1892 
 2340 0.927083 0.468748 1893 1894 1895 1896 
 2341 0.947916 0.447915 1897 1898 1899 1900 
 2342 0.927083 0.447915 1901 1902 1903 1904 
 2343 0.947916 0.427082 1905 1906 1907 1908 
 2344 0.927083 0.427081 1909 1910 1911 1912 
 2345 0.906250 0.447914 1913 1914 1915 1916 
 2346 0.885416 0.447914 1917 1918 1919 1920 
 2347 0.906250 0.427081 1921 1922 1923 1924 
 2348 0.885416 0.427080 1925 1926 1927 1928 
 2349 0.906250 0.489581 1929 1930 1931 1932 
 2350 0.885416 0.489580 1933 1934 1935 1936 
 2351 0.906250 0.468748 1937 1938 1939 1940 
 2352 0.885416 0.468747 1941 1942 1943 1944 
 2353 0.864583 0.447913 1945 1946 1947 1948 
 2354 0.843749 0.447913 1949 1950 1951 1952 
 2355 0.864583 0.427080 1953 1954 1955 1956 
 2356 0.843749 0.427080 1957 1958 1959 1960 
 2357 0.656250 0.927082 1961 1962 1963 1964 
 2358 0.656250 0.947916 1965 1966 1967 1968 
 2359 0.635416 0.927082 1969 1970 1971 1972 
 2360 0.635417 0.947915 1973 1974 1975 1976 
 2361 0.656250 0.968749 1977 1978 1979 1980 
 2362 0.656250 0.989583 1981 1982 1983 1984 
 2363 0.635417 0.968749 1985 1986 1987 1988 
 2364 0.635417 0.989583 1989 1990 1991 1992 
 2365 0.614583 0.968749 1993 1994 1995 1996 
 2366 0.614583 0.989583 1997 1998 1999 2000 
 2367 0.593750 0.968749 2001 2002 2003 2004 
 2368 0.593750 0.989583 2005 2006 2007 2008 
 2369 0.614583 0.927082 2009 2010 2011 2012 
 2370 0.614583 0.947915 2013 2014 2015 2016 
 2371 0.593750 0.927082 2017 2018 2019 2020 
 2372 0.593750 0.947915 2021 2022 2023 2024 
 2373 0.822917 0.927082 2025 2026 2027 2028 
 2374 0.822917 0.947916 2029 2030 2031 2032 
 2375 0.802083 0.927082 2033 2034 2035 2036 
 2376 0.802083 0.947916 2037 2038 2039 2040 
 2377 0.822917 0.968750 2041 2042 2043 2044 
 2378 0.822917 0.989583 2045 2046 2047 2048 
 2379 0.802083 0.968750 2049 2050 2051 2052 
 2380 0.802083 0.989583 2053 2054 2055 2056 
 2381 0.781250 0.968750 2057 2058 2059 2060 
 2382 0.781250 0.989583 2061 2062 2063 2064 
 2383 0.760417 0.968749 2065 2066 2067 2068 
 2384 0.760417 0.989583 2069 2070 2071 2072 
 2385 0.781250 0.927082 2073 2074 2075 2076 
 2386 0.781250 0.947916 2077 2078 2079 2080 
 2387 0.760416 0.927082 2081 2082 2083 2084 
 2388 0.760417 0.947916 2085 2086 2087 2088 
 2389 0.677083 0.927082 2089 2090 2091 2092 
 2390 0.697916 0.927082 2093 2094 2095 2096 
 2391 0.677083 0.947916 2097 2098 2099 2100 
 2392 0.697917 0.947916 2101 2102 2103 2104 
 2393 0.718750 0.927082 2105 2106 2107 2108 
 2394 0.739583 0.927082 2109 2110 2111 2112 
 2395 0.718750 0.947916 2113 2114 2115 2116 
 2396 0.739583 0.947916 2117 2118 2119 2120 
 2397 0.718750 0.968749 2121 2122 2123 2124 
 2398 0.739583 0.968749 2125 2126 2127 2128 
 2399 0.718750 0.989583 2129 2130 2131 2132 
 2400 0.739583 0.989583 2133 2134 2135 2136 
 2401 0.677083 0.968749 2137 2138 2139 2140 
 2402 0.697917 0.968749 2141 2142 2143 2144 
 2403 0.677083 0.989583 2145 2146 2147 2148 
 2404 0.697917 0.989583 2149 2150 2151 2152 
 2405 0.552083 0.968749 2153 2154 2155 2156 
 2406 0.572917 0.968749 2157 2158 2159 2160 
 2407 0.552083 0.989583 2161 2162 2163 2164 
 2408 0.572917 0.989583 2165 2166 2167 2168 
 2409 0.510417 0.968749 2169 2170 2171 2172 
 2410 0.531250 0.968749 2173 2174 2175 2176 
 2411 0.510417 0.989583 2177 2178 2179 2180 
 2412 0.531250 0.989583 2181 2182 2183 2184 
 2413 0.510416 0.927081 2185 2186 2187 2188 
 2414 0.531250 0.927081 2189 2190 2191 2192 
 2415 0.510416 0.947915 2193 2194 2195 2196 
 2416 0.531250 0.947915 2197 2198 2199 2200 
 2417 0.552083 0.927081 2201 2202 2203 2204 
 2418 0.572916 0.927082 2205 2206 2207 2208 
 2419 0.552083 0.947915 2209 2210 2211 2212 
 2420 0.572916 0.947915 2213 2214 2215 2216 
 