Grid_size  1107
vertices_size  1219
Edge_size  2742
total_DOF  3657
Face_Vertex_Edge 
0 
 221 220 217 140
 391 389 392 384 
1 
 218 221 145 217
 385 391 386 242 
2 
 125 219 218 221
 204 388 205 386 
3 
 219 109 221 220
 388 171 387 392 
4 
 226 225 222 211
 403 401 404 393 
5 
 223 226 203 222
 395 403 396 346 
6 
 215 224 223 226
 377 399 378 396 
7 
 224 216 226 225
 399 381 398 404 
8 
 231 230 227 198
 412 411 413 405 
9 
 228 231 199 227
 407 412 408 339 
10 
 211 229 228 231
 371 410 372 408 
11 
 229 213 231 230
 410 375 409 413 
12 
 225 234 211 229
 401 418 402 372 
13 
 216 232 225 234
 381 415 382 402 
14 
 232 212 234 233
 415 373 414 419 
15 
 234 233 229 213
 418 417 419 409 
16 
 237 214 238 235
 423 376 422 424 
17 
 238 235 236 202
 425 420 424 421 
18 
 232 238 212 236
 414 425 416 374 
19 
 216 237 232 238
 382 423 383 416 
20 
 243 242 239 145
 433 432 434 426 
21 
 240 243 149 239
 428 433 429 245 
22 
 173 241 240 243
 286 431 287 429 
23 
 241 121 243 242
 431 198 430 434 
24 
 248 247 244 148
 443 441 444 435 
25 
 245 248 146 244
 436 443 437 243 
26 
 249 252 214 235
 445 451 446 376 
27 
 200 250 249 252
 341 448 342 446 
28 
 250 204 252 251
 448 349 447 452 
29 
 252 251 235 202
 451 450 452 420 
30 
 224 255 216 237
 398 457 400 383 
31 
 215 253 224 255
 378 454 379 400 
32 
 253 201 255 254
 454 344 453 458 
33 
 255 254 237 214
 457 456 458 422 
34 
 256 260 151 259
 459 468 460 250 
35 
 150 257 256 260
 247 462 248 460 
36 
 257 126 260 258
 462 206 461 467 
37 
 260 258 259 100
 468 464 467 466 
38 
 263 188 264 261
 473 313 472 474 
39 
 264 261 262 184
 475 469 474 471 
40 
 250 264 204 262
 447 475 449 350 
41 
 200 263 250 264
 342 473 343 449 
42 
 267 218 242 145
 481 385 480 432 
43 
 265 267 121 242
 476 481 477 198 
44 
 115 266 265 267
 187 479 188 477 
45 
 266 125 267 218
 479 204 478 480 
46 
 273 277 167 276
 491 499 492 275 
47 
 190 274 273 277
 317 494 318 492 
48 
 274 154 277 275
 494 253 493 498 
49 
 277 275 276 153
 499 496 498 497 
50 
 282 281 278 166
 508 507 509 500 
51 
 279 282 189 278
 501 508 502 315 
52 
 208 280 279 282
 361 505 362 502 
53 
 280 191 282 281
 505 320 504 509 
54 
 203 222 284 285
 347 394 346 513 
55 
 222 211 285 228
 394 371 393 515 
56 
 285 228 283 199
 516 407 515 510 
57 
 284 285 205 283
 512 516 513 351 
58 
 289 288 286 185
 524 522 525 517 
59 
 287 289 183 286
 519 524 520 305 
60 
 205 283 287 289
 352 511 351 520 
61 
 283 199 289 288
 511 340 510 525 
62 
 297 295 296 122
 542 539 541 540 
63 
 247 297 148 296
 441 542 442 244 
64 
 75 76 301 299
 101 102 100 549 
65 
 301 299 300 106
 550 546 549 547 
66 
 303 200 304 249
 555 341 554 557 
67 
 304 249 254 214
 558 445 557 456 
68 
 302 304 201 254
 551 558 552 344 
69 
 206 303 302 304
 354 555 355 552 
70 
 308 307 275 153
 565 564 566 496 
71 
 305 308 154 275
 559 565 560 253 
72 
 111 306 305 308
 176 563 177 560 
73 
 306 131 308 307
 563 216 562 566 
74 
 312 245 309 146
 575 436 574 567 
75 
 310 312 174 309
 568 575 569 288 
76 
 316 315 313 187
 582 581 583 576 
77 
 314 316 196 313
 578 582 579 333 
78 
 206 302 314 316
 356 553 354 579 
79 
 302 201 316 315
 553 345 551 583 
80 
 325 322 323 147
 599 594 598 595 
81 
 324 325 171 323
 596 599 597 282 
82 
 330 329 326 178
 608 606 609 600 
83 
 327 330 163 326
 602 608 603 269 
84 
 193 328 327 330
 326 605 327 603 
85 
 328 194 330 329
 605 328 604 609 
86 
 206 314 333 334
 357 580 356 615 
87 
 314 196 334 331
 580 334 578 617 
88 
 334 331 332 197
 618 610 617 612 
89 
 333 334 164 332
 614 618 615 271 
90 
 335 339 198 338
 619 628 620 338 
91 
 210 336 335 339
 368 622 369 620 
92 
 336 195 339 337
 622 330 621 627 
93 
 339 337 338 165
 628 624 627 626 
94 
 351 350 219 109
 652 650 653 387 
95 
 349 351 125 219
 648 652 649 205 
96 
 92 93 349 351
 135 137 134 649 
97 
 93 94 351 350
 137 139 136 653 
98 
 300 106 354 352
 548 165 547 659 
99 
 354 352 295 122
 658 654 659 539 
100 
 358 16 355 17
 666 16 665 660 
101 
 356 358 114 355
 661 666 662 186 
102 
 133 357 356 358
 220 664 221 662 
103 
 357 15 358 16
 664 15 663 665 
104 
 367 370 191 281
 684 691 685 320 
105 
 192 368 367 370
 322 688 323 685 
106 
 368 177 370 369
 688 295 687 692 
107 
 370 369 281 166
 691 690 692 507 
108 
 373 150 374 256
 697 247 696 699 
109 
 374 256 371 151
 700 459 699 693 
110 
 196 313 377 378
 335 577 333 705 
111 
 313 187 378 375
 577 312 576 707 
112 
 378 375 376 167
 708 701 707 702 
113 
 377 378 172 376
 704 708 705 283 
114 
 150 383 257 386
 248 718 249 463 
115 
 383 175 386 384
 718 290 717 722 
116 
 386 384 385 114
 723 719 722 720 
117 
 257 386 126 385
 461 723 463 207 
118 
 94 95 350 388
 139 141 138 651 
119 
 95 0 388 4
 141 0 140 726 
120 
 388 4 387 5
 727 4 726 724 
121 
 350 388 109 387
 650 727 651 172 
122 
 395 259 392 100
 741 466 740 734 
123 
 393 395 139 392
 736 741 737 234 
124 
 124 394 393 395
 202 739 203 737 
125 
 394 151 395 259
 739 250 738 740 
126 
 399 319 396 162
 750 587 749 742 
127 
 397 399 136 396
 744 750 745 226 
128 
 404 407 173 241
 759 765 760 287 
129 
 172 405 404 407
 284 762 285 760 
130 
 405 156 407 406
 762 257 761 766 
131 
 407 406 241 121
 765 764 766 430 
132 
 411 324 408 171
 773 596 772 767 
133 
 409 411 186 408
 768 773 769 311 
134 
 414 413 26 25
 778 776 779 25 
135 
 27 414 1 26
 26 778 27 1 
136 
 28 412 27 414
 28 775 29 27 
137 
 412 118 414 413
 775 193 774 779 
138 
 318 181 420 371
 586 302 585 790 
139 
 420 371 394 151
 791 693 790 738 
140 
 419 420 124 394
 788 791 789 203 
141 
 162 318 419 420
 268 586 267 789 
142 
 423 422 369 166
 795 794 796 690 
143 
 425 115 426 265
 801 187 800 802 
144 
 426 265 406 121
 803 476 802 764 
145 
 424 426 156 406
 797 803 798 257 
146 
 103 425 424 426
 159 801 160 798 
147 
 428 276 427 153
 806 497 805 804 
148 
 405 428 156 427
 761 806 763 258 
149 
 172 376 405 428
 285 703 283 763 
150 
 376 167 428 276
 703 275 702 805 
151 
 431 146 432 244
 812 243 811 813 
152 
 432 244 429 148
 814 435 813 807 
153 
 430 432 182 429
 809 814 810 303 
154 
 170 431 430 432
 280 812 281 810 
155 
 363 433 131 307
 676 815 677 216 
156 
 103 424 363 433
 158 799 159 677 
157 
 424 156 433 427
 799 258 797 816 
158 
 433 427 307 153
 815 804 816 564 
159 
 178 434 437 438
 297 818 296 823 
160 
 434 182 438 435
 818 304 817 824 
161 
 438 435 436 160
 825 819 824 821 
162 
 437 438 144 436
 822 825 823 241 
163 
 280 441 191 440
 504 831 506 321 
164 
 208 439 280 441
 362 827 363 506 
165 
 439 212 441 236
 827 374 826 830 
166 
 441 236 440 202
 831 421 830 829 
167 
 443 442 425 115
 834 832 835 800 
168 
 365 443 103 425
 679 834 681 160 
169 
 88 89 365 443
 127 129 126 681 
170 
 89 90 443 442
 129 131 128 835 
171 
 445 296 444 122
 838 540 837 836 
172 
 435 445 160 444
 819 838 820 263 
173 
 182 429 435 445
 304 808 303 820 
174 
 429 148 445 296
 808 244 807 837 
175 
 452 190 453 273
 852 317 851 854 
176 
 453 273 375 167
 855 491 854 701 
177 
 451 453 187 375
 849 855 850 312 
178 
 207 452 451 453
 358 852 359 850 
179 
 442 454 115 266
 832 856 833 188 
180 
 90 91 442 454
 131 133 130 833 
181 
 91 92 454 349
 133 135 132 857 
182 
 454 349 266 125
 856 648 857 478 
183 
 377 172 456 404
 706 284 704 860 
184 
 456 404 455 173
 861 759 860 858 
185 
 331 456 197 455
 610 861 611 336 
186 
 196 377 331 456
 334 706 335 611 
187 
 459 458 383 175
 865 864 866 717 
188 
 373 459 150 383
 696 865 698 249 
189 
 461 186 462 408
 870 311 869 871 
190 
 462 408 460 171
 872 767 871 867 
191 
 336 462 195 460
 621 872 623 331 
192 
 210 461 336 462
 369 870 370 623 
193 
 468 472 135 471
 882 890 883 224 
194 
 96 469 468 472
 142 885 143 883 
195 
 469 119 472 470
 885 195 884 889 
196 
 472 470 471 144
 890 886 889 887 
197 
 476 174 477 309
 899 288 898 901 
198 
 477 309 431 146
 902 567 901 811 
199 
 475 477 170 431
 896 902 897 281 
200 
 183 476 475 477
 306 899 307 897 
201 
 478 141 480 479
 904 237 903 908 
202 
 480 479 458 175
 907 905 908 864 
203 
 81 483 80 482
 111 914 112 110 
204 
 483 468 482 135
 914 882 913 911 
205 
 485 189 486 278
 918 315 917 920 
206 
 486 278 422 166
 921 500 920 794 
207 
 176 340 485 492
 293 630 291 919 
208 
 340 152 492 490
 630 252 629 932 
209 
 492 490 491 169
 933 929 932 931 
210 
 485 492 189 491
 917 933 919 316 
211 
 126 493 258 495
 206 935 208 465 
212 
 493 19 495 20
 935 19 934 938 
213 
 495 20 494 21
 939 20 938 937 
214 
 258 495 100 494
 464 939 465 152 
215 
 139 392 496 497
 235 735 234 941 
216 
 392 100 497 494
 735 152 734 943 
217 
 497 494 22 21
 942 937 943 21 
218 
 496 497 23 22
 940 942 941 22 
219 
 98 498 500 501
 148 945 147 949 
220 
 498 134 501 499
 945 222 944 952 
221 
 501 499 12 11
 951 946 952 11 
222 
 500 501 13 12
 948 951 949 12 
223 
 183 286 476 507
 307 518 305 900 
224 
 286 185 507 505
 518 309 517 961 
225 
 507 505 506 143
 962 958 961 960 
226 
 476 507 174 506
 898 962 900 289 
227 
 508 511 210 461
 963 969 964 370 
228 
 209 509 508 511
 365 967 366 964 
229 
 509 169 511 510
 967 279 966 970 
230 
 511 510 461 186
 969 968 970 869 
231 
 515 240 513 149
 978 428 977 973 
232 
 514 515 179 513
 975 978 976 298 
233 
 197 455 514 515
 337 859 336 976 
234 
 455 173 515 240
 859 286 858 977 
235 
 516 409 510 186
 980 768 979 968 
236 
 490 516 169 510
 929 980 930 279 
237 
 493 520 19 18
 934 986 936 18 
238 
 126 385 493 520
 208 721 207 936 
239 
 385 114 520 355
 721 186 720 987 
240 
 520 355 18 17
 986 660 987 17 
241 
 521 207 522 451
 989 358 988 992 
242 
 522 451 315 187
 991 849 992 581 
243 
 253 522 201 315
 453 991 455 345 
244 
 215 521 253 522
 379 989 380 455 
245 
 525 524 233 213
 998 996 999 417 
246 
 439 525 212 233
 826 998 828 373 
247 
 208 523 439 525
 363 994 364 828 
248 
 523 209 525 524
 994 367 993 999 
249 
 527 496 24 23
 1002 940 1003 23 
250 
 413 527 25 24
 776 1002 777 24 
251 
 118 526 413 527
 193 1001 194 777 
252 
 526 139 527 496
 1001 235 1000 1003 
253 
 528 133 529 356
 1005 220 1004 1006 
254 
 529 356 384 114
 1007 661 1006 719 
255 
 479 529 175 384
 905 1007 906 290 
256 
 141 528 479 529
 237 1005 238 906 
257 
 534 157 535 532
 1017 259 1016 1020 
258 
 535 532 478 141
 1019 1012 1020 903 
259 
 164 534 533 535
 272 1017 273 1015 
260 
 536 537 204 251
 1021 1024 1022 349 
261 
 192 367 536 537
 324 686 322 1022 
262 
 367 191 537 440
 686 321 684 1025 
263 
 537 440 251 202
 1024 829 1025 450 
264 
 215 223 521 540
 380 397 377 990 
265 
 223 203 540 538
 397 348 395 1030 
266 
 540 538 539 193
 1031 1026 1030 1028 
267 
 521 540 207 539
 988 1031 990 360 
268 
 541 543 107 542
 1032 1037 1033 166 
269 
 136 396 541 543
 227 743 226 1033 
270 
 396 162 543 419
 743 268 742 1036 
271 
 543 419 542 124
 1037 788 1036 1034 
272 
 545 262 457 184
 1042 471 1041 862 
273 
 192 536 544 545
 325 1023 324 1039 
274 
 536 204 545 262
 1023 350 1021 1041 
275 
 284 205 547 546
 514 353 512 1046 
276 
 547 546 328 194
 1045 1043 1046 604 
277 
 538 547 193 328
 1026 1045 1027 327 
278 
 203 284 538 547
 348 514 347 1027 
279 
 523 548 209 509
 993 1048 995 366 
280 
 208 279 523 548
 364 503 361 995 
281 
 279 189 548 491
 503 316 501 1047 
282 
 548 491 509 169
 1048 931 1047 966 
283 
 303 549 200 263
 554 1049 556 343 
284 
 206 333 303 549
 355 616 357 556 
285 
 333 164 549 533
 616 272 614 1050 
286 
 549 533 263 188
 1049 1014 1050 472 
287 
 326 178 551 437
 601 297 600 1053 
288 
 551 437 470 144
 1054 822 1053 886 
289 
 550 551 119 470
 1051 1054 1052 195 
290 
 163 326 550 551
 270 601 269 1052 
291 
 287 183 553 475
 521 306 519 1057 
292 
 553 475 552 170
 1058 896 1057 1055 
293 
 546 553 194 552
 1043 1058 1044 329 
294 
 205 287 546 553
 353 521 352 1044 
295 
 209 508 524 555
 367 965 365 997 
296 
 508 210 555 335
 965 368 963 1062 
297 
 555 335 230 198
 1061 619 1062 411 
298 
 524 555 213 230
 996 1061 997 375 
299 
 192 544 368 556
 323 1040 325 689 
300 
 559 558 412 118
 1069 1067 1070 774 
301 
 29 559 28 412
 30 1069 31 29 
302 
 30 557 29 559
 32 1066 33 31 
303 
 557 107 559 558
 1066 167 1065 1070 
304 
 199 227 288 561
 340 406 339 523 
305 
 227 198 561 338
 406 338 405 1073 
306 
 561 338 560 165
 1074 626 1073 1071 
307 
 288 561 185 560
 522 1074 523 310 
308 
 552 170 562 430
 1056 280 1055 1075 
309 
 562 430 434 182
 1076 809 1075 817 
310 
 329 562 178 434
 606 1076 607 296 
311 
 194 552 329 562
 328 1056 329 607 
312 
 310 174 564 506
 570 289 568 1079 
313 
 564 506 563 143
 1080 960 1079 1077 
314 
 567 550 565 119
 1085 1051 1084 1081 
315 
 274 567 154 565
 493 1085 495 254 
316 
 190 566 274 567
 318 1083 319 495 
317 
 566 163 567 550
 1083 270 1082 1084 
318 
 207 539 452 568
 359 1029 360 853 
319 
 539 193 568 327
 1029 326 1028 1086 
320 
 568 327 566 163
 1087 602 1086 1082 
321 
 452 568 190 566
 851 1087 853 319 
322 
 569 393 526 139
 1089 736 1088 1000 
323 
 558 569 118 526
 1067 1089 1068 194 
324 
 107 542 558 569
 167 1035 166 1068 
325 
 542 124 569 393
 1035 202 1034 1088 
326 
 332 197 571 514
 613 337 612 1092 
327 
 571 514 570 179
 1093 975 1092 1090 
328 
 534 571 157 570
 1016 1093 1018 260 
329 
 164 332 534 571
 273 613 271 1018 
330 
 98 500 572 573
 149 950 148 1095 
331 
 500 13 573 14
 950 13 948 1096 
332 
 573 14 357 15
 1097 14 1096 663 
333 
 572 573 133 357
 1094 1097 1095 221 
334 
 576 575 574 159
 1100 1099 1101 1098 
335 
 505 576 143 574
 958 1100 959 240 
336 
 185 560 505 576
 309 1072 310 959 
337 
 560 165 576 575
 1072 274 1071 1101 
338 
 583 140 584 581
 1115 236 1114 1117 
339 
 584 581 8 7
 1116 1111 1117 7 
340 
 582 584 9 8
 1112 1116 1113 8 
341 
 105 583 582 584
 163 1115 164 1113 
342 
 134 585 499 586
 222 1119 223 947 
343 
 585 105 586 582
 1119 163 1118 1121 
344 
 586 582 10 9
 1120 1112 1121 9 
345 
 499 586 11 10
 946 1120 947 10 
346 
 589 588 575 159
 1126 1125 1127 1099 
347 
 337 589 165 575
 624 1126 625 274 
348 
 195 587 337 589
 330 1123 332 625 
349 
 587 180 589 588
 1123 300 1122 1127 
350 
 179 513 595 596
 299 974 298 1140 
351 
 513 149 596 594
 974 246 973 1142 
352 
 596 594 585 105
 1141 1137 1142 1118 
353 
 595 596 134 585
 1139 1141 1140 223 
354 
 570 179 598 595
 1091 299 1090 1147 
355 
 598 595 498 134
 1146 1139 1147 944 
356 
 597 598 98 498
 1143 1146 1144 147 
357 
 157 570 597 598
 261 1091 260 1144 
358 
 530 599 96 469
 1008 1148 1009 143 
359 
 111 305 530 599
 178 561 176 1009 
360 
 305 154 599 565
 561 254 559 1149 
361 
 599 565 469 119
 1148 1081 1149 884 
362 
 532 600 141 528
 1012 1150 1013 238 
363 
 157 597 532 600
 259 1145 261 1013 
364 
 597 98 600 572
 1145 149 1143 1151 
365 
 600 572 528 133
 1150 1094 1151 1004 
366 
 109 387 220 601
 171 725 172 390 
367 
 387 5 601 6
 725 5 724 1152 
368 
 601 6 581 7
 1153 6 1152 1111 
369 
 220 601 140 581
 389 1153 390 236 
370 
 602 541 557 107
 1155 1032 1154 1065 
371 
 31 602 30 557
 34 1155 35 33 
372 
 607 609 117 608
 1164 1169 1165 191 
373 
 135 471 607 609
 225 888 224 1165 
374 
 471 144 609 436
 888 241 887 1168 
375 
 609 436 608 160
 1169 821 1168 1166 
376 
 611 323 610 147
 1172 595 1171 1170 
377 
 587 611 180 610
 1122 1172 1124 301 
378 
 195 460 587 611
 332 868 331 1124 
379 
 460 171 611 323
 868 282 867 1171 
380 
 117 608 614 615
 192 1167 191 1179 
381 
 608 160 615 444
 1167 263 1166 1181 
382 
 615 444 352 122
 1180 836 1181 654 
383 
 614 615 106 352
 1178 1180 1179 165 
384 
 617 616 588 159
 1183 1182 1184 1125 
385 
 482 135 619 607
 912 225 911 1187 
386 
 619 607 618 117
 1188 1164 1187 1185 
387 
 79 619 78 618
 107 1188 108 106 
388 
 80 482 79 619
 109 912 110 108 
389 
 622 217 583 140
 1195 384 1194 1114 
390 
 594 622 105 583
 1137 1195 1138 164 
391 
 149 239 594 622
 246 427 245 1138 
392 
 239 145 622 217
 427 242 426 1194 
393 
 563 143 623 574
 1078 240 1077 1196 
394 
 623 574 616 159
 1197 1098 1196 1182 
395 
 78 618 77 624
 105 1186 106 104 
396 
 618 117 624 614
 1186 192 1185 1199 
397 
 624 614 299 106
 1198 1178 1199 546 
398 
 77 624 76 299
 103 1198 104 102 
399 
 123 742 741 1042
 1432 2034 1434 2036 
400 
 742 246 1042 787
 2034 1524 1435 2037 
401 
 741 1042 245 785
 1433 2035 2036 1520 
402 
 1042 787 785 248
 2035 1525 2037 1521 
403 
 246 786 787 1043
 1524 2038 1522 2040 
404 
 786 102 1043 716
 2038 1382 1523 2041 
405 
 787 1043 248 790
 1525 2039 2040 1530 
406 
 1043 716 790 247
 2039 1383 2041 1531 
407 
 272 801 800 1044
 1550 2042 1552 2044 
408 
 801 271 1044 799
 2042 1548 1553 2045 
409 
 800 1044 268 793
 1551 2043 2044 1536 
410 
 1044 799 793 158
 2043 1549 2045 1537 
411 
 269 796 795 1045
 1540 2046 1542 2048 
412 
 796 272 1045 800
 2046 1550 1543 2049 
413 
 795 1045 120 739
 1541 2047 2048 1428 
414 
 1045 800 739 268
 2047 1551 2049 1429 
415 
 116 738 737 1046
 1424 2050 1426 2052 
416 
 738 270 1046 798
 2050 1546 1427 2053 
417 
 737 1046 269 796
 1425 2051 2052 1542 
418 
 1046 798 796 272
 2051 1547 2053 1543 
419 
 270 797 798 1047
 1546 2054 1544 2056 
420 
 797 127 1047 744
 2054 1438 1545 2057 
421 
 798 1047 272 801
 1547 2055 2056 1552 
422 
 1047 744 801 271
 2055 1439 2057 1553 
423 
 290 803 802 1048
 1554 2058 1556 2060 
424 
 803 293 1048 810
 2058 1570 1557 2061 
425 
 802 1048 63 677
 1555 2059 2060 1304 
426 
 1048 810 677 62
 2059 1571 2061 1305 
427 
 112 731 730 1049
 1410 2062 1412 2064 
428 
 731 291 1049 806
 2062 1562 1413 2065 
429 
 730 1049 290 803
 1411 2063 2064 1556 
430 
 1049 806 803 293
 2063 1563 2065 1557 
431 
 291 805 806 1050
 1562 2066 1560 2068 
432 
 805 132 1050 751
 2066 1452 1561 2069 
433 
 806 1050 293 811
 1563 2067 2068 1572 
434 
 1050 751 811 292
 2067 1453 2069 1573 
435 
 293 811 810 1051
 1570 2070 1572 2072 
436 
 811 292 1051 808
 2070 1566 1573 2073 
437 
 810 1051 62 676
 1571 2071 2072 1302 
438 
 1051 808 676 61
 2071 1567 2073 1303 
439 
 102 717 716 1052
 1382 2074 1384 2076 
440 
 717 294 1052 813
 2074 1576 1385 2077 
441 
 716 1052 247 789
 1383 2075 2076 1528 
442 
 1052 813 789 297
 2075 1577 2077 1529 
443 
 294 812 813 1053
 1576 2078 1574 2080 
444 
 812 138 1053 759
 2078 1468 1575 2081 
445 
 813 1053 297 815
 1577 2079 2080 1580 
446 
 1053 759 815 295
 2079 1469 2081 1581 
447 
 298 817 816 1054
 1582 2082 1584 2084 
448 
 817 301 1054 820
 2082 1590 1585 2085 
449 
 816 1054 110 725
 1583 2083 2084 1400 
450 
 1054 820 725 300
 2083 1591 2085 1401 
451 
 74 690 691 1055
 1332 2086 1330 2088 
452 
 690 75 1055 692
 2086 1334 1331 2089 
453 
 691 1055 298 817
 1333 2087 2088 1584 
454 
 1055 692 817 301
 2087 1335 2089 1585 
455 
 112 733 732 1056
 1414 2090 1416 2092 
456 
 733 311 1056 825
 2090 1600 1417 2093 
457 
 732 1056 310 822
 1415 2091 2092 1594 
458 
 1056 825 822 312
 2091 1601 2093 1595 
459 
 311 824 825 1057
 1600 2094 1598 2096 
460 
 824 123 1057 741
 2094 1432 1599 2097 
461 
 825 1057 312 827
 1601 2095 2096 1604 
462 
 1057 741 827 245
 2095 1433 2097 1605 
463 
 320 832 833 1058
 1616 2098 1614 2100 
464 
 832 177 1058 777
 2098 1504 1615 2101 
465 
 833 1058 321 835
 1617 2099 2100 1620 
466 
 1058 777 835 317
 2099 1505 2101 1621 
467 
 321 835 836 1059
 1622 2102 1620 2104 
468 
 835 317 1059 828
 2102 1606 1621 2105 
469 
 836 1059 318 829
 1623 2103 2104 1608 
470 
 1059 828 829 181
 2103 1607 2105 1609 
471 
 319 831 830 1060
 1610 2106 1612 2108 
472 
 831 321 1060 836
 2106 1622 1613 2109 
473 
 830 1060 162 770
 1611 2107 2108 1490 
474 
 1060 836 770 318
 2107 1623 2109 1491 
475 
 161 768 767 1061
 1484 2110 1486 2112 
476 
 768 320 1061 833
 2110 1616 1487 2113 
477 
 767 1061 319 831
 1485 2111 2112 1612 
478 
 1061 833 831 321
 2111 1617 2113 1613 
479 
 120 739 740 1062
 1430 2114 1428 2116 
480 
 739 268 1062 794
 2114 1538 1429 2117 
481 
 740 1062 324 838
 1431 2115 2116 1626 
482 
 1062 794 838 325
 2115 1539 2117 1627 
483 
 268 793 794 1063
 1538 2118 1536 2120 
484 
 793 158 1063 766
 2118 1482 1537 2121 
485 
 794 1063 325 839
 1539 2119 2120 1628 
486 
 1063 766 839 322
 2119 1483 2121 1629 
487 
 344 849 848 1064
 1646 2122 1648 2124 
488 
 849 343 1064 846
 2122 1642 1649 2125 
489 
 848 1064 340 840
 1647 2123 2124 1630 
490 
 1064 846 840 152
 2123 1643 2125 1631 
491 
 341 842 841 1065
 1632 2126 1634 2128 
492 
 842 344 1065 848
 2126 1646 1635 2129 
493 
 841 1065 176 774
 1633 2127 2128 1498 
494 
 1065 848 774 340
 2127 1647 2129 1499 
495 
 97 710 709 1066
 1368 2130 1370 2132 
496 
 710 342 1066 845
 2130 1640 1371 2133 
497 
 709 1066 341 842
 1369 2131 2132 1634 
498 
 1066 845 842 344
 2131 1641 2133 1635 
499 
 342 844 845 1067
 1640 2134 1638 2136 
500 
 844 129 1067 748
 2134 1446 1639 2137 
501 
 845 1067 344 849
 1641 2135 2136 1648 
502 
 1067 748 849 343
 2135 1447 2137 1649 
503 
 347 853 854 1068
 1658 2138 1656 2140 
504 
 853 108 1068 722
 2138 1394 1657 2141 
505 
 854 1068 348 856
 1659 2139 2140 1662 
506 
 1068 722 856 345
 2139 1395 2141 1663 
507 
 348 856 857 1069
 1664 2142 1662 2144 
508 
 856 345 1069 850
 2142 1650 1663 2145 
509 
 857 1069 346 852
 1665 2143 2144 1654 
510 
 1069 850 852 127
 2143 1651 2145 1655 
511 
 47 659 658 1070
 1266 2146 1268 2148 
512 
 659 348 1070 857
 2146 1664 1269 2149 
513 
 658 1070 46 657
 1267 2147 2148 1264 
514 
 1070 857 657 346
 2147 1665 2149 1265 
515 
 48 662 660 1071
 1270 2150 1274 2152 
516 
 662 347 1071 854
 2150 1658 1275 2153 
517 
 660 1071 47 659
 1271 2151 2152 1268 
518 
 1071 854 659 348
 2151 1659 2153 1269 
519 
 353 859 858 1072
 1666 2154 1668 2156 
520 
 859 354 1072 861
 2154 1672 1669 2157 
521 
 858 1072 138 759
 1667 2155 2156 1468 
522 
 1072 861 759 295
 2155 1673 2157 1469 
523 
 110 725 726 1073
 1402 2158 1400 2160 
524 
 725 300 1073 819
 2158 1588 1401 2161 
525 
 726 1073 353 859
 1403 2159 2160 1668 
526 
 1073 819 859 354
 2159 1589 2161 1669 
527 
 362 869 870 1074
 1690 2162 1688 2164 
528 
 869 52 1074 667
 2162 1284 1689 2165 
529 
 870 1074 359 862
 1691 2163 2164 1674 
530 
 1074 667 862 53
 2163 1285 2165 1675 
531 
 360 865 864 1075
 1678 2166 1680 2168 
532 
 865 362 1075 870
 2166 1690 1681 2169 
533 
 864 1075 128 745
 1679 2167 2168 1440 
534 
 1075 870 745 359
 2167 1691 2169 1441 
535 
 108 724 723 1076
 1396 2170 1398 2172 
536 
 724 361 1076 868
 2170 1686 1399 2173 
537 
 723 1076 360 865
 1397 2171 2172 1680 
538 
 1076 868 865 362
 2171 1687 2173 1681 
539 
 361 867 868 1077
 1686 2174 1684 2176 
540 
 867 51 1077 666
 2174 1282 1685 2177 
541 
 868 1077 362 869
 1687 2175 2176 1688 
542 
 1077 666 869 52
 2175 1283 2177 1689 
543 
 365 873 874 1078
 1698 2178 1696 2180 
544 
 873 103 1078 719
 2178 1388 1697 2181 
545 
 874 1078 366 875
 1699 2179 2180 1700 
546 
 1078 719 875 363
 2179 1389 2181 1701 
547 
 366 875 876 1079
 1702 2182 1700 2184 
548 
 875 363 1079 871
 2182 1692 1701 2185 
549 
 876 1079 364 872
 1703 2183 2184 1694 
550 
 1079 871 872 131
 2183 1693 2185 1695 
551 
 87 705 704 1080
 1358 2186 1360 2188 
552 
 705 366 1080 876
 2186 1702 1361 2189 
553 
 704 1080 86 703
 1359 2187 2188 1356 
554 
 1080 876 703 364
 2187 1703 2189 1357 
555 
 88 707 706 1081
 1362 2190 1364 2192 
556 
 707 365 1081 874
 2190 1698 1365 2193 
557 
 706 1081 87 705
 1363 2191 2192 1360 
558 
 1081 874 705 366
 2191 1699 2193 1361 
559 
 372 880 879 1082
 1708 2194 1710 2196 
560 
 880 374 1082 883
 2194 1716 1711 2197 
561 
 879 1082 181 781
 1709 2195 2196 1512 
562 
 1082 883 781 371
 2195 1717 2197 1513 
563 
 168 772 771 1083
 1492 2198 1494 2200 
564 
 772 373 1083 881
 2198 1712 1495 2201 
565 
 771 1083 372 880
 1493 2199 2200 1710 
566 
 1083 881 880 374
 2199 1713 2201 1711 
567 
 129 749 748 1084
 1446 2202 1448 2204 
568 
 749 379 1084 885
 2202 1720 1449 2205 
569 
 748 1084 343 847
 1447 2203 2204 1644 
570 
 1084 885 847 382
 2203 1721 2205 1645 
571 
 379 884 885 1085
 1720 2206 1718 2208 
572 
 884 101 1085 714
 2206 1378 1719 2209 
573 
 885 1085 382 890
 1721 2207 2208 1730 
574 
 1085 714 890 380
 2207 1379 2209 1731 
575 
 382 890 891 1086
 1732 2210 1730 2212 
576 
 890 380 1086 886
 2210 1722 1731 2213 
577 
 891 1086 381 888
 1733 2211 2212 1726 
578 
 1086 886 888 155
 2211 1723 2213 1727 
579 
 343 847 846 1087
 1642 2214 1644 2216 
580 
 847 382 1087 891
 2214 1732 1645 2217 
581 
 846 1087 152 762
 1643 2215 2216 1474 
582 
 1087 891 762 381
 2215 1733 2217 1475 
583 
 391 897 896 1088
 1742 2218 1744 2220 
584 
 897 390 1088 894
 2218 1738 1745 2221 
585 
 896 1088 379 884
 1743 2219 2220 1718 
586 
 1088 894 884 101
 2219 1739 2221 1719 
587 
 389 893 892 1089
 1734 2222 1736 2224 
588 
 893 391 1089 896
 2222 1742 1737 2225 
589 
 892 1089 129 749
 1735 2223 2224 1448 
590 
 1089 896 749 379
 2223 1743 2225 1449 
591 
 40 645 646 1090
 1242 2226 1240 2228 
592 
 645 41 1090 648
 2226 1246 1241 2229 
593 
 646 1090 389 893
 1243 2227 2228 1736 
594 
 1090 648 893 391
 2227 1247 2229 1737 
595 
 41 647 648 1091
 1246 2230 1244 2232 
596 
 647 42 1091 650
 2230 1250 1245 2233 
597 
 648 1091 391 897
 1247 2231 2232 1744 
598 
 1091 650 897 390
 2231 1251 2233 1745 
599 
 398 900 901 1092
 1752 2234 1750 2236 
600 
 900 161 1092 767
 2234 1484 1751 2237 
601 
 901 1092 399 903
 1753 2235 2236 1756 
602 
 1092 767 903 319
 2235 1485 2237 1757 
603 
 113 735 734 1093
 1418 2238 1420 2240 
604 
 735 398 1093 901
 2238 1752 1421 2241 
605 
 734 1093 397 899
 1419 2239 2240 1748 
606 
 1093 901 899 399
 2239 1753 2241 1749 
607 
 402 907 908 1094
 1766 2242 1764 2244 
608 
 907 104 1094 720
 2242 1390 1765 2245 
609 
 908 1094 403 911
 1767 2243 2244 1772 
610 
 1094 720 911 400
 2243 1391 2245 1773 
611 
 403 911 910 1095
 1770 2246 1772 2248 
612 
 911 400 1095 904
 2246 1758 1773 2249 
613 
 910 1095 322 837
 1771 2247 2248 1624 
614 
 1095 904 837 147
 2247 1759 2249 1625 
615 
 401 906 905 1096
 1760 2250 1762 2252 
616 
 906 403 1096 910
 2250 1770 1763 2253 
617 
 905 1096 158 766
 1761 2251 2252 1482 
618 
 1096 910 766 322
 2251 1771 2253 1483 
619 
 128 747 746 1097
 1442 2254 1444 2256 
620 
 747 402 1097 908
 2254 1766 1445 2257 
621 
 746 1097 401 906
 1443 2255 2256 1762 
622 
 1097 908 906 403
 2255 1767 2257 1763 
623 
 155 765 764 1098
 1478 2258 1480 2260 
624 
 765 410 1098 914
 2258 1778 1481 2261 
625 
 764 1098 409 912
 1479 2259 2260 1774 
626 
 1098 914 912 411
 2259 1779 2261 1775 
627 
 410 913 914 1099
 1778 2262 1776 2264 
628 
 913 120 1099 740
 2262 1430 1777 2265 
629 
 914 1099 411 915
 1779 2263 2264 1780 
630 
 1099 740 915 324
 2263 1431 2265 1781 
631 
 74 691 689 1100
 1328 2266 1332 2268 
632 
 691 298 1100 818
 2266 1586 1333 2269 
633 
 689 1100 73 688
 1329 2267 2268 1326 
634 
 1100 818 688 416
 2267 1587 2269 1327 
635 
 298 816 818 1101
 1586 2270 1582 2272 
636 
 816 110 1101 727
 2270 1404 1583 2273 
637 
 818 1101 416 919
 1587 2271 2272 1788 
638 
 1101 727 919 415
 2271 1405 2273 1789 
639 
 416 919 918 1102
 1786 2274 1788 2276 
640 
 919 415 1102 916
 2274 1782 1789 2277 
641 
 918 1102 72 686
 1787 2275 2276 1322 
642 
 1102 916 686 71
 2275 1783 2277 1323 
643 
 73 688 687 1103
 1324 2278 1326 2280 
644 
 688 416 1103 918
 2278 1786 1327 2281 
645 
 687 1103 2 625
 1325 2279 2280 1200 
646 
 1103 918 625 72
 2279 1787 2281 1201 
647 
 417 920 921 1104
 1792 2282 1790 2284 
648 
 920 116 1104 737
 2282 1424 1791 2285 
649 
 921 1104 418 922
 1793 2283 2284 1794 
650 
 1104 737 922 269
 2283 1425 2285 1795 
651 
 418 922 923 1105
 1796 2286 1794 2288 
652 
 922 269 1105 795
 2286 1540 1795 2289 
653 
 923 1105 410 913
 1797 2287 2288 1776 
654 
 1105 795 913 120
 2287 1541 2289 1777 
655 
 380 887 886 1106
 1722 2290 1724 2292 
656 
 887 418 1106 923
 2290 1796 1725 2293 
657 
 886 1106 155 765
 1723 2291 2292 1480 
658 
 1106 923 765 410
 2291 1797 2293 1481 
659 
 101 715 714 1107
 1378 2294 1380 2296 
660 
 715 417 1107 921
 2294 1792 1381 2297 
661 
 714 1107 380 887
 1379 2295 2296 1724 
662 
 1107 921 887 418
 2295 1793 2297 1725 
663 
 320 834 832 1108
 1614 2298 1618 2300 
664 
 834 423 1108 926
 2298 1802 1619 2301 
665 
 832 1108 177 778
 1615 2299 2300 1506 
666 
 1108 926 778 369
 2299 1803 2301 1507 
667 
 161 769 768 1109
 1486 2302 1488 2304 
668 
 769 421 1109 925
 2302 1800 1489 2305 
669 
 768 1109 320 834
 1487 2303 2304 1618 
670 
 1109 925 834 423
 2303 1801 2305 1619 
671 
 421 924 925 1110
 1800 2306 1798 2308 
672 
 924 142 1110 761
 2306 1472 1799 2309 
673 
 925 1110 423 927
 1801 2307 2308 1804 
674 
 1110 761 927 422
 2307 1473 2309 1805 
675 
 390 895 894 1111
 1738 2310 1740 2312 
676 
 895 447 1111 930
 2310 1810 1741 2313 
677 
 894 1111 101 715
 1739 2311 2312 1380 
678 
 1111 930 715 417
 2311 1811 2313 1381 
679 
 42 649 650 1112
 1250 2314 1248 2316 
680 
 649 43 1112 652
 2314 1254 1249 2317 
681 
 650 1112 390 895
 1251 2315 2316 1740 
682 
 1112 652 895 447
 2315 1255 2317 1741 
683 
 43 651 652 1113
 1254 2318 1252 2320 
684 
 651 44 1113 654
 2318 1258 1253 2321 
685 
 652 1113 447 931
 1255 2319 2320 1812 
686 
 1113 654 931 446
 2319 1259 2321 1813 
687 
 447 931 930 1114
 1810 2322 1812 2324 
688 
 931 446 1114 928
 2322 1806 1813 2325 
689 
 930 1114 417 920
 1811 2323 2324 1790 
690 
 1114 928 920 116
 2323 1807 2325 1791 
691 
 448 932 933 1115
 1816 2326 1814 2328 
692 
 932 50 1115 665
 2326 1280 1815 2329 
693 
 933 1115 361 867
 1817 2327 2328 1684 
694 
 1115 665 867 51
 2327 1281 2329 1685 
695 
 347 855 853 1116
 1656 2330 1660 2332 
696 
 855 448 1116 933
 2330 1816 1661 2333 
697 
 853 1116 108 724
 1657 2331 2332 1398 
698 
 1116 933 724 361
 2331 1817 2333 1399 
699 
 48 661 662 1117
 1274 2334 1272 2336 
700 
 661 49 1117 664
 2334 1278 1273 2337 
701 
 662 1117 347 855
 1275 2335 2336 1660 
702 
 1117 664 855 448
 2335 1279 2337 1661 
703 
 49 663 664 1118
 1278 2338 1276 2340 
704 
 663 3 1118 626
 2338 1202 1277 2341 
705 
 664 1118 448 932
 1279 2339 2340 1814 
706 
 1118 626 932 50
 2339 1203 2341 1815 
707 
 446 929 928 1119
 1806 2342 1808 2344 
708 
 929 449 1119 934
 2342 1818 1809 2345 
709 
 928 1119 116 738
 1807 2343 2344 1426 
710 
 1119 934 738 270
 2343 1819 2345 1427 
711 
 44 653 654 1120
 1258 2346 1256 2348 
712 
 653 45 1120 656
 2346 1262 1257 2349 
713 
 654 1120 446 929
 1259 2347 2348 1808 
714 
 1120 656 929 449
 2347 1263 2349 1809 
715 
 45 655 656 1121
 1262 2350 1260 2352 
716 
 655 46 1121 657
 2350 1264 1261 2353 
717 
 656 1121 449 935
 1263 2351 2352 1820 
718 
 1121 657 935 346
 2351 1265 2353 1821 
719 
 449 935 934 1122
 1818 2354 1820 2356 
720 
 935 346 1122 852
 2354 1654 1821 2357 
721 
 934 1122 270 797
 1819 2355 2356 1544 
722 
 1122 852 797 127
 2355 1655 2357 1545 
723 
 345 851 850 1123
 1650 2358 1652 2360 
724 
 851 450 1123 936
 2358 1822 1653 2361 
725 
 850 1123 127 744
 1651 2359 2360 1438 
726 
 1123 936 744 271
 2359 1823 2361 1439 
727 
 108 723 722 1124
 1394 2362 1396 2364 
728 
 723 360 1124 866
 2362 1682 1397 2365 
729 
 722 1124 345 851
 1395 2363 2364 1652 
730 
 1124 866 851 450
 2363 1683 2365 1653 
731 
 360 864 866 1125
 1682 2366 1678 2368 
732 
 864 128 1125 746
 2366 1442 1679 2369 
733 
 866 1125 450 937
 1683 2367 2368 1824 
734 
 1125 746 937 401
 2367 1443 2369 1825 
735 
 450 937 936 1126
 1822 2370 1824 2372 
736 
 937 401 1126 905
 2370 1760 1825 2373 
737 
 936 1126 271 799
 1823 2371 2372 1548 
738 
 1126 905 799 158
 2371 1761 2373 1549 
739 
 168 773 772 1127
 1494 2374 1496 2376 
740 
 773 457 1127 939
 2374 1828 1497 2377 
741 
 772 1127 373 882
 1495 2375 2376 1714 
742 
 1127 939 882 459
 2375 1829 2377 1715 
743 
 457 938 939 1128
 1828 2378 1826 2380 
744 
 938 184 1128 782
 2378 1514 1827 2381 
745 
 939 1128 459 940
 1829 2379 2380 1830 
746 
 1128 782 940 458
 2379 1515 2381 1831 
747 
 123 743 742 1129
 1434 2382 1436 2384 
748 
 743 463 1129 942
 2382 1834 1437 2385 
749 
 742 1129 246 788
 1435 2383 2384 1526 
750 
 1129 942 788 465
 2383 1835 2385 1527 
751 
 463 941 942 1130
 1834 2386 1832 2388 
752 
 941 65 1130 680
 2386 1310 1833 2389 
753 
 942 1130 465 945
 1835 2387 2388 1840 
754 
 1130 680 945 66
 2387 1311 2389 1841 
755 
 465 945 946 1131
 1842 2390 1840 2392 
756 
 945 66 1131 681
 2390 1312 1841 2393 
757 
 946 1131 464 943
 1843 2391 2392 1836 
758 
 1131 681 943 67
 2391 1313 2393 1837 
759 
 246 788 786 1132
 1522 2394 1526 2396 
760 
 788 465 1132 946
 2394 1842 1527 2397 
761 
 786 1132 102 718
 1523 2395 2396 1386 
762 
 1132 946 718 464
 2395 1843 2397 1387 
763 
 294 814 812 1133
 1574 2398 1578 2400 
764 
 814 467 1133 949
 2398 1848 1579 2401 
765 
 812 1133 138 760
 1575 2399 2400 1470 
766 
 1133 949 760 466
 2399 1849 2401 1471 
767 
 102 718 717 1134
 1384 2402 1386 2404 
768 
 718 464 1134 944
 2402 1838 1387 2405 
769 
 717 1134 294 814
 1385 2403 2404 1578 
770 
 1134 944 814 467
 2403 1839 2405 1579 
771 
 464 943 944 1135
 1838 2406 1836 2408 
772 
 943 67 1135 682
 2406 1314 1837 2409 
773 
 944 1135 467 948
 1839 2407 2408 1846 
774 
 1135 682 948 68
 2407 1315 2409 1847 
775 
 467 948 949 1136
 1848 2410 1846 2412 
776 
 948 68 1136 683
 2410 1316 1847 2413 
777 
 949 1136 466 947
 1849 2411 2412 1844 
778 
 1136 683 947 69
 2411 1317 2413 1845 
779 
 38 641 642 1137
 1234 2414 1232 2416 
780 
 641 39 1137 644
 2414 1238 1233 2417 
781 
 642 1137 473 951
 1235 2415 2416 1852 
782 
 1137 644 951 474
 2415 1239 2417 1853 
783 
 39 643 644 1138
 1238 2418 1236 2420 
784 
 643 40 1138 646
 2418 1242 1237 2421 
785 
 644 1138 474 954
 1239 2419 2420 1858 
786 
 1138 646 954 389
 2419 1243 2421 1859 
787 
 474 954 953 1139
 1856 2422 1858 2424 
788 
 954 389 1139 892
 2422 1734 1859 2425 
789 
 953 1139 342 844
 1857 2423 2424 1638 
790 
 1139 892 844 129
 2423 1735 2425 1639 
791 
 473 951 950 1140
 1850 2426 1852 2428 
792 
 951 474 1140 953
 2426 1856 1853 2429 
793 
 950 1140 97 710
 1851 2427 2428 1370 
794 
 1140 953 710 342
 2427 1857 2429 1371 
795 
 261 792 791 1141
 1532 2430 1534 2432 
796 
 792 480 1141 956
 2430 1862 1535 2433 
797 
 791 1141 184 782
 1533 2431 2432 1514 
798 
 1141 956 782 458
 2431 1863 2433 1515 
799 
 188 784 783 1142
 1516 2434 1518 2436 
800 
 784 478 1142 955
 2434 1860 1519 2437 
801 
 783 1142 261 792
 1517 2435 2436 1534 
802 
 1142 955 792 480
 2435 1861 2437 1535 
803 
 82 695 694 1143
 1338 2438 1340 2440 
804 
 695 481 1143 958
 2438 1866 1341 2441 
805 
 694 1143 81 693
 1339 2439 2440 1336 
806 
 1143 958 693 483
 2439 1867 2441 1337 
807 
 481 957 958 1144
 1866 2442 1864 2444 
808 
 957 96 1144 708
 2442 1366 1865 2445 
809 
 958 1144 483 959
 1867 2443 2444 1868 
810 
 1144 708 959 468
 2443 1367 2445 1869 
811 
 484 961 960 1145
 1870 2446 1872 2448 
812 
 961 486 1145 963
 2446 1876 1873 2449 
813 
 960 1145 142 761
 1871 2447 2448 1472 
814 
 1145 963 761 422
 2447 1877 2449 1473 
815 
 176 776 775 1146
 1500 2450 1502 2452 
816 
 776 485 1146 962
 2450 1874 1503 2453 
817 
 775 1146 484 961
 1501 2451 2452 1872 
818 
 1146 962 961 486
 2451 1875 2453 1873 
819 
 84 699 700 1147
 1350 2454 1348 2456 
820 
 699 85 1147 702
 2454 1354 1349 2457 
821 
 700 1147 487 965
 1351 2455 2456 1880 
822 
 1147 702 965 488
 2455 1355 2457 1881 
823 
 85 701 702 1148
 1354 2458 1352 2460 
824 
 701 86 1148 703
 2458 1356 1353 2461 
825 
 702 1148 488 968
 1355 2459 2460 1886 
826 
 1148 703 968 364
 2459 1357 2461 1887 
827 
 488 968 967 1149
 1884 2462 1886 2464 
828 
 968 364 1149 872
 2462 1694 1887 2465 
829 
 967 1149 306 821
 1885 2463 2464 1592 
830 
 1149 872 821 131
 2463 1695 2465 1593 
831 
 487 965 964 1150
 1878 2466 1880 2468 
832 
 965 488 1150 967
 2466 1884 1881 2469 
833 
 964 1150 111 728
 1879 2467 2468 1406 
834 
 1150 967 728 306
 2467 1885 2469 1407 
835 
 489 969 970 1151
 1890 2470 1888 2472 
836 
 969 64 1151 679
 2470 1308 1889 2473 
837 
 970 1151 463 941
 1891 2471 2472 1832 
838 
 1151 679 941 65
 2471 1309 2473 1833 
839 
 311 826 824 1152
 1598 2474 1602 2476 
840 
 826 489 1152 970
 2474 1890 1603 2477 
841 
 824 1152 123 743
 1599 2475 2476 1436 
842 
 1152 970 743 463
 2475 1891 2477 1437 
843 
 112 730 733 1153
 1416 2478 1410 2480 
844 
 730 290 1153 804
 2478 1558 1411 2481 
845 
 733 1153 311 826
 1417 2479 2480 1602 
846 
 1153 804 826 489
 2479 1559 2481 1603 
847 
 290 802 804 1154
 1558 2482 1554 2484 
848 
 802 63 1154 678
 2482 1306 1555 2485 
849 
 804 1154 489 969
 1559 2483 2484 1888 
850 
 1154 678 969 64
 2483 1307 2485 1889 
851 
 504 976 975 1155
 1900 2486 1902 2488 
852 
 976 503 1155 974
 2486 1898 1903 2489 
853 
 975 1155 421 924
 1901 2487 2488 1798 
854 
 1155 974 924 142
 2487 1899 2489 1799 
855 
 398 902 900 1156
 1750 2490 1754 2492 
856 
 902 504 1156 975
 2490 1900 1755 2493 
857 
 900 1156 161 769
 1751 2491 2492 1488 
858 
 1156 975 769 421
 2491 1901 2493 1489 
859 
 113 736 735 1157
 1420 2494 1422 2496 
860 
 736 502 1157 973
 2494 1896 1423 2497 
861 
 735 1157 398 902
 1421 2495 2496 1754 
862 
 1157 973 902 504
 2495 1897 2497 1755 
863 
 502 972 973 1158
 1896 2498 1894 2500 
864 
 972 130 1158 750
 2498 1450 1895 2501 
865 
 973 1158 504 976
 1897 2499 2500 1902 
866 
 1158 750 976 503
 2499 1451 2501 1903 
867 
 512 978 977 1159
 1904 2502 1906 2504 
868 
 978 466 1159 947
 2502 1844 1907 2505 
869 
 977 1159 70 684
 1905 2503 2504 1318 
870 
 1159 947 684 69
 2503 1845 2505 1319 
871 
 415 917 916 1160
 1782 2506 1784 2508 
872 
 917 512 1160 977
 2506 1904 1785 2509 
873 
 916 1160 71 685
 1783 2507 2508 1320 
874 
 1160 977 685 70
 2507 1905 2509 1321 
875 
 110 726 727 1161
 1404 2510 1402 2512 
876 
 726 353 1161 860
 2510 1670 1403 2513 
877 
 727 1161 415 917
 1405 2511 2512 1784 
878 
 1161 860 917 512
 2511 1671 2513 1785 
879 
 353 858 860 1162
 1670 2514 1666 2516 
880 
 858 138 1162 760
 2514 1470 1667 2517 
881 
 860 1162 512 978
 1671 2515 2516 1906 
882 
 1162 760 978 466
 2515 1471 2517 1907 
883 
 152 762 763 1163
 1476 2518 1474 2520 
884 
 762 381 1163 889
 2518 1728 1475 2521 
885 
 763 1163 490 971
 1477 2519 2520 1892 
886 
 1163 889 971 516
 2519 1729 2521 1893 
887 
 381 888 889 1164
 1728 2522 1726 2524 
888 
 888 155 1164 764
 2522 1478 1727 2525 
889 
 889 1164 516 979
 1729 2523 2524 1908 
890 
 1164 764 979 409
 2523 1479 2525 1909 
891 
 473 950 952 1165
 1854 2526 1850 2528 
892 
 950 97 1165 711
 2526 1372 1851 2529 
893 
 952 1165 519 983
 1855 2527 2528 1916 
894 
 1165 711 983 517
 2527 1373 2529 1917 
895 
 519 983 984 1166
 1918 2530 1916 2532 
896 
 983 517 1166 980
 2530 1910 1917 2533 
897 
 984 1166 518 982
 1919 2531 2532 1914 
898 
 1166 980 982 130
 2531 1911 2533 1915 
899 
 37 639 638 1167
 1226 2534 1228 2536 
900 
 639 519 1167 984
 2534 1918 1229 2537 
901 
 638 1167 36 637
 1227 2535 2536 1224 
902 
 1167 984 637 518
 2535 1919 2537 1225 
903 
 38 642 640 1168
 1230 2538 1234 2540 
904 
 642 473 1168 952
 2538 1854 1235 2541 
905 
 640 1168 37 639
 1231 2539 2540 1228 
906 
 1168 952 639 519
 2539 1855 2541 1229 
907 
 487 964 966 1169
 1882 2542 1878 2544 
908 
 964 111 1169 729
 2542 1408 1879 2545 
909 
 966 1169 531 987
 1883 2543 2544 1924 
910 
 1169 729 987 530
 2543 1409 2545 1925 
911 
 531 987 986 1170
 1922 2546 1924 2548 
912 
 987 530 1170 985
 2546 1920 1925 2549 
913 
 986 1170 481 957
 1923 2547 2548 1864 
914 
 1170 985 957 96
 2547 1921 2549 1865 
915 
 83 697 696 1171
 1342 2550 1344 2552 
916 
 697 531 1171 986
 2550 1922 1345 2553 
917 
 696 1171 82 695
 1343 2551 2552 1340 
918 
 1171 986 695 481
 2551 1923 2553 1341 
919 
 84 700 698 1172
 1346 2554 1350 2556 
920 
 700 487 1172 966
 2554 1882 1351 2557 
921 
 698 1172 83 697
 1347 2555 2556 1344 
922 
 1172 966 697 531
 2555 1883 2557 1345 
923 
 533 989 988 1173
 1926 2558 1928 2560 
924 
 989 535 1173 990
 2558 1930 1929 2561 
925 
 988 1173 188 784
 1927 2559 2560 1518 
926 
 1173 990 784 478
 2559 1931 2561 1519 
927 
 544 992 991 1174
 1932 2562 1934 2564 
928 
 992 545 1174 994
 2562 1938 1935 2565 
929 
 991 1174 168 773
 1933 2563 2564 1496 
930 
 1174 994 773 457
 2563 1939 2565 1497 
931 
 517 981 980 1175
 1910 2566 1912 2568 
932 
 981 554 1175 996
 2566 1942 1913 2569 
933 
 980 1175 130 750
 1911 2567 2568 1450 
934 
 1175 996 750 503
 2567 1943 2569 1451 
935 
 97 709 711 1176
 1372 2570 1368 2572 
936 
 709 341 1176 843
 2570 1636 1369 2573 
937 
 711 1176 517 981
 1373 2571 2572 1912 
938 
 1176 843 981 554
 2571 1637 2573 1913 
939 
 341 841 843 1177
 1636 2574 1632 2576 
940 
 841 176 1177 775
 2574 1500 1633 2577 
941 
 843 1177 554 995
 1637 2575 2576 1940 
942 
 1177 775 995 484
 2575 1501 2577 1941 
943 
 554 995 996 1178
 1942 2578 1940 2580 
944 
 995 484 1178 960
 2578 1870 1941 2581 
945 
 996 1178 503 974
 1943 2579 2580 1898 
946 
 1178 960 974 142
 2579 1871 2581 1899 
947 
 544 991 993 1179
 1936 2582 1932 2584 
948 
 991 168 1179 771
 2582 1492 1933 2585 
949 
 993 1179 556 998
 1937 2583 2584 1946 
950 
 1179 771 998 372
 2583 1493 2585 1947 
951 
 556 998 997 1180
 1944 2586 1946 2588 
952 
 998 372 1180 879
 2586 1708 1947 2589 
953 
 997 1180 317 828
 1945 2587 2588 1606 
954 
 1180 879 828 181
 2587 1709 2589 1607 
955 
 368 878 877 1181
 1704 2590 1706 2592 
956 
 878 556 1181 997
 2590 1944 1707 2593 
957 
 877 1181 177 777
 1705 2591 2592 1504 
958 
 1181 997 777 317
 2591 1945 2593 1505 
959 
 291 807 805 1182
 1560 2594 1564 2596 
960 
 807 564 1182 1000
 2594 1950 1565 2597 
961 
 805 1182 132 752
 1561 2595 2596 1454 
962 
 1182 1000 752 563
 2595 1951 2597 1455 
963 
 112 732 731 1183
 1412 2598 1414 2600 
964 
 732 310 1183 823
 2598 1596 1415 2601 
965 
 731 1183 291 807
 1413 2599 2600 1564 
966 
 1183 823 807 564
 2599 1597 2601 1565 
967 
 579 1006 1007 1184
 1964 2602 1962 2604 
968 
 1006 397 1184 898
 2602 1746 1963 2605 
969 
 1007 1184 577 1001
 1965 2603 2604 1952 
970 
 1184 898 1001 136
 2603 1747 2605 1953 
971 
 33 631 630 1185
 1210 2606 1212 2608 
972 
 631 579 1185 1007
 2606 1964 1213 2609 
973 
 630 1185 32 629
 1211 2607 2608 1208 
974 
 1185 1007 629 577
 2607 1965 2609 1209 
975 
 34 634 632 1186
 1214 2610 1218 2612 
976 
 634 578 1186 1004
 2610 1958 1219 2613 
977 
 632 1186 33 631
 1215 2611 2612 1212 
978 
 1186 1004 631 579
 2611 1959 2613 1213 
979 
 578 1003 1004 1187
 1958 2614 1956 2616 
980 
 1003 113 1187 734
 2614 1418 1957 2617 
981 
 1004 1187 579 1006
 1959 2615 2616 1962 
982 
 1187 734 1006 397
 2615 1419 2617 1963 
983 
 580 1009 1008 1188
 1966 2618 1968 2620 
984 
 1009 518 1188 982
 2618 1914 1969 2621 
985 
 1008 1188 502 972
 1967 2619 2620 1894 
986 
 1188 982 972 130
 2619 1915 2621 1895 
987 
 578 1005 1003 1189
 1956 2622 1960 2624 
988 
 1005 580 1189 1008
 2622 1966 1961 2625 
989 
 1003 1189 113 736
 1957 2623 2624 1422 
990 
 1189 1008 736 502
 2623 1967 2625 1423 
991 
 34 633 634 1190
 1218 2626 1216 2628 
992 
 633 35 1190 636
 2626 1222 1217 2629 
993 
 634 1190 578 1005
 1219 2627 2628 1960 
994 
 1190 636 1005 580
 2627 1223 2629 1961 
995 
 35 635 636 1191
 1222 2630 1220 2632 
996 
 635 36 1191 637
 2630 1224 1221 2633 
997 
 636 1191 580 1009
 1223 2631 2632 1968 
998 
 1191 637 1009 518
 2631 1225 2633 1969 
999 
 137 755 756 1192
 1462 2634 1460 2636 
1000 
 755 590 1192 1011
 2634 1972 1461 2637 
1001 
 756 1192 592 1015
 1463 2635 2636 1980 
1002 
 1192 1011 1015 593
 2635 1973 2637 1981 
1003 
 590 1010 1011 1193
 1972 2638 1970 2640 
1004 
 1010 57 1193 672
 2638 1294 1971 2641 
1005 
 1011 1193 593 1017
 1973 2639 2640 1984 
1006 
 1193 672 1017 58
 2639 1295 2641 1985 
1007 
 593 1017 1018 1194
 1986 2642 1984 2644 
1008 
 1017 58 1194 673
 2642 1296 1985 2645 
1009 
 1018 1194 591 1013
 1987 2643 2644 1976 
1010 
 1194 673 1013 59
 2643 1297 2645 1977 
1011 
 592 1015 1014 1195
 1978 2646 1980 2648 
1012 
 1015 593 1195 1018
 2646 1986 1981 2649 
1013 
 1014 1195 99 712
 1979 2647 2648 1374 
1014 
 1195 1018 712 591
 2647 1987 2649 1375 
1015 
 577 1001 1002 1196
 1954 2650 1952 2652 
1016 
 1001 136 1196 754
 2650 1458 1953 2653 
1017 
 1002 1196 602 1019
 1955 2651 2652 1988 
1018 
 1196 754 1019 541
 2651 1459 2653 1989 
1019 
 32 629 628 1197
 1206 2654 1208 2656 
1020 
 629 577 1197 1002
 2654 1954 1209 2657 
1021 
 628 1197 31 627
 1207 2655 2656 1204 
1022 
 1197 1002 627 602
 2655 1955 2657 1205 
1023 
 128 745 747 1198
 1444 2658 1440 2660 
1024 
 745 359 1198 863
 2658 1676 1441 2661 
1025 
 747 1198 402 909
 1445 2659 2660 1768 
1026 
 1198 863 909 604
 2659 1677 2661 1769 
1027 
 359 862 863 1199
 1676 2662 1674 2664 
1028 
 862 53 1199 668
 2662 1286 1675 2665 
1029 
 863 1199 604 1021
 1677 2663 2664 1992 
1030 
 1199 668 1021 54
 2663 1287 2665 1993 
1031 
 604 1021 1022 1200
 1994 2666 1992 2668 
1032 
 1021 54 1200 669
 2666 1288 1993 2669 
1033 
 1022 1200 603 1020
 1995 2667 2668 1990 
1034 
 1200 669 1020 55
 2667 1289 2669 1991 
1035 
 402 909 907 1201
 1764 2670 1768 2672 
1036 
 909 604 1201 1022
 2670 1994 1769 2673 
1037 
 907 1201 104 721
 1765 2671 2672 1392 
1038 
 1201 1022 721 603
 2671 1995 2673 1393 
1039 
 137 757 755 1202
 1460 2674 1464 2676 
1040 
 757 605 1202 1024
 2674 1998 1465 2677 
1041 
 755 1202 590 1012
 1461 2675 2676 1974 
1042 
 1202 1024 1012 606
 2675 1999 2677 1975 
1043 
 605 1023 1024 1203
 1998 2678 1996 2680 
1044 
 1023 104 1203 721
 2678 1392 1997 2681 
1045 
 1024 1203 606 1027
 1999 2679 2680 2004 
1046 
 1203 721 1027 603
 2679 1393 2681 2005 
1047 
 606 1027 1026 1204
 2002 2682 2004 2684 
1048 
 1027 603 1204 1020
 2682 1990 2005 2685 
1049 
 1026 1204 56 670
 2003 2683 2684 1290 
1050 
 1204 1020 670 55
 2683 1991 2685 1291 
1051 
 590 1012 1010 1205
 1970 2686 1974 2688 
1052 
 1012 606 1205 1026
 2686 2002 1975 2689 
1053 
 1010 1205 57 671
 1971 2687 2688 1292 
1054 
 1205 1026 671 56
 2687 2003 2689 1293 
1055 
 612 1029 1030 1206
 2010 2690 2008 2692 
1056 
 1029 180 1206 780
 2690 1510 2009 2693 
1057 
 1030 1206 613 1033
 2011 2691 2692 2016 
1058 
 1206 780 1033 610
 2691 1511 2693 2017 
1059 
 613 1033 1032 1207
 2014 2694 2016 2696 
1060 
 1033 610 1207 1028
 2694 2006 2017 2697 
1061 
 1032 1207 400 904
 2015 2695 2696 1758 
1062 
 1207 1028 904 147
 2695 2007 2697 1759 
1063 
 605 1025 1023 1208
 1996 2698 2000 2700 
1064 
 1025 613 1208 1032
 2698 2014 2001 2701 
1065 
 1023 1208 104 720
 1997 2699 2700 1390 
1066 
 1208 1032 720 400
 2699 2015 2701 1391 
1067 
 137 758 757 1209
 1464 2702 1466 2704 
1068 
 758 612 1209 1030
 2702 2010 1467 2705 
1069 
 757 1209 605 1025
 1465 2703 2704 2000 
1070 
 1209 1030 1025 613
 2703 2011 2705 2001 
1071 
 612 1031 1029 1210
 2008 2706 2012 2708 
1072 
 1031 617 1210 1034
 2706 2018 2013 2709 
1073 
 1029 1210 180 779
 2009 2707 2708 1508 
1074 
 1210 1034 779 588
 2707 2019 2709 1509 
1075 
 137 756 758 1211
 1466 2710 1462 2712 
1076 
 756 592 1211 1016
 2710 1982 1463 2713 
1077 
 758 1211 612 1031
 1467 2711 2712 2012 
1078 
 1211 1016 1031 617
 2711 1983 2713 2013 
1079 
 592 1014 1016 1212
 1982 2714 1978 2716 
1080 
 1014 99 1212 713
 2714 1376 1979 2717 
1081 
 1016 1212 617 1035
 1983 2715 2716 2020 
1082 
 1212 713 1035 616
 2715 1377 2717 2021 
1083 
 621 1040 1039 1213
 2028 2718 2030 2720 
1084 
 1040 591 1213 1013
 2718 1976 2031 2721 
1085 
 1039 1213 60 674
 2029 2719 2720 1298 
1086 
 1213 1013 674 59
 2719 1977 2721 1299 
1087 
 292 809 808 1214
 1566 2722 1568 2724 
1088 
 809 621 1214 1039
 2722 2028 1569 2725 
1089 
 808 1214 61 675
 1567 2723 2724 1300 
1090 
 1214 1039 675 60
 2723 2029 2725 1301 
1091 
 132 753 751 1215
 1452 2726 1456 2728 
1092 
 753 620 1215 1037
 2726 2024 1457 2729 
1093 
 751 1215 292 809
 1453 2727 2728 1568 
1094 
 1215 1037 809 621
 2727 2025 2729 1569 
1095 
 620 1036 1037 1216
 2024 2730 2022 2732 
1096 
 1036 99 1216 712
 2730 1374 2023 2733 
1097 
 1037 1216 621 1040
 2025 2731 2732 2030 
1098 
 1216 712 1040 591
 2731 1375 2733 2031 
1099 
 620 1038 1036 1217
 2022 2734 2026 2736 
1100 
 1038 623 1217 1041
 2734 2032 2027 2737 
1101 
 1036 1217 99 713
 2023 2735 2736 1376 
1102 
 1217 1041 713 616
 2735 2033 2737 1377 
1103 
 132 752 753 1218
 1456 2738 1454 2740 
1104 
 752 563 1218 999
 2738 1948 1455 2741 
1105 
 753 1218 620 1038
 1457 2739 2740 2026 
1106 
 1218 999 1038 623
 2739 1949 2741 2027 
