65 1 3
 97 1 3
 98 1 3
 101 2 2
 104 2 2
 119 1 3
 120 2 2
 120 1 3
 121 2 2
 135 2 4
 136 3 1
 136 2 4
 137 3 1
 169 1 3
 170 1 3
 180 1 3
 181 1 3
 204 1 1
 213 2 2
 214 2 2
 218 2 4
 219 2 4
 222 2 4
 223 2 4
 238 2 4
 241 2 4
 250 2 4
 251 2 4
 301 3 1
 302 3 1
 331 2 2
 332 2 2
 339 2 4
 340 2 4
 344 2 4
 345 2 4
 367 2 2
 368 2 2
 372 3 1
 373 3 1
 388 1 1
 389 1 1
 395 1 1
 398 1 1
 425 0 4
 426 0 4
 437 0 4
 438 0 4
 451 1 3
 452 1 3
 511 3 1
 513 3 1
 515 3 1
 517 3 1
 528 0 2
 530 0 2
 540 0 2
 542 0 2
 551 1 1
 553 1 1
 555 1 1
 557 1 1
 591 3 3
 592 3 3
 595 3 3
 596 3 3
 631 1 1
 633 1 1
 641 0 4
 642 0 4
 643 1 1
 645 1 1
 645 0 4
 646 0 4
 683 3 3
 684 3 3
 687 3 3
 688 3 3
 696 0 2
 698 0 2
 703 3 3
 704 3 3
 707 3 3
 708 0 2
 708 3 3
 710 0 2
 715 3 3
 716 3 3
 719 3 3
 720 3 3
 756 0 2
 758 0 2
 760 0 2
 762 0 2
 776 0 2
 778 0 2
 780 0 2
 782 0 2
 783 3 3
 784 3 3
 787 3 3
 788 3 3
 803 1 1
 805 1 1
 819 1 3
 820 1 3
 823 1 3
 824 1 3
 836 0 2
 838 0 2
 848 0 2
 850 0 2
 869 0 4
 870 0 4
 873 0 4
 874 0 4
 899 3 1
 901 3 1
 903 3 1
 905 3 1
 915 1 1
 917 1 1
 919 1 1
 921 1 1
 975 3 1
 977 3 1
 979 3 1
 981 3 1
 995 3 3
 996 3 3
 999 3 3
 1000 3 3
 1008 0 2
 1010 0 2
 1012 0 2
 1014 0 2
 1024 0 2
 1026 0 2
 1028 0 2
 1030 0 2
 1045 0 4
 1046 0 4
 1049 0 4
 1050 0 4
 1085 0 4
 1086 0 4
 1089 0 4
 1090 0 4
 