65 1 3
 96 1 3
 97 1 3
 100 2 2
 103 2 2
 117 1 3
 118 2 2
 118 1 3
 119 2 2
 131 2 4
 132 3 1
 132 2 4
 133 3 1
 165 1 3
 166 1 3
 176 1 3
 177 1 3
 200 2 2
 201 2 2
 205 2 4
 206 2 4
 209 2 4
 210 2 4
 225 2 4
 228 2 4
 237 2 4
 238 2 4
 284 3 1
 285 3 1
 312 2 2
 313 2 2
 320 2 4
 321 2 4
 325 2 4
 326 2 4
 348 2 2
 349 2 2
 352 3 1
 366 1 1
 367 1 1
 372 1 1
 375 1 1
 408 1 3
 409 1 3
 464 1 1
 466 1 1
 540 3 3
 541 3 3
 548 1 1
 550 1 1
 564 1 3
 565 1 3
 568 1 3
 569 1 3
 608 3 1
 610 3 1
 612 3 1
 614 3 1
 624 1 1
 626 1 1
 628 1 1
 630 1 1
 672 3 1
 674 3 1
 676 3 1
 678 3 1
 692 3 3
 693 3 3
 696 3 3
 697 3 3
 732 1 1
 734 1 1
 772 1 1
 774 1 1
 812 3 1
 814 3 1
 846 0 4
 847 0 4
 850 0 4
 851 0 4
 894 0 4
 895 0 4
 898 0 4
 899 0 4
 964 3 1
 966 3 1
 972 3 1
 974 3 1
 980 3 1
 982 3 1
 988 3 1
 990 3 1
 1001 0 2
 1003 0 2
 1009 0 2
 1011 0 2
 1049 0 2
 1051 0 2
 1057 0 2
 1059 0 2
 1124 3 3
 1125 3 3
 1128 3 3
 1129 3 3
 1140 3 3
 1141 3 3
 1144 3 3
 1145 3 3
 1188 1 1
 1190 1 1
 1196 1 1
 1198 1 1
 1230 0 4
 1231 0 4
 1234 0 4
 1235 0 4
 1236 1 1
 1238 1 1
 1244 1 1
 1246 1 1
 1246 0 4
 1247 0 4
 1250 0 4
 1251 0 4
 1300 3 3
 1301 3 3
 1304 3 3
 1305 3 3
 1316 3 3
 1317 3 3
 1320 3 3
 1321 3 3
 1353 0 2
 1355 0 2
 1361 0 2
 1363 0 2
 1380 3 3
 1381 3 3
 1384 3 3
 1385 3 3
 1396 3 3
 1397 3 3
 1400 3 3
 1401 0 2
 1401 3 3
 1403 0 2
 1409 0 2
 1411 0 2
 1428 3 3
 1429 3 3
 1432 3 3
 1433 3 3
 1444 3 3
 1445 3 3
 1448 3 3
 1449 3 3
 1545 0 2
 1547 0 2
 1553 0 2
 1555 0 2
 1561 0 2
 1563 0 2
 1569 0 2
 1571 0 2
 1625 0 2
 1627 0 2
 1633 0 2
 1635 0 2
 1641 0 2
 1643 0 2
 1649 0 2
 1651 0 2
 1652 3 3
 1653 3 3
 1656 3 3
 1657 3 3
 1705 0 2
 1707 0 2
 1713 0 2
 1715 0 2
 1753 0 2
 1755 0 2
 1761 0 2
 1763 0 2
 1774 0 4
 1775 0 4
 1778 0 4
 1779 0 4
 1790 0 4
 1791 0 4
 1794 0 4
 1795 0 4
 1929 0 2
 1931 0 2
 1937 0 2
 1939 0 2
 1945 0 2
 1947 0 2
 1953 0 2
 1955 0 2
 1993 0 2
 1995 0 2
 2001 0 2
 2003 0 2
 2009 0 2
 2011 0 2
 2017 0 2
 2019 0 2
 2078 0 4
 2079 0 4
 2082 0 4
 2083 0 4
 2094 0 4
 2095 0 4
 2098 0 4
 2099 0 4
 2174 0 4
 2175 0 4
 2178 0 4
 2179 0 4
 2190 0 4
 2191 0 4
 2194 0 4
 2195 0 4
 