65 1 3
 97 1 3
 98 1 3
 101 2 2
 104 2 2
 119 1 3
 120 2 2
 120 1 3
 121 2 2
 133 2 4
 134 3 1
 134 2 4
 135 3 1
 166 1 3
 176 1 3
 177 1 3
 198 2 2
 199 2 2
 203 2 4
 204 2 4
 207 2 4
 208 2 4
 223 2 4
 226 2 4
 235 2 4
 236 2 4
 281 3 1
 282 3 1
 309 2 2
 310 2 2
 317 2 4
 318 2 4
 322 2 4
 323 2 4
 345 2 2
 346 2 2
 349 3 1
 362 1 1
 368 1 1
 371 1 1
 400 1 3
 401 1 3
 460 1 1
 462 1 1
 464 1 1
 466 1 1
 548 3 3
 549 3 3
 556 1 1
 558 1 1
 572 1 3
 573 1 3
 576 1 3
 577 1 3
 612 3 1
 614 3 1
 616 3 1
 618 3 1
 628 1 1
 630 1 1
 632 1 1
 634 1 1
 676 3 1
 678 3 1
 680 3 1
 682 3 1
 696 3 3
 697 3 3
 700 3 3
 701 3 3
 748 1 3
 749 1 3
 780 1 1
 782 1 1
 828 3 1
 830 3 1
 840 1 1
 842 1 1
 886 0 4
 887 0 4
 890 0 4
 891 0 4
 934 0 4
 935 0 4
 938 0 4
 939 0 4
 1004 3 1
 1006 3 1
 1012 3 1
 1014 3 1
 1020 3 1
 1022 3 1
 1028 3 1
 1030 3 1
 1041 0 2
 1043 0 2
 1049 0 2
 1051 0 2
 1089 0 2
 1091 0 2
 1097 0 2
 1099 0 2
 1164 3 3
 1165 3 3
 1168 3 3
 1169 3 3
 1180 3 3
 1181 3 3
 1184 3 3
 1185 3 3
 1228 1 1
 1230 1 1
 1236 1 1
 1238 1 1
 1270 0 4
 1271 0 4
 1274 0 4
 1275 0 4
 1276 1 1
 1278 1 1
 1284 1 1
 1286 1 1
 1286 0 4
 1287 0 4
 1290 0 4
 1291 0 4
 1324 3 3
 1325 3 3
 1328 3 3
 1329 3 3
 1340 3 3
 1341 3 3
 1344 3 3
 1345 3 3
 1377 0 2
 1379 0 2
 1385 0 2
 1387 0 2
 1404 3 3
 1405 3 3
 1408 3 3
 1409 3 3
 1420 3 3
 1421 3 3
 1424 3 3
 1425 0 2
 1425 3 3
 1427 0 2
 1433 0 2
 1435 0 2
 1452 3 3
 1453 3 3
 1456 3 3
 1457 3 3
 1468 3 3
 1469 3 3
 1472 3 3
 1473 3 3
 1569 0 2
 1571 0 2
 1577 0 2
 1579 0 2
 1585 0 2
 1587 0 2
 1593 0 2
 1595 0 2
 1649 0 2
 1651 0 2
 1657 0 2
 1659 0 2
 1665 0 2
 1667 0 2
 1673 0 2
 1675 0 2
 1676 3 3
 1677 3 3
 1680 3 3
 1681 3 3
 1729 0 2
 1731 0 2
 1737 0 2
 1739 0 2
 1777 0 2
 1779 0 2
 1785 0 2
 1787 0 2
 1814 0 4
 1815 0 4
 1818 0 4
 1819 0 4
 1830 0 4
 1831 0 4
 1834 0 4
 1835 0 4
 1953 0 2
 1955 0 2
 1961 0 2
 1963 0 2
 1969 0 2
 1971 0 2
 1977 0 2
 1979 0 2
 2017 0 2
 2019 0 2
 2025 0 2
 2027 0 2
 2033 0 2
 2035 0 2
 2041 0 2
 2043 0 2
 2102 0 4
 2103 0 4
 2106 0 4
 2107 0 4
 2118 0 4
 2119 0 4
 2122 0 4
 2123 0 4
 2182 0 4
 2183 0 4
 2186 0 4
 2187 0 4
 2198 0 4
 2199 0 4
 2202 0 4
 2203 0 4
 