87 1 3
 88 1 3
 89 2 2
 92 2 2
 106 1 3
 107 2 2
 107 1 3
 108 2 2
 122 2 4
 123 3 1
 123 2 4
 124 3 1
 156 1 3
 157 1 3
 167 1 3
 168 1 3
 196 2 2
 197 2 2
 201 2 4
 202 2 4
 205 2 4
 206 2 4
 220 2 4
 223 2 4
 232 2 4
 233 2 4
 282 3 1
 283 3 1
 310 2 2
 311 2 2
 318 3 1
 320 2 4
 321 2 4
 325 2 4
 326 2 4
 348 2 2
 349 2 2
 353 3 1
 354 3 1
 367 1 1
 372 1 1
 406 1 3
 407 1 3
 518 3 3
 519 3 3
 522 3 3
 523 3 3
 602 3 1
 604 3 1
 606 3 1
 608 3 1
 658 3 3
 659 3 3
 662 3 3
 663 3 3
 718 1 1
 720 1 1
 722 1 1
 724 1 1
 730 1 1
 732 1 1
 734 1 1
 736 1 1
 742 1 3
 743 1 3
 746 1 3
 747 1 3
 750 1 1
 752 1 1
 754 1 1
 756 1 1
 778 3 1
 780 3 1
 790 1 1
 792 1 1
 798 1 1
 800 1 1
 860 0 4
 861 0 4
 864 0 4
 865 0 4
 908 0 4
 909 0 4
 912 0 4
 913 0 4
 946 1 3
 947 1 3
 950 1 3
 951 1 3
 1090 3 1
 1092 3 1
 1098 3 1
 1100 3 1
 1106 3 1
 1108 3 1
 1114 3 1
 1116 3 1
 1159 0 2
 1161 0 2
 1167 0 2
 1169 0 2
 1207 0 2
 1209 0 2
 1215 0 2
 1217 0 2
 1282 3 3
 1283 3 3
 1286 3 3
 1287 3 3
 1298 3 3
 1299 3 3
 1302 3 3
 1303 3 3
 1346 1 1
 1348 1 1
 1354 1 1
 1356 1 1
 1388 0 4
 1389 0 4
 1392 0 4
 1393 0 4
 1394 1 1
 1396 1 1
 1402 1 1
 1404 1 1
 1404 0 4
 1405 0 4
 1408 0 4
 1409 0 4
 1458 3 3
 1459 3 3
 1462 3 3
 1463 3 3
 1474 3 3
 1475 3 3
 1478 3 3
 1479 3 3
 1511 0 2
 1513 0 2
 1519 0 2
 1521 0 2
 1538 3 3
 1539 3 3
 1542 3 3
 1543 3 3
 1554 3 3
 1555 3 3
 1558 3 3
 1559 0 2
 1559 3 3
 1561 0 2
 1567 0 2
 1569 0 2
 1586 3 3
 1587 3 3
 1590 3 3
 1591 3 3
 1602 3 3
 1603 3 3
 1606 3 3
 1607 3 3
 1703 0 2
 1705 0 2
 1711 0 2
 1713 0 2
 1719 0 2
 1721 0 2
 1727 0 2
 1729 0 2
 1783 0 2
 1785 0 2
 1791 0 2
 1793 0 2
 1799 0 2
 1801 0 2
 1807 0 2
 1809 0 2
 1831 0 2
 1833 0 2
 1839 0 2
 1841 0 2
 1879 0 2
 1881 0 2
 1887 0 2
 1889 0 2
 1900 0 4
 1901 0 4
 1904 0 4
 1905 0 4
 1916 0 4
 1917 0 4
 1920 0 4
 1921 0 4
 2007 0 2
 2009 0 2
 2015 0 2
 2017 0 2
 2023 0 2
 2025 0 2
 2031 0 2
 2033 0 2
 2071 0 2
 2073 0 2
 2079 0 2
 2081 0 2
 2087 0 2
 2089 0 2
 2095 0 2
 2097 0 2
 2156 0 4
 2157 0 4
 2160 0 4
 2161 0 4
 2172 0 4
 2173 0 4
 2176 0 4
 2177 0 4
 2252 0 4
 2253 0 4
 2256 0 4
 2257 0 4
 2268 0 4
 2269 0 4
 2272 0 4
 2273 0 4
 