91 1 3
 92 1 3
 93 2 2
 96 2 2
 99 1 1
 100 1 1
 117 1 3
 118 2 2
 118 1 3
 119 2 2
 133 2 4
 134 3 1
 134 2 4
 135 3 1
 169 1 3
 170 1 3
 178 1 3
 179 1 3
 202 1 1
 203 1 1
 209 1 3
 210 1 3
 214 2 2
 215 2 2
 219 2 4
 220 2 4
 223 2 4
 224 2 4
 241 3 1
 242 3 1
 243 2 4
 246 2 4
 255 2 4
 256 2 4
 265 1 1
 266 1 1
 319 3 1
 320 3 1
 347 2 2
 348 2 2
 353 3 1
 354 3 1
 358 3 3
 359 3 3
 361 2 4
 362 2 4
 366 2 4
 367 2 4
 386 2 2
 387 2 2
 391 3 1
 392 3 1
 435 0 4
 436 0 4
 447 0 4
 448 0 4
 469 1 3
 470 1 3
 473 1 3
 474 1 3
 537 3 1
 539 3 1
 541 3 1
 543 3 1
 562 0 2
 564 0 2
 574 0 2
 576 0 2
 601 3 3
 602 3 3
 605 3 3
 606 3 3
 641 1 1
 643 1 1
 651 0 4
 652 0 4
 653 1 1
 655 1 1
 655 0 4
 656 0 4
 693 3 3
 694 3 3
 697 3 3
 698 3 3
 706 0 2
 708 0 2
 713 3 3
 714 3 3
 717 3 3
 718 0 2
 718 3 3
 720 0 2
 725 3 3
 726 3 3
 729 3 3
 730 3 3
 762 0 2
 764 0 2
 766 0 2
 768 0 2
 782 0 2
 784 0 2
 786 0 2
 788 0 2
 789 3 3
 790 3 3
 793 3 3
 794 3 3
 818 0 2
 820 0 2
 830 0 2
 832 0 2
 859 0 4
 860 0 4
 863 0 4
 864 0 4
 934 0 2
 936 0 2
 938 0 2
 940 0 2
 950 0 2
 952 0 2
 954 0 2
 956 0 2
 971 0 4
 972 0 4
 975 0 4
 976 0 4
 1049 1 1
 1051 1 1
 1053 1 1
 1055 1 1
 1059 0 4
 1060 0 4
 1063 0 4
 1064 0 4
 1089 1 1
 1091 1 1
 1101 1 1
 1103 1 1
 