81 1 3
 82 1 3
 83 2 2
 86 2 2
 97 1 3
 98 2 2
 98 1 3
 99 2 2
 102 2 4
 103 3 1
 103 2 4
 104 3 1
 123 1 3
 130 1 3
 131 1 3
 146 2 2
 147 2 2
 148 2 4
 149 2 4
 152 2 4
 153 2 4
 164 2 4
 167 2 4
 176 2 4
 177 2 4
 218 3 1
 219 3 1
 241 2 2
 242 2 2
 248 2 4
 249 2 4
 253 2 4
 254 2 4
 268 2 2
 269 2 2
 310 1 3
 311 1 3
 450 1 1
 452 1 1
 502 3 1
 504 3 1
 518 3 1
 520 3 1
 586 1 1
 588 1 1
 674 1 1
 676 1 1
 714 1 3
 715 1 3
 850 1 3
 851 1 3
 986 3 1
 988 3 1
 1010 1 1
 1012 1 1
 1014 1 1
 1016 1 1
 1026 1 1
 1028 1 1
 1198 3 3
 1199 3 3
 1202 3 3
 1203 3 3
 1206 3 3
 1207 3 3
 1210 3 3
 1211 3 3
 1246 1 1
 1248 1 1
 1378 3 3
 1379 3 3
 1382 3 3
 1383 3 3
 1571 0 2
 1573 0 2
 1575 0 2
 1577 0 2
 1579 0 2
 1581 0 2
 1583 0 2
 1585 0 2
 1684 0 4
 1685 0 4
 1688 0 4
 1689 0 4
 1700 0 4
 1701 0 4
 1704 0 4
 1705 0 4
 1708 0 4
 1709 0 4
 1712 0 4
 1713 0 4
 1716 0 4
 1717 0 4
 1750 1 1
 1752 1 1
 1758 1 1
 1760 1 1
 1766 1 1
 1768 1 1
 1774 1 1
 1776 1 1
 1846 3 3
 1847 3 3
 1850 3 3
 1851 3 3
 1862 1 3
 1863 1 3
 1866 1 3
 1867 1 3
 1878 1 3
 1879 1 3
 1882 1 3
 1883 1 3
 1942 3 1
 1944 3 1
 1950 3 1
 1952 3 1
 1958 3 1
 1960 3 1
 1966 3 1
 1968 3 1
 2006 1 1
 2008 1 1
 2014 1 1
 2016 1 1
 2022 1 1
 2024 1 1
 2030 1 1
 2032 1 1
 2038 3 1
 2040 3 1
 2046 3 1
 2048 3 1
 2070 3 3
 2071 3 3
 2074 3 3
 2075 3 3
 2086 3 3
 2087 3 3
 2090 3 3
 2091 3 3
 2144 0 4
 2145 0 4
 2148 0 4
 2149 0 4
 2160 0 4
 2161 0 4
 2164 0 4
 2165 0 4
 2272 0 4
 2273 0 4
 2276 0 4
 2277 0 4
 2288 0 4
 2289 0 4
 2292 0 4
 2293 0 4
 2326 3 1
 2328 3 1
 2334 3 1
 2336 3 1
 2358 3 1
 2360 3 1
 2366 3 1
 2368 3 1
 2390 3 1
 2392 3 1
 2398 3 1
 2400 3 1
 2422 3 1
 2424 3 1
 2430 3 1
 2432 3 1
 2475 0 2
 2477 0 2
 2483 0 2
 2485 0 2
 2507 0 2
 2509 0 2
 2515 0 2
 2517 0 2
 2539 0 2
 2541 0 2
 2547 0 2
 2549 0 2
 2571 0 2
 2573 0 2
 2579 0 2
 2581 0 2
 2774 1 1
 2776 1 1
 2782 1 1
 2784 1 1
 2864 0 4
 2865 0 4
 2868 0 4
 2869 0 4
 2880 0 4
 2881 0 4
 2884 0 4
 2885 0 4
 2886 1 1
 2888 1 1
 2894 1 1
 2896 1 1
 2918 1 1
 2920 1 1
 2926 1 1
 2928 1 1
 2928 0 4
 2929 0 4
 2932 0 4
 2933 0 4
 2944 0 4
 2945 0 4
 2948 0 4
 2949 0 4
 2998 3 3
 2999 3 3
 3002 3 3
 3003 3 3
 3014 3 3
 3015 3 3
 3018 3 3
 3019 3 3
 3062 3 3
 3063 3 3
 3066 3 3
 3067 3 3
 3078 3 3
 3079 3 3
 3082 3 3
 3083 3 3
 3179 0 2
 3181 0 2
 3187 0 2
 3189 0 2
 3211 0 2
 3213 0 2
 3219 0 2
 3221 0 2
 3270 3 3
 3271 3 3
 3274 3 3
 3275 3 3
 3286 3 3
 3287 3 3
 3290 3 3
 3291 3 3
 3334 3 3
 3335 3 3
 3338 3 3
 3339 3 3
 3350 3 3
 3351 3 3
 3354 3 3
 3355 0 2
 3355 3 3
 3357 0 2
 3363 0 2
 3365 0 2
 3387 0 2
 3389 0 2
 3395 0 2
 3397 0 2
 3430 3 3
 3431 3 3
 3434 3 3
 3435 3 3
 3446 3 3
 3447 3 3
 3450 3 3
 3451 3 3
 3494 3 3
 3495 3 3
 3498 3 3
 3499 3 3
 3510 3 3
 3511 3 3
 3514 3 3
 3515 3 3
 3643 0 2
 3645 0 2
 3651 0 2
 3653 0 2
 3675 0 2
 3677 0 2
 3683 0 2
 3685 0 2
 3707 0 2
 3709 0 2
 3715 0 2
 3717 0 2
 3739 0 2
 3741 0 2
 3747 0 2
 3749 0 2
 3867 0 2
 3869 0 2
 3875 0 2
 3877 0 2
 3899 0 2
 3901 0 2
 3907 0 2
 3909 0 2
 3931 0 2
 3933 0 2
 3939 0 2
 3941 0 2
 3963 0 2
 3965 0 2
 3971 0 2
 3973 0 2
 4059 0 2
 4061 0 2
 4067 0 2
 4069 0 2
 4091 0 2
 4093 0 2
 4099 0 2
 4101 0 2
 4187 0 2
 4189 0 2
 4195 0 2
 4197 0 2
 4219 0 2
 4221 0 2
 4227 0 2
 4229 0 2
 4272 0 4
 4273 0 4
 4276 0 4
 4277 0 4
 4288 0 4
 4289 0 4
 4292 0 4
 4293 0 4
 4336 0 4
 4337 0 4
 4340 0 4
 4341 0 4
 4352 0 4
 4353 0 4
 4356 0 4
 4357 0 4
 4523 0 2
 4525 0 2
 4531 0 2
 4533 0 2
 4539 0 2
 4541 0 2
 4547 0 2
 4549 0 2
 4555 0 2
 4557 0 2
 4563 0 2
 4565 0 2
 4571 0 2
 4573 0 2
 4579 0 2
 4581 0 2
 4656 0 4
 4657 0 4
 4660 0 4
 4661 0 4
 