65 1 3
 97 1 3
 98 1 3
 101 2 2
 104 2 2
 119 1 3
 120 2 2
 120 1 3
 121 2 2
 135 2 4
 136 3 1
 136 2 4
 137 3 1
 169 1 3
 170 1 3
 180 1 3
 181 1 3
 201 1 1
 211 2 2
 212 2 2
 216 2 4
 217 2 4
 220 2 4
 221 2 4
 236 2 4
 239 2 4
 248 2 4
 249 2 4
 302 3 1
 303 3 1
 332 2 2
 333 2 2
 340 2 4
 341 2 4
 345 2 4
 346 2 4
 368 2 2
 369 2 2
 372 3 1
 388 1 1
 389 1 1
 396 1 1
 399 1 1
 426 0 4
 427 0 4
 438 0 4
 439 0 4
 452 1 3
 453 1 3
 512 3 1
 514 3 1
 516 3 1
 518 3 1
 529 0 2
 531 0 2
 541 0 2
 543 0 2
 552 1 1
 554 1 1
 556 1 1
 558 1 1
 592 3 3
 593 3 3
 596 3 3
 597 3 3
 632 1 1
 634 1 1
 642 0 4
 643 0 4
 644 1 1
 646 1 1
 646 0 4
 647 0 4
 684 3 3
 685 3 3
 688 3 3
 689 3 3
 697 0 2
 699 0 2
 704 3 3
 705 3 3
 708 3 3
 709 0 2
 709 3 3
 711 0 2
 716 3 3
 717 3 3
 720 3 3
 721 3 3
 765 0 2
 767 0 2
 769 0 2
 771 0 2
 785 0 2
 787 0 2
 789 0 2
 791 0 2
 792 3 3
 793 3 3
 796 3 3
 797 3 3
 816 1 1
 818 1 1
 828 1 3
 829 1 3
 832 1 3
 833 1 3
 845 0 2
 847 0 2
 857 0 2
 859 0 2
 878 0 4
 879 0 4
 882 0 4
 883 0 4
 908 3 1
 910 3 1
 912 3 1
 914 3 1
 924 1 1
 926 1 1
 928 1 1
 930 1 1
 972 3 1
 974 3 1
 976 3 1
 978 3 1
 992 3 3
 993 3 3
 996 3 3
 997 3 3
 1005 0 2
 1007 0 2
 1009 0 2
 1011 0 2
 1020 3 1
 1022 3 1
 1029 0 2
 1031 0 2
 1033 0 2
 1035 0 2
 1050 0 4
 1051 0 4
 1054 0 4
 1055 0 4
 1086 0 4
 1087 0 4
 1090 0 4
 1091 0 4
 