1642 0 1
 1643 0 1
 1647 0 3
 1648 0 3
 1650 0 3
 1651 0 3
 1654 0 1
 1655 0 1
 1686 0 3
 1687 0 3
 1690 0 3
 1691 0 3
 1727 2 3
 1736 0 1
 1737 0 1
 1803 2 1
 1804 2 1
 1835 0 3
 1839 0 3
 1840 0 3
 1870 2 3
 1871 2 3
 1902 2 3
 1903 2 3
 1907 2 3
 1908 2 3
 2020 0 3
 2021 0 3
 2055 2 1
 2056 2 1
 2059 2 3
 2060 2 3
 2229 2 3
 2230 2 3
 2257 2 1
 2258 2 1
 2287 2 3
 2288 2 3
 2291 2 3
 2292 2 3
 2296 2 1
 2297 2 1
 2320 2 1
 2321 2 1
 2325 2 1
 2326 2 1
 4302 2 3
 4303 2 3
 4310 2 1
 4312 2 1
 4322 1 3
 4323 1 3
 4326 1 3
 4327 1 3
 4330 1 1
 4332 1 1
 4334 1 1
 4336 1 1
 4342 1 3
 4343 1 3
 4346 1 3
 4347 1 3
 4350 1 1
 4352 1 1
 4354 1 3
 4355 1 3
 4358 1 3
 4359 1 3
 4362 2 1
 4364 2 1
 4374 1 1
 4376 1 1
 4378 1 1
 4380 1 1
 4386 1 3
 4387 1 3
 4390 1 3
 4391 1 3
 4482 1 3
 4483 1 3
 4486 1 3
 4487 1 3
 4530 0 3
 4531 0 3
 4534 0 3
 4535 0 3
 4550 1 1
 4552 1 1
 4554 1 1
 4556 1 1
 4670 0 3
 4671 0 3
 4674 0 3
 4675 0 3
 4690 1 1
 4692 1 1
 4694 1 1
 4696 1 1
 4750 0 3
 4751 0 3
 4754 0 3
 4755 0 3
 4762 1 3
 4763 1 3
 4766 1 3
 4767 1 3
 4786 1 1
 4788 1 1
 4790 1 1
 4792 1 1
 4806 0 3
 4807 0 3
 4810 0 3
 4811 0 3
 4826 1 3
 4827 1 3
 4830 1 3
 4831 1 3
 4838 0 3
 4839 0 3
 4842 0 3
 4843 0 3
 4886 1 3
 4887 1 3
 4890 1 3
 4891 1 3
 4970 1 1
 4972 1 1
 4974 1 1
 4976 1 1
 5002 1 3
 5003 1 3
 5006 1 3
 5007 1 3
 5010 1 3
 5011 1 3
 5014 1 3
 5015 1 3
 5038 1 1
 5040 1 1
 5042 1 1
 5044 1 1
 5086 1 3
 5087 1 3
 5090 1 3
 5091 1 3
 5344 3 4
 5345 3 4
 5460 3 4
 5461 3 4
 7386 0 3
 7387 0 3
 7458 1 1
 7458 2 3
 7459 2 3
 7460 1 1
 7462 2 3
 7463 2 3
 7614 2 1
 7616 2 1
 7618 2 1
 7618 1 3
 7619 1 3
 7620 2 1
 7658 0 1
 7660 0 1
 7662 0 1
 7664 0 1
 9027 3 2
 9029 3 2
 9035 3 2
 9037 3 2
 9043 3 2
 9045 3 2
 9051 3 2
 9053 3 2
 9128 3 4
 9129 3 4
 9132 3 4
 9133 3 4
 9144 3 4
 9145 3 4
 9148 3 4
 9149 3 4
 9576 3 4
 9577 3 4
 9580 3 4
 9581 3 4
 9592 3 4
 9593 3 4
 9596 3 4
 9597 3 4
 9891 3 2
 9893 3 2
 9899 3 2
 9901 3 2
 9907 3 2
 9909 3 2
 9915 3 2
 9917 3 2
 10200 3 4
 10201 3 4
 10204 3 4
 10205 3 4
 10216 3 4
 10217 3 4
 10220 3 4
 10221 3 4
 10488 3 4
 10489 3 4
 10492 3 4
 10493 3 4
 10536 3 4
 10537 3 4
 10540 3 4
 10541 3 4
 10686 1 3
 10687 1 3
 10690 1 3
 10691 1 3
 10702 1 3
 10703 1 3
 10706 1 3
 10707 1 3
 10824 3 4
 10825 3 4
 10828 3 4
 10829 3 4
 10840 3 4
 10841 3 4
 10844 3 4
 10845 3 4
 10878 1 1
 10880 1 1
 10886 1 1
 10888 1 1
 10894 1 1
 10896 1 1
 10902 1 1
 10904 1 1
 10910 1 1
 10912 1 1
 10918 1 1
 10920 1 1
 10926 1 1
 10928 1 1
 10934 1 1
 10936 1 1
 10958 2 3
 10959 2 3
 10962 2 3
 10963 2 3
 10974 2 3
 10975 2 3
 10978 2 3
 10979 2 3
 11006 2 1
 11008 2 1
 11014 2 1
 11016 2 1
 11054 1 1
 11056 1 1
 11062 1 1
 11064 1 1
 11070 1 1
 11072 1 1
 11078 1 1
 11080 1 1
 11102 1 1
 11104 1 1
 11110 1 1
 11112 1 1
 11118 1 1
 11120 1 1
 11126 1 1
 11128 1 1
 11134 1 1
 11136 1 1
 11142 1 1
 11144 1 1
 11150 1 1
 11152 1 1
 11158 1 1
 11160 1 1
 11166 1 3
 11167 1 3
 11170 1 3
 11171 1 3
 11182 1 3
 11183 1 3
 11186 1 3
 11187 1 3
 11214 1 1
 11216 1 1
 11222 1 1
 11224 1 1
 11230 1 1
 11232 1 1
 11238 1 1
 11240 1 1
 11262 1 1
 11264 1 1
 11270 1 1
 11272 1 1
 11278 1 3
 11279 1 3
 11282 1 3
 11283 1 3
 11294 1 3
 11295 1 3
 11298 1 3
 11299 1 3
 11326 2 1
 11328 2 1
 11334 2 1
 11336 2 1
 11358 2 3
 11359 2 3
 11362 2 3
 11363 2 3
 11374 2 3
 11375 2 3
 11378 2 3
 11379 2 3
 11406 1 1
 11408 1 1
 11414 1 1
 11416 1 1
 11422 1 1
 11424 1 1
 11430 1 1
 11432 1 1
 11438 1 1
 11440 1 1
 11446 1 1
 11448 1 1
 11454 1 1
 11456 1 1
 11462 1 1
 11464 1 1
 11470 1 1
 11472 1 1
 11478 1 1
 11480 1 1
 11486 1 1
 11488 1 1
 11494 1 1
 11496 1 1
 11518 1 1
 11520 1 1
 11526 1 1
 11528 1 1
 11534 1 1
 11536 1 1
 11542 1 1
 11544 1 1
 11566 1 1
 11568 1 1
 11574 1 1
 11576 1 1
 11582 1 1
 11584 1 1
 11590 1 1
 11592 1 1
 11598 1 3
 11599 1 3
 11602 1 3
 11603 1 3
 11614 1 3
 11615 1 3
 11618 1 3
 11619 1 3
 11630 1 1
 11632 1 1
 11638 1 1
 11640 1 1
 11646 1 1
 11648 1 1
 11654 1 1
 11656 1 1
 11822 1 1
 11824 1 1
 11830 1 1
 11832 1 1
 11966 1 3
 11967 1 3
 11970 1 3
 11971 1 3
 11982 1 3
 11983 1 3
 11986 1 3
 11987 1 3
 12035 3 2
 12037 3 2
 12043 3 2
 12045 3 2
 12051 3 2
 12053 3 2
 12059 3 2
 12061 3 2
 12318 1 3
 12319 1 3
 12322 1 3
 12323 1 3
 12334 1 3
 12335 1 3
 12338 1 3
 12339 1 3
 12350 1 1
 12352 1 1
 12358 1 1
 12360 1 1
 12366 1 1
 12368 1 1
 12374 1 1
 12376 1 1
 12542 0 1
 12544 0 1
 12550 0 1
 12552 0 1
 12558 0 1
 12558 1 3
 12559 1 3
 12560 0 1
 12562 1 3
 12563 1 3
 12566 0 1
 12568 0 1
 12574 1 3
 12575 1 3
 12578 1 3
 12579 1 3
 12638 1 3
 12639 1 3
 12642 1 3
 12643 1 3
 12718 0 3
 12719 0 3
 12722 0 3
 12723 0 3
 12750 1 1
 12752 1 1
 12758 1 1
 12760 1 1
 12766 1 1
 12766 0 3
 12767 0 3
 12768 1 1
 12770 0 3
 12771 0 3
 12774 1 1
 12776 1 1
 12782 1 1
 12784 1 1
 12790 1 1
 12792 1 1
 12798 1 1
 12800 1 1
 12806 1 1
 12808 1 1
 12910 1 1
 12912 1 1
 12918 1 1
 12920 1 1
 12926 1 1
 12928 1 1
 12934 1 1
 12936 1 1
 12942 1 3
 12943 1 3
 12946 1 3
 12947 1 3
 12958 1 3
 12959 1 3
 12962 1 3
 12963 1 3
 13022 0 3
 13023 0 3
 13026 0 3
 13027 0 3
 13038 0 3
 13039 0 3
 13042 0 3
 13043 0 3
 13102 0 1
 13104 0 1
 13110 0 1
 13112 0 1
 13118 0 1
 13120 0 1
 13126 0 1
 13128 0 1
 13166 1 3
 13167 1 3
 13170 1 3
 13171 1 3
 13182 1 3
 13183 1 3
 13186 1 3
 13187 1 3
 13262 1 1
 13264 1 1
 13270 1 1
 13272 1 1
 13278 1 1
 13280 1 1
 13286 1 1
 13288 1 1
 13384 3 4
 13385 3 4
 13388 3 4
 13389 3 4
 13400 3 4
 13401 3 4
 13404 3 4
 13405 3 4
 13422 1 3
 13423 1 3
 13426 1 3
 13427 1 3
 13438 1 3
 13439 1 3
 13442 1 3
 13443 1 3
 13496 3 4
 13497 3 4
 13500 3 4
 13501 3 4
 13512 3 4
 13513 3 4
 13516 3 4
 13517 3 4
 13528 3 4
 13529 3 4
 13532 3 4
 13533 3 4
 13544 3 4
 13545 3 4
 13548 3 4
 13549 3 4
 13630 1 1
 13632 1 1
 13638 1 1
 13640 1 1
 13678 1 1
 13680 1 1
 13686 1 1
 13688 1 1
 13710 1 3
 13711 1 3
 13714 1 3
 13715 1 3
 13726 1 3
 13727 1 3
 13730 1 3
 13731 1 3
 13918 1 1
 13920 1 1
 13926 1 1
 13928 1 1
 13934 1 1
 13936 1 1
 13942 1 1
 13944 1 1
 13998 1 1
 14000 1 1
 14006 1 1
 14008 1 1
 14014 1 1
 14016 1 1
 14022 1 1
 14024 1 1
 14371 3 2
 14373 3 2
 14379 3 2
 14381 3 2
 14419 3 2
 14421 3 2
 14427 3 2
 14429 3 2
 14563 3 2
 14565 3 2
 14571 3 2
 14573 3 2
 14579 3 2
 14581 3 2
 14587 3 2
 14589 3 2
 15011 3 2
 15013 3 2
 15019 3 2
 15021 3 2
 15027 3 2
 15029 3 2
 15035 3 2
 15037 3 2
 15203 3 2
 15205 3 2
 15211 3 2
 15213 3 2
 15219 3 2
 15221 3 2
 15227 3 2
 15229 3 2
 15704 3 4
 15705 3 4
 15708 3 4
 15709 3 4
 15720 3 4
 15721 3 4
 15724 3 4
 15725 3 4
 15736 3 4
 15737 3 4
 15740 3 4
 15741 3 4
 15784 3 4
 15785 3 4
 15788 3 4
 15789 3 4
 15816 3 4
 15817 3 4
 15820 3 4
 15821 3 4
 15832 3 4
 15833 3 4
 15836 3 4
 15837 3 4
 15928 3 4
 15929 3 4
 15932 3 4
 15933 3 4
 15944 3 4
 15945 3 4
 15948 3 4
 15949 3 4
 16051 3 2
 16053 3 2
 16059 3 2
 16061 3 2
 16067 3 2
 16069 3 2
 16075 3 2
 16077 3 2
 16120 3 4
 16121 3 4
 16124 3 4
 16125 3 4
 16259 3 2
 16261 3 2
 16267 3 2
 16269 3 2
 16275 3 2
 16277 3 2
 16283 3 2
 16285 3 2
 16403 3 2
 16405 3 2
 16411 3 2
 16413 3 2
 16419 3 2
 16421 3 2
 16427 3 2
 16429 3 2
 16499 3 2
 16501 3 2
 16507 3 2
 16509 3 2
 16515 3 2
 16517 3 2
 16523 3 2
 16525 3 2
 16552 3 4
 16553 3 4
 16556 3 4
 16557 3 4
 16568 3 4
 16569 3 4
 16572 3 4
 16573 3 4
 16696 3 4
 16697 3 4
 16700 3 4
 16701 3 4
 16712 3 4
 16713 3 4
 16716 3 4
 16717 3 4
 16744 3 4
 16745 3 4
 16748 3 4
 16749 3 4
 16760 3 4
 16761 3 4
 16764 3 4
 16765 3 4
 16824 3 4
 16825 3 4
 16828 3 4
 16829 3 4
 16840 3 4
 16841 3 4
 16844 3 4
 16845 3 4
 16883 3 2
 16885 3 2
 16891 3 2
 16893 3 2
 16899 3 2
 16901 3 2
 16907 3 2
 16909 3 2
 16968 3 4
 16969 3 4
 16972 3 4
 16973 3 4
 16979 3 2
 16981 3 2
 16987 3 2
 16989 3 2
 16995 3 2
 16997 3 2
 17003 3 2
 17005 3 2
 17032 3 4
 17033 3 4
 17036 3 4
 17037 3 4
 17048 3 4
 17049 3 4
 17052 3 4
 17053 3 4
 17075 3 2
 17077 3 2
 17083 3 2
 17085 3 2
 17091 3 2
 17093 3 2
 17099 3 2
 17101 3 2
 17251 3 2
 17253 3 2
 17259 3 2
 17261 3 2
 17267 3 2
 17269 3 2
 17275 3 2
 17277 3 2
 17331 3 2
 17333 3 2
 17339 3 2
 17341 3 2
 17347 3 2
 17349 3 2
 17355 3 2
 17357 3 2
 17576 3 4
 17577 3 4
 17580 3 4
 17581 3 4
 17592 3 4
 17593 3 4
 17596 3 4
 17597 3 4
 17683 3 2
 17685 3 2
 17691 3 2
 17693 3 2
 17699 3 2
 17701 3 2
 17707 3 2
 17709 3 2
 17923 3 2
 17925 3 2
 17931 3 2
 17933 3 2
 17939 3 2
 17941 3 2
 17947 3 2
 17949 3 2
 18200 3 4
 18201 3 4
 18204 3 4
 18205 3 4
 18216 3 4
 18217 3 4
 18220 3 4
 18221 3 4
 18360 3 4
 18361 3 4
 18364 3 4
 18365 3 4
 18376 3 4
 18377 3 4
 18380 3 4
 18381 3 4
 18419 3 2
 18421 3 2
 18427 3 2
 18429 3 2
 18435 3 2
 18437 3 2
 18443 3 2
 18445 3 2
 18691 3 2
 18693 3 2
 18699 3 2
 18701 3 2
 18707 3 2
 18709 3 2
 18715 3 2
 18717 3 2
 19059 3 2
 19061 3 2
 19067 3 2
 19069 3 2
 19075 3 2
 19077 3 2
 19083 3 2
 19085 3 2
 19416 3 4
 19417 3 4
 19420 3 4
 19421 3 4
 19432 3 4
 19433 3 4
 19436 3 4
 19437 3 4
 19443 3 2
 19445 3 2
 19451 3 2
 19453 3 2
 19459 3 2
 19461 3 2
 19467 3 2
 19469 3 2
 19608 3 4
 19609 3 4
 19612 3 4
 19613 3 4
 19624 3 4
 19625 3 4
 19628 3 4
 19629 3 4
 19800 3 4
 19801 3 4
 19804 3 4
 19805 3 4
 19848 3 4
 19849 3 4
 19852 3 4
 19853 3 4
 20056 3 4
 20057 3 4
 20060 3 4
 20061 3 4
 20104 3 4
 20105 3 4
 20108 3 4
 20109 3 4
 20184 3 4
 20185 3 4
 20188 3 4
 20189 3 4
 20232 3 4
 20233 3 4
 20236 3 4
 20237 3 4
 20344 3 4
 20345 3 4
 20348 3 4
 20349 3 4
 20360 3 4
 20361 3 4
 20364 3 4
 20365 3 4
 20387 3 2
 20389 3 2
 20395 3 2
 20397 3 2
 20435 3 2
 20437 3 2
 20443 3 2
 20445 3 2
 21363 3 2
 21365 3 2
 21371 3 2
 21373 3 2
 21411 3 2
 21413 3 2
 21419 3 2
 21421 3 2
 21955 3 2
 21957 3 2
 21963 3 2
 21965 3 2
 21971 3 2
 21973 3 2
 21979 3 2
 21981 3 2
 22264 3 4
 22265 3 4
 22268 3 4
 22269 3 4
 22280 3 4
 22281 3 4
 22284 3 4
 22285 3 4
 