952 0 3
 953 0 3
 956 0 1
 957 0 1
 978 0 3
 979 0 3
 982 0 3
 983 0 3
 1005 2 3
 1009 0 1
 1010 0 1
 1037 2 1
 1038 2 1
 1056 0 3
 1071 2 3
 1072 2 3
 1093 2 3
 1094 2 3
 1098 2 3
 1099 2 3
 1214 2 1
 1215 2 1
 1218 2 3
 1219 2 3
 1313 2 3
 1314 2 3
 1332 2 1
 1333 2 1
 1346 2 3
 1347 2 3
 1350 2 1
 1364 2 1
 1365 2 1
 1369 2 1
 1370 2 1
 2576 2 3
 2577 2 3
 2584 2 1
 2586 2 1
 2596 2 1
 2598 2 1
 2684 0 3
 2685 0 3
 2688 0 3
 2689 0 3
 2776 0 3
 2777 0 3
 2828 0 3
 2829 0 3
 2832 0 3
 2833 0 3
 4428 0 3
 4429 0 3
 4492 2 3
 4493 2 3
 4596 2 1
 4598 2 1
 4620 0 1
 4622 0 1
 4624 0 1
 4626 0 1
 7984 0 1
 7986 0 1
 7988 0 1
 7990 0 1
 8004 0 3
 8005 0 3
 8008 0 3
 8009 0 3
 8340 0 3
 8341 0 3
 8352 0 3
 8353 0 3
 8568 0 3
 8569 0 3
 8572 0 3
 8573 0 3
 8988 2 3
 8989 2 3
 8992 2 3
 8993 2 3
 9004 2 1
 9006 2 1
 11366 3 4
 11367 3 4
 11370 3 4
 11371 3 4
 11382 3 4
 11383 3 4
 11386 3 4
 11387 3 4
 11662 3 4
 11663 3 4
 11666 3 4
 11667 3 4
 11678 3 4
 11679 3 4
 11682 3 4
 11683 3 4
 12112 2 1
 12114 2 1
 12144 1 1
 12146 1 1
 12156 1 1
 12158 1 1
 12164 1 1
 12166 1 1
 12184 1 1
 12186 1 1
 12196 1 1
 12198 1 1
 12204 1 1
 12206 1 1
 12212 1 1
 12214 1 1
 12220 1 1
 12222 1 1
 12228 1 1
 12230 1 1
 12236 1 1
 12238 1 1
 12244 1 3
 12245 1 3
 12248 1 3
 12249 1 3
 12260 1 3
 12261 1 3
 12264 1 3
 12265 1 3
 12324 1 1
 12326 1 1
 12332 1 3
 12333 1 3
 12336 1 3
 12337 1 3
 12348 1 3
 12349 1 3
 12352 1 3
 12353 1 3
 12372 2 1
 12374 2 1
 12380 1 1
 12382 1 1
 12388 1 1
 12390 1 1
 12396 1 1
 12398 1 1
 12404 1 1
 12406 1 1
 12412 1 1
 12414 1 1
 12420 1 1
 12422 1 1
 12428 1 1
 12430 1 1
 12436 1 1
 12438 1 1
 12444 1 1
 12446 1 1
 12452 1 1
 12454 1 1
 12460 1 1
 12462 1 1
 12468 1 1
 12470 1 1
 12488 1 1
 12490 1 1
 12496 1 1
 12498 1 1
 12504 1 1
 12506 1 1
 12524 1 1
 12526 1 1
 12532 1 1
 12534 1 1
 12540 1 1
 12542 1 1
 12548 1 1
 12550 1 1
 12572 1 1
 12574 1 1
 12580 1 1
 12582 1 1
 12588 1 1
 12590 1 1
 12596 1 1
 12598 1 1
 12704 1 1
 12706 1 1
 12824 1 3
 12825 1 3
 12828 1 3
 12829 1 3
 12885 3 2
 12887 3 2
 12893 3 2
 12895 3 2
 12901 3 2
 12903 3 2
 12909 3 2
 12911 3 2
 13268 1 3
 13269 1 3
 13488 0 3
 13489 0 3
 13492 0 3
 13493 0 3
 13504 0 3
 13505 0 3
 13508 0 3
 13509 0 3
 13552 0 1
 13554 0 1
 13560 0 1
 13562 0 1
 13568 0 1
 13570 0 1
 13576 0 1
 13578 0 1
 13762 3 4
 13763 3 4
 13782 3 4
 13783 3 4
 13786 3 4
 13787 3 4
 13794 3 4
 13795 3 4
 13798 3 4
 13799 3 4
 13810 3 4
 13811 3 4
 13814 3 4
 13815 3 4
 13826 3 4
 13827 3 4
 13830 3 4
 13831 3 4
 14333 3 2
 14335 3 2
 14341 3 2
 14343 3 2
 14365 3 2
 14367 3 2
 14373 3 2
 14375 3 2
 14509 3 2
 14511 3 2
 14517 3 2
 14519 3 2
 14525 3 2
 14527 3 2
 14533 3 2
 14535 3 2
 14901 3 2
 14903 3 2
 14909 3 2
 14911 3 2
 14917 3 2
 14919 3 2
 14925 3 2
 14927 3 2
 15061 3 2
 15063 3 2
 15069 3 2
 15071 3 2
 15077 3 2
 15079 3 2
 15085 3 2
 15087 3 2
 15438 3 4
 15439 3 4
 15442 3 4
 15443 3 4
 15454 3 4
 15455 3 4
 15458 3 4
 15459 3 4
 15470 3 4
 15471 3 4
 15474 3 4
 15475 3 4
 15518 3 4
 15519 3 4
 15522 3 4
 15523 3 4
 15550 3 4
 15551 3 4
 15554 3 4
 15555 3 4
 15566 3 4
 15567 3 4
 15570 3 4
 15571 3 4
 15662 3 4
 15663 3 4
 15666 3 4
 15667 3 4
 15678 3 4
 15679 3 4
 15682 3 4
 15683 3 4
 15737 3 2
 15739 3 2
 15745 3 2
 15747 3 2
 15753 3 2
 15755 3 2
 15761 3 2
 15763 3 2
 15806 3 4
 15807 3 4
 15810 3 4
 15811 3 4
 15961 3 2
 15963 3 2
 15969 3 2
 15971 3 2
 15977 3 2
 15979 3 2
 15985 3 2
 15987 3 2
 16033 3 2
 16035 3 2
 16041 3 2
 16043 3 2
 16049 3 2
 16051 3 2
 16057 3 2
 16059 3 2
 16086 3 4
 16087 3 4
 16090 3 4
 16091 3 4
 16102 3 4
 16103 3 4
 16106 3 4
 16107 3 4
 16182 3 4
 16183 3 4
 16186 3 4
 16187 3 4
 16198 3 4
 16199 3 4
 16202 3 4
 16203 3 4
 16226 3 4
 16227 3 4
 16230 3 4
 16231 3 4
 16242 3 4
 16243 3 4
 16246 3 4
 16247 3 4
 16298 3 4
 16299 3 4
 16302 3 4
 16303 3 4
 16314 3 4
 16315 3 4
 16318 3 4
 16319 3 4
 16378 3 4
 16379 3 4
 16382 3 4
 16383 3 4
 16389 3 2
 16391 3 2
 16397 3 2
 16399 3 2
 16405 3 2
 16407 3 2
 16413 3 2
 16415 3 2
 16442 3 4
 16443 3 4
 16446 3 4
 16447 3 4
 16458 3 4
 16459 3 4
 16462 3 4
 16463 3 4
 16485 3 2
 16487 3 2
 16493 3 2
 16495 3 2
 16501 3 2
 16503 3 2
 16509 3 2
 16511 3 2
 16625 3 2
 16627 3 2
 16633 3 2
 16635 3 2
 16641 3 2
 16643 3 2
 16649 3 2
 16651 3 2
 16685 3 2
 16687 3 2
 16693 3 2
 16695 3 2
 16701 3 2
 16703 3 2
 16709 3 2
 16711 3 2
 16834 3 4
 16835 3 4
 16838 3 4
 16839 3 4
 16850 3 4
 16851 3 4
 16854 3 4
 16855 3 4
 16889 3 2
 16891 3 2
 16897 3 2
 16899 3 2
 16905 3 2
 16907 3 2
 16913 3 2
 16915 3 2
 16977 3 2
 16979 3 2
 16981 3 2
 16983 3 2
 16985 3 2
 16987 3 2
 16989 3 2
 16991 3 2
 17110 3 4
 17111 3 4
 17114 3 4
 17115 3 4
 17118 3 4
 17119 3 4
 17122 3 4
 17123 3 4
 17230 3 4
 17231 3 4
 17234 3 4
 17235 3 4
 17246 3 4
 17247 3 4
 17250 3 4
 17251 3 4
 17257 3 2
 17259 3 2
 17265 3 2
 17267 3 2
 17273 3 2
 17275 3 2
 17281 3 2
 17283 3 2
 17401 3 2
 17403 3 2
 17409 3 2
 17411 3 2
 17417 3 2
 17419 3 2
 17425 3 2
 17427 3 2
 17661 3 2
 17663 3 2
 17669 3 2
 17671 3 2
 17677 3 2
 17679 3 2
 17685 3 2
 17687 3 2
 17930 3 4
 17931 3 4
 17934 3 4
 17935 3 4
 17946 3 4
 17947 3 4
 17950 3 4
 17951 3 4
 17957 3 2
 17959 3 2
 17965 3 2
 17967 3 2
 17973 3 2
 17975 3 2
 17981 3 2
 17983 3 2
 18070 3 4
 18071 3 4
 18074 3 4
 18075 3 4
 18086 3 4
 18087 3 4
 18090 3 4
 18091 3 4
 18214 3 4
 18215 3 4
 18218 3 4
 18219 3 4
 18262 3 4
 18263 3 4
 18266 3 4
 18267 3 4
 18402 3 4
 18403 3 4
 18406 3 4
 18407 3 4
 18450 3 4
 18451 3 4
 18454 3 4
 18455 3 4
 18530 3 4
 18531 3 4
 18534 3 4
 18535 3 4
 18578 3 4
 18579 3 4
 18582 3 4
 18583 3 4
 18686 3 4
 18687 3 4
 18690 3 4
 18691 3 4
 18702 3 4
 18703 3 4
 18706 3 4
 18707 3 4
 18729 3 2
 18731 3 2
 18737 3 2
 18739 3 2
 18745 3 2
 18747 3 2
 18753 3 2
 18755 3 2
 19913 3 2
 19915 3 2
 19921 3 2
 19923 3 2
 19929 3 2
 19931 3 2
 19937 3 2
 19939 3 2
 21264 1 3
 21265 1 3
 21268 1 3
 21269 1 3
 21280 1 3
 21281 1 3
 21284 1 3
 21285 1 3
 21296 1 1
 21298 1 1
 21304 1 1
 21306 1 1
 21312 1 1
 21314 1 1
 21320 1 1
 21322 1 1
 21344 1 3
 21345 1 3
 21348 1 3
 21349 1 3
 21360 1 3
 21361 1 3
 21364 1 3
 21365 1 3
 21376 1 1
 21378 1 1
 21384 1 1
 21386 1 1
 21392 1 3
 21393 1 3
 21396 1 3
 21397 1 3
 21408 1 3
 21409 1 3
 21412 1 3
 21413 1 3
 21440 1 1
 21442 1 1
 21448 1 1
 21450 1 1
 21456 1 1
 21458 1 1
 21464 1 1
 21466 1 1
 21488 1 3
 21489 1 3
 21492 1 3
 21493 1 3
 21504 1 3
 21505 1 3
 21508 1 3
 21509 1 3
 21680 1 3
 21681 1 3
 21684 1 3
 21685 1 3
 21696 1 3
 21697 1 3
 21700 1 3
 21701 1 3
 21776 1 1
 21778 1 1
 21784 1 1
 21786 1 1
 21792 1 1
 21794 1 1
 21800 1 1
 21802 1 1
 21936 0 3
 21937 0 3
 21940 0 3
 21941 0 3
 21968 1 1
 21970 1 1
 21976 1 1
 21978 1 1
 21984 1 1
 21986 1 1
 21992 1 1
 21994 1 1
 22096 0 3
 22097 0 3
 22100 0 3
 22101 0 3
 22112 0 3
 22113 0 3
 22116 0 3
 22117 0 3
 22144 1 3
 22145 1 3
 22148 1 3
 22149 1 3
 22160 1 3
 22161 1 3
 22164 1 3
 22165 1 3
 22208 1 1
 22210 1 1
 22216 1 1
 22218 1 1
 22224 1 1
 22226 1 1
 22232 1 1
 22234 1 1
 22304 1 3
 22305 1 3
 22308 1 3
 22309 1 3
 22320 1 3
 22321 1 3
 22324 1 3
 22325 1 3
 22336 0 3
 22337 0 3
 22340 0 3
 22341 0 3
 22352 0 3
 22353 0 3
 22356 0 3
 22357 0 3
 22480 1 3
 22481 1 3
 22484 1 3
 22485 1 3
 22496 1 3
 22497 1 3
 22500 1 3
 22501 1 3
 22640 1 1
 22642 1 1
 22648 1 1
 22650 1 1
 22656 1 1
 22658 1 1
 22664 1 1
 22666 1 1
 22672 1 3
 22673 1 3
 22676 1 3
 22677 1 3
 22688 1 3
 22689 1 3
 22692 1 3
 22693 1 3
 22704 1 3
 22705 1 3
 22708 1 3
 22709 1 3
 22720 1 3
 22721 1 3
 22724 1 3
 22725 1 3
 22736 1 1
 22738 1 1
 22744 1 1
 22746 1 1
 22752 1 1
 22754 1 1
 22760 1 1
 22762 1 1
 22832 1 3
 22833 1 3
 22836 1 3
 22837 1 3
 22848 1 3
 22849 1 3
 22852 1 3
 22853 1 3
 23322 3 4
 23323 3 4
 23326 3 4
 23327 3 4
 23546 3 4
 23547 3 4
 23550 3 4
 23551 3 4
 26224 1 1
 26224 2 3
 26225 2 3
 26226 1 1
 26228 2 3
 26229 2 3
 26232 1 1
 26234 1 1
 26432 2 1
 26432 1 3
 26433 1 3
 26434 2 1
 26436 1 3
 26437 1 3
 26440 2 1
 26442 2 1
 28837 3 2
 28839 3 2
 28845 3 2
 28847 3 2
 28869 3 2
 28871 3 2
 28877 3 2
 28879 3 2
 28901 3 2
 28903 3 2
 28909 3 2
 28911 3 2
 28933 3 2
 28935 3 2
 28941 3 2
 28943 3 2
 29242 3 4
 29243 3 4
 29246 3 4
 29247 3 4
 29258 3 4
 29259 3 4
 29262 3 4
 29263 3 4
 29306 3 4
 29307 3 4
 29310 3 4
 29311 3 4
 29322 3 4
 29323 3 4
 29326 3 4
 29327 3 4
 31285 3 2
 31287 3 2
 31293 3 2
 31295 3 2
 31317 3 2
 31319 3 2
 31325 3 2
 31327 3 2
 31349 3 2
 31351 3 2
 31357 3 2
 31359 3 2
 31381 3 2
 31383 3 2
 31389 3 2
 31391 3 2
 32202 3 4
 32203 3 4
 32206 3 4
 32207 3 4
 32218 3 4
 32219 3 4
 32222 3 4
 32223 3 4
 32282 3 4
 32283 3 4
 32286 3 4
 32287 3 4
 32298 3 4
 32299 3 4
 32302 3 4
 32303 3 4
 32560 1 3
 32561 1 3
 32564 1 3
 32565 1 3
 32576 1 3
 32577 1 3
 32580 1 3
 32581 1 3
 32592 1 3
 32593 1 3
 32596 1 3
 32597 1 3
 32608 1 3
 32609 1 3
 32612 1 3
 32613 1 3
 32730 3 4
 32731 3 4
 32734 3 4
 32735 3 4
 32746 3 4
 32747 3 4
 32750 3 4
 32751 3 4
 32794 3 4
 32795 3 4
 32798 3 4
 32799 3 4
 32810 3 4
 32811 3 4
 32814 3 4
 32815 3 4
 32880 1 1
 32882 1 1
 32888 1 1
 32890 1 1
 32896 1 1
 32898 1 1
 32904 1 1
 32906 1 1
 32912 1 1
 32914 1 1
 32920 1 1
 32922 1 1
 32928 1 1
 32930 1 1
 32936 1 1
 32938 1 1
 32944 1 1
 32946 1 1
 32952 1 1
 32954 1 1
 32960 1 1
 32962 1 1
 32968 1 1
 32970 1 1
 32976 1 1
 32978 1 1
 32984 1 1
 32986 1 1
 32992 1 1
 32994 1 1
 33000 1 1
 33002 1 1
 33072 2 3
 33073 2 3
 33076 2 3
 33077 2 3
 33088 2 3
 33089 2 3
 33092 2 3
 33093 2 3
 33136 2 3
 33137 2 3
 33140 2 3
 33141 2 3
 33152 2 3
 33153 2 3
 33156 2 3
 33157 2 3
 33264 2 1
 33266 2 1
 33272 2 1
 33274 2 1
 33328 1 1
 33330 1 1
 33336 1 1
 33338 1 1
 33360 1 1
 33362 1 1
 33368 1 1
 33370 1 1
 33376 1 1
 33378 1 1
 33384 1 1
 33386 1 1
 33392 1 1
 33394 1 1
 33400 1 1
 33402 1 1
 33408 1 1
 33410 1 1
 33416 1 1
 33418 1 1
 33424 1 1
 33426 1 1
 33432 1 1
 33434 1 1
 33440 1 1
 33442 1 1
 33448 1 1
 33450 1 1
 33504 2 1
 33506 2 1
 33512 2 1
 33514 2 1
 33600 2 3
 33601 2 3
 33604 2 3
 33605 2 3
 33616 2 3
 33617 2 3
 33620 2 3
 33621 2 3
 33664 2 3
 33665 2 3
 33668 2 3
 33669 2 3
 33680 2 3
 33681 2 3
 33684 2 3
 33685 2 3
 33808 1 1
 33810 1 1
 33816 1 1
 33818 1 1
 33856 1 3
 33857 1 3
 33860 1 3
 33861 1 3
 33872 1 3
 33873 1 3
 33876 1 3
 33877 1 3
 33888 1 3
 33889 1 3
 33892 1 3
 33893 1 3
 33904 1 3
 33905 1 3
 33908 1 3
 33909 1 3
 34176 1 1
 34178 1 1
 34184 1 1
 34186 1 1
 34256 1 3
 34257 1 3
 34260 1 3
 34261 1 3
 34272 1 3
 34273 1 3
 34276 1 3
 34277 1 3
 34704 1 3
 34705 1 3
 34708 1 3
 34709 1 3
 34720 1 3
 34721 1 3
 34724 1 3
 34725 1 3
 34736 1 3
 34737 1 3
 34740 1 3
 34741 1 3
 34752 1 3
 34753 1 3
 34756 1 3
 34757 1 3
 34768 1 1
 34770 1 1
 34776 1 1
 34778 1 1
 34784 1 1
 34786 1 1
 34792 1 1
 34794 1 1
 34800 1 1
 34802 1 1
 34808 1 1
 34810 1 1
 34816 1 1
 34818 1 1
 34824 1 1
 34826 1 1
 34944 0 1
 34946 0 1
 34952 0 1
 34954 0 1
 34976 0 1
 34978 0 1
 34984 0 1
 34986 0 1
 35008 0 1
 35008 1 3
 35009 1 3
 35010 0 1
 35012 1 3
 35013 1 3
 35016 0 1
 35018 0 1
 35024 1 3
 35025 1 3
 35028 1 3
 35029 1 3
 35040 0 1
 35042 0 1
 35048 0 1
 35050 0 1
 35072 1 3
 35073 1 3
 35076 1 3
 35077 1 3
 35088 1 3
 35089 1 3
 35092 1 3
 35093 1 3
 35168 1 3
 35169 1 3
 35172 1 3
 35173 1 3
 35312 0 3
 35313 0 3
 35316 0 3
 35317 0 3
 35328 0 3
 35329 0 3
 35332 0 3
 35333 0 3
 35424 1 1
 35426 1 1
 35432 1 1
 35434 1 1
 35456 1 1
 35458 1 1
 35464 1 1
 35466 1 1
 35488 1 1
 35488 0 3
 35489 0 3
 35490 1 1
 35492 0 3
 35493 0 3
 35496 1 1
 35498 1 1
 35504 0 3
 35505 0 3
 35508 0 3
 35509 0 3
 35520 1 1
 35522 1 1
 35528 1 1
 35530 1 1
 35552 1 1
 35554 1 1
 35560 1 1
 35562 1 1
 35568 1 1
 35570 1 1
 35576 1 1
 35578 1 1
 35584 1 1
 35586 1 1
 35592 1 1
 35594 1 1
 35600 1 1
 35602 1 1
 35608 1 1
 35610 1 1
 35680 1 1
 35682 1 1
 35688 1 1
 35690 1 1
 35696 1 1
 35698 1 1
 35704 1 1
 35706 1 1
 35712 1 1
 35714 1 1
 35720 1 1
 35722 1 1
 35728 1 1
 35730 1 1
 35736 1 1
 35738 1 1
 35744 1 3
 35745 1 3
 35748 1 3
 35749 1 3
 35760 1 3
 35761 1 3
 35764 1 3
 35765 1 3
 35776 1 3
 35777 1 3
 35780 1 3
 35781 1 3
 35792 1 3
 35793 1 3
 35796 1 3
 35797 1 3
 35888 1 3
 35889 1 3
 35892 1 3
 35893 1 3
 35904 1 3
 35905 1 3
 35908 1 3
 35909 1 3
 35920 1 3
 35921 1 3
 35924 1 3
 35925 1 3
 35936 1 3
 35937 1 3
 35940 1 3
 35941 1 3
 35984 1 1
 35986 1 1
 35992 1 1
 35994 1 1
 36000 1 1
 36002 1 1
 36008 1 1
 36010 1 1
 36016 1 1
 36018 1 1
 36024 1 1
 36026 1 1
 36032 1 1
 36034 1 1
 36040 1 1
 36042 1 1
 36186 3 4
 36187 3 4
 36190 3 4
 36191 3 4
 36202 3 4
 36203 3 4
 36206 3 4
 36207 3 4
 36250 3 4
 36251 3 4
 36254 3 4
 36255 3 4
 36320 1 3
 36321 1 3
 36324 1 3
 36325 1 3
 36336 1 3
 36337 1 3
 36340 1 3
 36341 1 3
 36352 1 3
 36353 1 3
 36356 1 3
 36357 1 3
 36368 1 3
 36369 1 3
 36372 1 3
 36373 1 3
 36560 1 1
 36562 1 1
 36568 1 1
 36570 1 1
 36576 1 1
 36578 1 1
 36584 1 1
 36586 1 1
 36592 1 1
 36594 1 1
 36600 1 1
 36602 1 1
 36624 1 1
 36626 1 1
 36632 1 1
 36634 1 1
 36656 1 3
 36657 1 3
 36660 1 3
 36661 1 3
 36672 1 3
 36673 1 3
 36676 1 3
 36677 1 3
 36720 1 3
 36721 1 3
 36724 1 3
 36725 1 3
 36736 1 3
 36737 1 3
 36740 1 3
 36741 1 3
 37216 1 1
 37218 1 1
 37224 1 1
 37226 1 1
 37232 1 1
 37234 1 1
 37240 1 1
 37242 1 1
 37248 1 1
 37250 1 1
 37256 1 1
 37258 1 1
 37280 1 1
 37282 1 1
 37288 1 1
 37290 1 1
 37312 1 1
 37314 1 1
 37320 1 1
 37322 1 1
 37344 1 1
 37346 1 1
 37352 1 1
 37354 1 1
 37376 1 1
 37378 1 1
 37384 1 1
 37386 1 1
 37408 1 1
 37410 1 1
 37416 1 1
 37418 1 1
 39029 3 2
 39031 3 2
 39037 3 2
 39039 3 2
 39061 3 2
 39063 3 2
 39069 3 2
 39071 3 2
 39093 3 2
 39095 3 2
 39101 3 2
 39103 3 2
 39125 3 2
 39127 3 2
 39133 3 2
 39135 3 2
 39941 3 2
 39943 3 2
 39949 3 2
 39951 3 2
 39973 3 2
 39975 3 2
 39981 3 2
 39983 3 2
 40005 3 2
 40007 3 2
 40013 3 2
 40015 3 2
 40037 3 2
 40039 3 2
 40045 3 2
 40047 3 2
 45221 3 2
 45223 3 2
 45229 3 2
 45231 3 2
 45253 3 2
 45255 3 2
 45261 3 2
 45263 3 2
 45285 3 2
 45287 3 2
 45293 3 2
 45295 3 2
 45301 3 2
 45303 3 2
 45309 3 2
 45311 3 2
 46346 3 4
 46347 3 4
 46350 3 4
 46351 3 4
 46362 3 4
 46363 3 4
 46366 3 4
 46367 3 4
 46410 3 4
 46411 3 4
 46414 3 4
 46415 3 4
 46426 3 4
 46427 3 4
 46430 3 4
 46431 3 4
 