1743 0 1
 1744 0 1
 1748 0 3
 1749 0 3
 1751 0 3
 1752 0 3
 1755 0 1
 1756 0 1
 1787 0 3
 1788 0 3
 1791 0 3
 1792 0 3
 1832 2 3
 1841 0 1
 1842 0 1
 1935 2 1
 1936 2 1
 1971 0 3
 1972 0 3
 1976 0 3
 1977 0 3
 2019 2 3
 2020 2 3
 2056 2 3
 2057 2 3
 2061 2 3
 2062 2 3
 2063 1 1
 2063 2 3
 2064 2 3
 2188 0 3
 2189 0 3
 2229 2 1
 2230 2 1
 2241 2 3
 2242 2 3
 2352 2 1
 2353 2 1
 2353 1 3
 2428 0 1
 2429 0 1
 2438 2 3
 2439 2 3
 2468 2 1
 2469 2 1
 2499 2 3
 2500 2 3
 2503 2 3
 2504 2 3
 2508 2 1
 2509 2 1
 2535 2 1
 2536 2 1
 2540 2 1
 2541 2 1
 4284 3 2
 4286 3 2
 4288 3 2
 4290 3 2
 4309 3 4
 4310 3 4
 4313 3 4
 4314 3 4
 4617 3 4
 4618 3 4
 4621 3 4
 4622 3 4
 4804 3 2
 4806 3 2
 4808 3 2
 4810 3 2
 4941 3 4
 4942 3 4
 4945 3 4
 4946 3 4
 5129 3 4
 5130 3 4
 5141 3 4
 5142 3 4
 5255 1 3
 5256 1 3
 5259 1 3
 5260 1 3
 5289 3 4
 5290 3 4
 5293 3 4
 5294 3 4
 5303 1 1
 5305 1 1
 5307 1 1
 5309 1 1
 5315 1 1
 5317 1 1
 5319 1 1
 5321 1 1
 5327 2 3
 5328 2 3
 5335 2 3
 5336 2 3
 5339 2 3
 5340 2 3
 5351 2 1
 5353 2 1
 5355 2 1
 5357 2 1
 5367 1 1
 5369 1 1
 5371 1 1
 5373 1 1
 5387 1 1
 5389 1 1
 5391 1 1
 5393 1 1
 5395 1 1
 5397 1 1
 5399 1 1
 5401 1 1
 5403 1 3
 5404 1 3
 5407 1 3
 5408 1 3
 5411 1 1
 5413 1 1
 5415 1 1
 5417 1 1
 5419 1 3
 5420 1 3
 5423 1 3
 5424 1 3
 5431 1 3
 5432 1 3
 5435 1 3
 5436 1 3
 5443 1 1
 5445 1 1
 5447 1 1
 5449 1 1
 5455 1 1
 5457 1 1
 5459 1 1
 5461 1 1
 5463 1 3
 5464 1 3
 5467 1 3
 5468 1 3
 5471 1 3
 5472 1 3
 5475 1 3
 5476 1 3
 5483 2 1
 5485 2 1
 5487 2 1
 5489 2 1
 5499 1 1
 5501 1 1
 5503 1 1
 5505 1 1
 5515 2 3
 5516 2 3
 5519 2 3
 5520 2 3
 5527 1 1
 5529 1 1
 5531 1 1
 5533 1 1
 5535 1 3
 5536 1 3
 5539 1 3
 5540 1 3
 5543 1 1
 5545 1 1
 5547 1 1
 5549 1 1
 5567 1 1
 5569 1 1
 5571 1 1
 5573 1 1
 5579 1 1
 5581 1 1
 5583 1 1
 5585 1 1
 5591 1 1
 5593 1 1
 5595 1 1
 5597 1 1
 5623 1 3
 5624 1 3
 5627 1 3
 5628 1 3
 5635 1 1
 5637 1 1
 5639 1 1
 5641 1 1
 5727 1 1
 5729 1 1
 5735 1 3
 5736 1 3
 5739 1 3
 5740 1 3
 5779 1 3
 5780 1 3
 5783 1 3
 5784 1 3
 5819 0 3
 5820 0 3
 5823 0 3
 5824 0 3
 5847 1 1
 5849 1 1
 5851 1 1
 5853 1 1
 5888 3 2
 5890 3 2
 5892 3 2
 5894 3 2
 6015 1 3
 6016 1 3
 6019 1 3
 6020 1 3
 6035 1 1
 6037 1 1
 6039 1 1
 6041 1 1
 6055 0 3
 6056 0 3
 6059 0 3
 6060 0 3
 6115 1 1
 6117 1 1
 6119 1 1
 6121 1 1
 6123 0 1
 6125 0 1
 6127 0 1
 6127 1 3
 6128 1 3
 6129 0 1
 6131 1 3
 6132 1 3
 6155 1 3
 6156 1 3
 6191 0 3
 6192 0 3
 6199 1 1
 6201 1 1
 6203 1 1
 6203 0 3
 6204 0 3
 6205 1 1
 6215 1 1
 6217 1 1
 6219 1 1
 6221 1 1
 6259 0 3
 6260 0 3
 6263 0 3
 6264 0 3
 6271 1 3
 6272 1 3
 6275 1 3
 6276 1 3
 6295 1 1
 6297 1 1
 6299 1 1
 6301 1 1
 6323 0 3
 6324 0 3
 6327 0 3
 6328 0 3
 6339 1 1
 6341 1 1
 6343 1 1
 6345 1 1
 6351 1 3
 6352 1 3
 6355 1 3
 6356 1 3
 6363 1 3
 6364 1 3
 6367 1 3
 6368 1 3
 6375 0 3
 6376 0 3
 6379 0 3
 6380 0 3
 6395 0 3
 6396 0 3
 6399 0 3
 6400 0 3
 6439 0 1
 6441 0 1
 6443 0 1
 6445 0 1
 6455 1 3
 6456 1 3
 6459 1 3
 6460 1 3
 6491 1 3
 6492 1 3
 6495 1 3
 6496 1 3
 6503 1 1
 6505 1 1
 6507 1 1
 6509 1 1
 6593 3 4
 6594 3 4
 6597 3 4
 6598 3 4
 6607 1 3
 6608 1 3
 6611 1 3
 6612 1 3
 6629 3 4
 6630 3 4
 6633 3 4
 6634 3 4
 6637 3 4
 6638 3 4
 6641 3 4
 6642 3 4
 6667 1 1
 6669 1 1
 6679 1 1
 6681 1 1
 6683 1 1
 6685 1 1
 6687 1 1
 6689 1 1
 6711 1 3
 6712 1 3
 6715 1 3
 6716 1 3
 6739 1 3
 6740 1 3
 6743 1 3
 6744 1 3
 6747 1 3
 6748 1 3
 6751 1 3
 6752 1 3
 6807 1 1
 6809 1 1
 6811 1 1
 6813 1 1
 6819 1 1
 6821 1 1
 6823 1 1
 6825 1 1
 6839 1 1
 6841 1 1
 6843 1 1
 6845 1 1
 6919 1 3
 6920 1 3
 6923 1 3
 6924 1 3
 7028 3 2
 7030 3 2
 7040 3 2
 7042 3 2
 7092 3 2
 7094 3 2
 7096 3 2
 7098 3 2
 7252 3 2
 7254 3 2
 7256 3 2
 7258 3 2
 7332 3 2
 7334 3 2
 7336 3 2
 7338 3 2
 7517 3 4
 7518 3 4
 7521 3 4
 7522 3 4
 7529 3 4
 7530 3 4
 7541 3 4
 7542 3 4
 7549 3 4
 7550 3 4
 7553 3 4
 7554 3 4
 7585 3 4
 7586 3 4
 7589 3 4
 7590 3 4
 7628 3 2
 7630 3 2
 7632 3 2
 7634 3 2
 7661 3 4
 7662 3 4
 7665 3 4
 7666 3 4
 7756 3 2
 7758 3 2
 7760 3 2
 7762 3 2
 7792 3 2
 7794 3 2
 7796 3 2
 7798 3 2
 7844 3 2
 7846 3 2
 7848 3 2
 7850 3 2
 7857 3 4
 7858 3 4
 7861 3 4
 7862 3 4
 7893 3 4
 7894 3 4
 7897 3 4
 7898 3 4
 7905 3 4
 7906 3 4
 7909 3 4
 7910 3 4
 7925 3 4
 7926 3 4
 7929 3 4
 7930 3 4
 7944 3 2
 7946 3 2
 7948 3 2
 7950 3 2
 7989 3 4
 7990 3 4
 7993 3 4
 7994 3 4
 8008 3 2
 8010 3 2
 8012 3 2
 8014 3 2
 8021 3 4
 8022 3 4
 8025 3 4
 8026 3 4
 8056 3 2
 8058 3 2
 8060 3 2
 8062 3 2
 8120 3 2
 8122 3 2
 8124 3 2
 8126 3 2
 8152 3 2
 8154 3 2
 8156 3 2
 8158 3 2
 8253 3 4
 8254 3 4
 8257 3 4
 8258 3 4
 8292 3 2
 8294 3 2
 8296 3 2
 8298 3 2
 8416 3 2
 8418 3 2
 8420 3 2
 8422 3 2
 8517 3 4
 8518 3 4
 8521 3 4
 8522 3 4
 8589 3 4
 8590 3 4
 8593 3 4
 8594 3 4
 8624 3 2
 8626 3 2
 8628 3 2
 8630 3 2
 8840 3 2
 8842 3 2
 8844 3 2
 8846 3 2
 9028 3 2
 9030 3 2
 9032 3 2
 9034 3 2
 9165 3 4
 9166 3 4
 9169 3 4
 9170 3 4
 9196 3 2
 9198 3 2
 9200 3 2
 9202 3 2
 9273 3 4
 9274 3 4
 9277 3 4
 9278 3 4
 9337 3 4
 9338 3 4
 9349 3 4
 9350 3 4
 9457 3 4
 9458 3 4
 9469 3 4
 9470 3 4
 9497 3 4
 9498 3 4
 9509 3 4
 9510 3 4
 9545 3 4
 9546 3 4
 9549 3 4
 9550 3 4
 9560 3 2
 9562 3 2
 9572 3 2
 9574 3 2
 10048 3 2
 10050 3 2
 10060 3 2
 10062 3 2
 10352 3 2
 10354 3 2
 10356 3 2
 10358 3 2
 10617 3 4
 10618 3 4
 10621 3 4
 10622 3 4
 