1769 0 1
 1770 0 1
 1774 0 3
 1775 0 3
 1777 0 3
 1778 0 3
 1781 0 1
 1782 0 1
 1796 1 3
 1797 1 3
 1820 0 3
 1821 0 3
 1824 0 3
 1825 0 3
 1848 1 1
 1849 1 1
 1868 1 1
 1869 1 1
 1876 1 1
 1877 1 1
 1882 0 1
 1883 0 1
 1886 1 1
 1887 1 1
 1890 1 1
 1891 1 1
 1895 1 3
 1896 1 3
 1898 1 1
 1899 1 1
 1902 1 3
 1903 1 3
 1910 1 3
 1911 1 3
 1914 1 1
 1915 1 1
 1926 1 1
 1927 1 1
 1930 1 3
 1931 1 3
 1934 1 3
 1935 1 3
 1938 1 1
 1939 1 1
 1958 1 1
 1959 1 1
 1962 1 3
 1963 1 3
 1966 1 1
 1967 1 1
 1970 1 1
 1971 1 1
 1978 1 1
 1979 1 1
 1982 1 1
 1983 1 1
 2018 2 1
 2052 0 3
 2053 0 3
 2057 0 3
 2058 0 3
 2076 1 3
 2077 1 3
 2080 1 1
 2081 1 1
 2112 2 3
 2113 2 3
 2153 2 3
 2154 2 3
 2158 2 3
 2159 2 3
 2160 1 1
 2160 2 3
 2161 2 3
 2163 1 1
 2177 1 3
 2178 1 3
 2205 1 3
 2206 1 3
 2225 0 3
 2226 0 3
 2257 1 1
 2258 1 1
 2305 0 3
 2306 0 3
 2355 2 1
 2356 2 1
 2363 2 3
 2364 2 3
 2367 1 3
 2368 1 3
 2375 1 1
 2376 1 1
 2407 0 3
 2408 0 3
 2455 1 1
 2456 1 1
 2486 0 1
 2487 0 1
 2487 1 3
 2488 1 3
 2491 2 1
 2492 2 1
 2492 1 3
 2493 1 3
 2531 0 3
 2533 1 1
 2534 1 1
 2534 0 3
 2548 1 1
 2549 1 1
 2574 0 1
 2575 0 1
 2578 0 3
 2579 0 3
 2582 1 3
 2583 1 3
 2590 2 3
 2591 2 3
 2609 1 1
 2610 1 1
 2618 0 3
 2619 0 3
 2630 1 1
 2631 1 1
 2634 2 1
 2635 2 1
 2654 1 3
 2655 1 3
 2658 1 3
 2659 1 3
 2666 0 3
 2667 0 3
 2671 0 3
 2672 0 3
 2674 2 3
 2675 2 3
 2678 2 3
 2679 2 3
 2683 2 1
 2684 2 1
 2710 0 1
 2711 0 1
 2718 2 1
 2719 2 1
 2723 2 1
 2724 2 1
 2726 1 3
 2727 1 3
 2754 1 3
 2755 1 3
 2774 1 1
 2775 1 1
 2853 1 3
 2854 1 3
 2860 1 1
 2863 1 1
 2868 1 1
 2869 1 1
 2877 1 3
 2878 1 3
 2885 1 3
 2886 1 3
 2890 1 3
 2891 1 3
 2910 1 1
 2911 1 1
 2913 1 1
 2914 1 1
 2918 1 1
 2919 1 1
 2937 1 3
 2940 1 3
 4570 2 3
 4571 2 3
 4574 2 3
 4575 2 3
 4586 2 1
 4588 2 1
 4590 2 1
 4592 2 1
 4610 2 1
 4612 2 1
 4614 2 1
 4616 2 1
 4638 2 1
 4640 2 1
 8630 2 3
 8631 2 3
 8658 2 3
 8659 2 3
 15506 2 3
 15507 2 3
 15510 2 3
 15511 2 3
 15586 2 3
 15587 2 3
 15590 2 3
 15591 2 3
 16280 3 4
 16281 3 4
 16284 3 4
 16285 3 4
 16288 3 4
 16289 3 4
 16300 3 4
 16301 3 4
 16304 3 4
 16305 3 4
 16316 3 4
 16317 3 4
 16320 3 4
 16321 3 4
 17784 3 4
 17785 3 4
 17796 3 4
 17797 3 4
 17800 3 4
 17801 3 4
 17924 3 4
 17925 3 4
 17928 3 4
 17929 3 4
 17940 3 4
 17941 3 4
 17944 3 4
 17945 3 4
 18404 3 4
 18405 3 4
 18408 3 4
 18409 3 4
 18420 3 4
 18421 3 4
 18424 3 4
 18425 3 4
 18468 3 4
 18469 3 4
 18472 3 4
 18473 3 4
 19548 3 4
 19549 3 4
 19592 3 4
 19593 3 4
 19596 3 4
 19597 3 4
 19608 3 4
 19609 3 4
 19612 3 4
 19613 3 4
 20516 3 4
 20517 3 4
 21324 3 4
 21325 3 4
 21328 3 4
 21329 3 4
 24255 3 2
 24257 3 2
 24259 3 2
 24261 3 2
 24263 3 2
 24265 3 2
 24267 3 2
 24269 3 2
 24303 3 2
 24305 3 2
 24307 3 2
 24309 3 2
 24311 3 2
 24313 3 2
 24315 3 2
 24317 3 2
 31371 3 2
 31373 3 2
 31379 3 2
 31381 3 2
 31403 3 2
 31405 3 2
 31411 3 2
 31413 3 2
 31499 3 2
 31501 3 2
 31507 3 2
 31509 3 2
 31531 3 2
 31533 3 2
 31539 3 2
 31541 3 2
 31627 3 2
 31629 3 2
 31635 3 2
 31637 3 2
 31659 3 2
 31661 3 2
 31667 3 2
 31669 3 2
 31755 3 2
 31757 3 2
 31763 3 2
 31765 3 2
 31787 3 2
 31789 3 2
 31795 3 2
 31797 3 2
 31968 3 4
 31969 3 4
 31972 3 4
 31973 3 4
 31984 3 4
 31985 3 4
 31988 3 4
 31989 3 4
 32032 3 4
 32033 3 4
 32036 3 4
 32037 3 4
 32048 3 4
 32049 3 4
 32052 3 4
 32053 3 4
 32224 3 4
 32225 3 4
 32228 3 4
 32229 3 4
 32240 3 4
 32241 3 4
 32244 3 4
 32245 3 4
 32288 3 4
 32289 3 4
 32292 3 4
 32293 3 4
 32304 3 4
 32305 3 4
 32308 3 4
 32309 3 4
 33888 3 4
 33889 3 4
 33892 3 4
 33893 3 4
 33904 3 4
 33905 3 4
 33908 3 4
 33909 3 4
 33952 3 4
 33953 3 4
 33956 3 4
 33957 3 4
 33968 3 4
 33969 3 4
 33972 3 4
 33973 3 4
 34016 3 4
 34017 3 4
 34020 3 4
 34021 3 4
 34032 3 4
 34033 3 4
 34036 3 4
 34037 3 4
 34080 3 4
 34081 3 4
 34084 3 4
 34085 3 4
 34096 3 4
 34097 3 4
 34100 3 4
 34101 3 4
 35467 3 2
 35469 3 2
 35475 3 2
 35477 3 2
 35499 3 2
 35501 3 2
 35507 3 2
 35509 3 2
 35595 3 2
 35597 3 2
 35603 3 2
 35605 3 2
 35627 3 2
 35629 3 2
 35635 3 2
 35637 3 2
 35723 3 2
 35725 3 2
 35731 3 2
 35733 3 2
 35755 3 2
 35757 3 2
 35763 3 2
 35765 3 2
 35851 3 2
 35853 3 2
 35859 3 2
 35861 3 2
 35883 3 2
 35885 3 2
 35891 3 2
 35893 3 2
 36944 3 4
 36945 3 4
 36948 3 4
 36949 3 4
 36960 3 4
 36961 3 4
 36964 3 4
 36965 3 4
 37008 3 4
 37009 3 4
 37012 3 4
 37013 3 4
 37024 3 4
 37025 3 4
 37028 3 4
 37029 3 4
 37200 3 4
 37201 3 4
 37204 3 4
 37205 3 4
 37216 3 4
 37217 3 4
 37220 3 4
 37221 3 4
 37264 3 4
 37265 3 4
 37268 3 4
 37269 3 4
 37280 3 4
 37281 3 4
 37284 3 4
 37285 3 4
 37968 3 4
 37969 3 4
 37972 3 4
 37973 3 4
 37984 3 4
 37985 3 4
 37988 3 4
 37989 3 4
 38032 3 4
 38033 3 4
 38036 3 4
 38037 3 4
 38048 3 4
 38049 3 4
 38052 3 4
 38053 3 4
 38288 3 4
 38289 3 4
 38292 3 4
 38293 3 4
 38304 3 4
 38305 3 4
 38308 3 4
 38309 3 4
 38352 3 4
 38353 3 4
 38356 3 4
 38357 3 4
 38368 3 4
 38369 3 4
 38372 3 4
 38373 3 4
 39200 3 4
 39201 3 4
 39204 3 4
 39205 3 4
 39216 3 4
 39217 3 4
 39220 3 4
 39221 3 4
 39264 3 4
 39265 3 4
 39268 3 4
 39269 3 4
 39280 3 4
 39281 3 4
 39284 3 4
 39285 3 4
 39440 3 4
 39441 3 4
 39444 3 4
 39445 3 4
 39456 3 4
 39457 3 4
 39460 3 4
 39461 3 4
 39504 3 4
 39505 3 4
 39508 3 4
 39509 3 4
 39520 3 4
 39521 3 4
 39524 3 4
 39525 3 4
 39718 2 3
 39719 2 3
 39722 2 3
 39723 2 3
 39734 2 3
 39735 2 3
 39738 2 3
 39739 2 3
 39782 2 3
 39783 2 3
 39786 2 3
 39787 2 3
 39798 2 3
 39799 2 3
 39802 2 3
 39803 2 3
 39926 2 3
 39927 2 3
 39930 2 3
 39931 2 3
 39942 2 3
 39943 2 3
 39946 2 3
 39947 2 3
 39990 2 3
 39991 2 3
 39994 2 3
 39995 2 3
 40006 2 3
 40007 2 3
 40010 2 3
 40011 2 3
 41339 3 2
 41341 3 2
 41347 3 2
 41349 3 2
 41371 3 2
 41373 3 2
 41379 3 2
 41381 3 2
 41467 3 2
 41469 3 2
 41475 3 2
 41477 3 2
 41499 3 2
 41501 3 2
 41507 3 2
 41509 3 2
 41595 3 2
 41597 3 2
 41603 3 2
 41605 3 2
 41627 3 2
 41629 3 2
 41635 3 2
 41637 3 2
 41723 3 2
 41725 3 2
 41731 3 2
 41733 3 2
 41755 3 2
 41757 3 2
 41763 3 2
 41765 3 2
 43136 3 4
 43137 3 4
 43140 3 4
 43141 3 4
 43152 3 4
 43153 3 4
 43156 3 4
 43157 3 4
 43200 3 4
 43201 3 4
 43204 3 4
 43205 3 4
 43216 3 4
 43217 3 4
 43220 3 4
 43221 3 4
 43392 3 4
 43393 3 4
 43396 3 4
 43397 3 4
 43408 3 4
 43409 3 4
 43412 3 4
 43413 3 4
 43456 3 4
 43457 3 4
 43460 3 4
 43461 3 4
 43472 3 4
 43473 3 4
 43476 3 4
 43477 3 4
 43728 3 4
 43729 3 4
 43732 3 4
 43733 3 4
 43744 3 4
 43745 3 4
 43748 3 4
 43749 3 4
 43792 3 4
 43793 3 4
 43796 3 4
 43797 3 4
 43808 3 4
 43809 3 4
 43812 3 4
 43813 3 4
 43984 3 4
 43985 3 4
 43988 3 4
 43989 3 4
 44000 3 4
 44001 3 4
 44004 3 4
 44005 3 4
 44048 3 4
 44049 3 4
 44052 3 4
 44053 3 4
 44064 3 4
 44065 3 4
 44068 3 4
 44069 3 4
 44272 3 4
 44273 3 4
 44276 3 4
 44277 3 4
 45819 3 2
 45821 3 2
 45827 3 2
 45829 3 2
 45851 3 2
 45853 3 2
 45859 3 2
 45861 3 2
 45947 3 2
 45949 3 2
 45955 3 2
 45957 3 2
 45979 3 2
 45981 3 2
 45987 3 2
 45989 3 2
 46235 3 2
 46237 3 2
 46243 3 2
 46245 3 2
 46267 3 2
 46269 3 2
 46275 3 2
 46277 3 2
 46363 3 2
 46365 3 2
 46371 3 2
 46373 3 2
 46395 3 2
 46397 3 2
 46403 3 2
 46405 3 2
 46491 3 2
 46493 3 2
 46499 3 2
 46501 3 2
 46523 3 2
 46525 3 2
 46531 3 2
 46533 3 2
 46619 3 2
 46621 3 2
 46627 3 2
 46629 3 2
 46651 3 2
 46653 3 2
 46659 3 2
 46661 3 2
 46747 3 2
 46749 3 2
 46755 3 2
 46757 3 2
 46779 3 2
 46781 3 2
 46787 3 2
 46789 3 2
 46875 3 2
 46877 3 2
 46883 3 2
 46885 3 2
 46907 3 2
 46909 3 2
 46915 3 2
 46917 3 2
 47579 3 2
 47581 3 2
 47587 3 2
 47589 3 2
 47611 3 2
 47613 3 2
 47619 3 2
 47621 3 2
 47707 3 2
 47709 3 2
 47715 3 2
 47717 3 2
 47739 3 2
 47741 3 2
 47747 3 2
 47749 3 2
 47835 3 2
 47837 3 2
 47843 3 2
 47845 3 2
 47867 3 2
 47869 3 2
 47875 3 2
 47877 3 2
 47963 3 2
 47965 3 2
 47971 3 2
 47973 3 2
 47995 3 2
 47997 3 2
 48003 3 2
 48005 3 2
 48347 3 2
 48349 3 2
 48355 3 2
 48357 3 2
 48379 3 2
 48381 3 2
 48387 3 2
 48389 3 2
 48475 3 2
 48477 3 2
 48483 3 2
 48485 3 2
 48507 3 2
 48509 3 2
 48515 3 2
 48517 3 2
 48603 3 2
 48605 3 2
 48611 3 2
 48613 3 2
 48635 3 2
 48637 3 2
 48643 3 2
 48645 3 2
 48731 3 2
 48733 3 2
 48739 3 2
 48741 3 2
 48763 3 2
 48765 3 2
 48771 3 2
 48773 3 2
 49488 3 4
 49489 3 4
 49492 3 4
 49493 3 4
 49504 3 4
 49505 3 4
 49508 3 4
 49509 3 4
 49552 3 4
 49553 3 4
 49556 3 4
 49557 3 4
 49568 3 4
 49569 3 4
 49572 3 4
 49573 3 4
 49680 3 4
 49681 3 4
 49684 3 4
 49685 3 4
 49696 3 4
 49697 3 4
 49700 3 4
 49701 3 4
 49744 3 4
 49745 3 4
 49748 3 4
 49749 3 4
 49760 3 4
 49761 3 4
 49764 3 4
 49765 3 4
 49808 3 4
 49809 3 4
 49812 3 4
 49813 3 4
 50240 3 4
 50241 3 4
 50244 3 4
 50245 3 4
 50256 3 4
 50257 3 4
 50260 3 4
 50261 3 4
 50304 3 4
 50305 3 4
 50308 3 4
 50309 3 4
 50320 3 4
 50321 3 4
 50324 3 4
 50325 3 4
 50496 3 4
 50497 3 4
 50500 3 4
 50501 3 4
 50512 3 4
 50513 3 4
 50516 3 4
 50517 3 4
 50560 3 4
 50561 3 4
 50564 3 4
 50565 3 4
 50576 3 4
 50577 3 4
 50580 3 4
 50581 3 4
 50816 3 4
 50817 3 4
 50820 3 4
 50821 3 4
 50832 3 4
 50833 3 4
 50836 3 4
 50837 3 4
 50880 3 4
 50881 3 4
 50884 3 4
 50885 3 4
 50896 3 4
 50897 3 4
 50900 3 4
 50901 3 4
 51072 3 4
 51073 3 4
 51076 3 4
 51077 3 4
 51088 3 4
 51089 3 4
 51092 3 4
 51093 3 4
 51136 3 4
 51137 3 4
 51140 3 4
 51141 3 4
 51152 3 4
 51153 3 4
 51156 3 4
 51157 3 4
 51275 3 2
 51277 3 2
 51283 3 2
 51285 3 2
 51307 3 2
 51309 3 2
 51315 3 2
 51317 3 2
 51355 3 2
 51357 3 2
 51363 3 2
 51365 3 2
 51387 3 2
 51389 3 2
 51395 3 2
 51397 3 2
 51419 3 2
 51421 3 2
 51427 3 2
 51429 3 2
 51451 3 2
 51453 3 2
 51459 3 2
 51461 3 2
 51483 3 2
 51485 3 2
 51491 3 2
 51493 3 2
 51515 3 2
 51517 3 2
 51523 3 2
 51525 3 2
 51968 3 4
 51969 3 4
 51972 3 4
 51973 3 4
 51984 3 4
 51985 3 4
 51988 3 4
 51989 3 4
 52523 3 2
 52525 3 2
 52531 3 2
 52533 3 2
 52555 3 2
 52557 3 2
 52563 3 2
 52565 3 2
 52619 3 2
 52621 3 2
 52627 3 2
 52629 3 2
 52651 3 2
 52653 3 2
 52659 3 2
 52661 3 2
 52715 3 2
 52717 3 2
 52723 3 2
 52725 3 2
 52747 3 2
 52749 3 2
 52755 3 2
 52757 3 2
 52811 3 2
 52813 3 2
 52819 3 2
 52821 3 2
 52843 3 2
 52845 3 2
 52851 3 2
 52853 3 2
 53963 3 2
 53965 3 2
 53971 3 2
 53973 3 2
 53995 3 2
 53997 3 2
 54003 3 2
 54005 3 2
 54091 3 2
 54093 3 2
 54099 3 2
 54101 3 2
 54123 3 2
 54125 3 2
 54131 3 2
 54133 3 2
 54219 3 2
 54221 3 2
 54227 3 2
 54229 3 2
 54251 3 2
 54253 3 2
 54259 3 2
 54261 3 2
 54347 3 2
 54349 3 2
 54355 3 2
 54357 3 2
 54379 3 2
 54381 3 2
 54387 3 2
 54389 3 2
 54571 3 2
 54573 3 2
 54579 3 2
 54581 3 2
 54603 3 2
 54605 3 2
 54611 3 2
 54613 3 2
 54667 3 2
 54669 3 2
 54675 3 2
 54677 3 2
 54699 3 2
 54701 3 2
 54707 3 2
 54709 3 2
 54763 3 2
 54765 3 2
 54771 3 2
 54773 3 2
 54795 3 2
 54797 3 2
 54803 3 2
 54805 3 2
 54859 3 2
 54861 3 2
 54867 3 2
 54869 3 2
 54891 3 2
 54893 3 2
 54899 3 2
 54901 3 2
 55200 3 4
 55201 3 4
 55204 3 4
 55205 3 4
 55216 3 4
 55217 3 4
 55220 3 4
 55221 3 4
 55264 3 4
 55265 3 4
 55268 3 4
 55269 3 4
 55280 3 4
 55281 3 4
 55284 3 4
 55285 3 4
 55376 3 4
 55377 3 4
 55380 3 4
 55381 3 4
 55392 3 4
 55393 3 4
 55396 3 4
 55397 3 4
 55440 3 4
 55441 3 4
 55444 3 4
 55445 3 4
 55456 3 4
 55457 3 4
 55460 3 4
 55461 3 4
 56032 3 4
 56033 3 4
 56036 3 4
 56037 3 4
 56048 3 4
 56049 3 4
 56052 3 4
 56053 3 4
 56096 3 4
 56097 3 4
 56100 3 4
 56101 3 4
 56112 3 4
 56113 3 4
 56116 3 4
 56117 3 4
 56288 3 4
 56289 3 4
 56292 3 4
 56293 3 4
 56304 3 4
 56305 3 4
 56308 3 4
 56309 3 4
 56352 3 4
 56353 3 4
 56356 3 4
 56357 3 4
 56368 3 4
 56369 3 4
 56372 3 4
 56373 3 4
 56640 3 4
 56641 3 4
 56644 3 4
 56645 3 4
 56656 3 4
 56657 3 4
 56660 3 4
 56661 3 4
 56704 3 4
 56705 3 4
 56708 3 4
 56709 3 4
 56720 3 4
 56721 3 4
 56724 3 4
 56725 3 4
 56880 3 4
 56881 3 4
 56884 3 4
 56885 3 4
 56896 3 4
 56897 3 4
 56900 3 4
 56901 3 4
 56912 3 4
 56913 3 4
 56916 3 4
 56917 3 4
 56928 3 4
 56929 3 4
 56932 3 4
 56933 3 4
 57456 3 4
 57457 3 4
 57460 3 4
 57461 3 4
 57472 3 4
 57473 3 4
 57476 3 4
 57477 3 4
 57520 3 4
 57521 3 4
 57524 3 4
 57525 3 4
 57536 3 4
 57537 3 4
 57540 3 4
 57541 3 4
 57712 3 4
 57713 3 4
 57716 3 4
 57717 3 4
 57728 3 4
 57729 3 4
 57732 3 4
 57733 3 4
 57744 3 4
 57745 3 4
 57748 3 4
 57749 3 4
 57760 3 4
 57761 3 4
 57764 3 4
 57765 3 4
 57851 3 2
 57853 3 2
 57859 3 2
 57861 3 2
 57883 3 2
 57885 3 2
 57891 3 2
 57893 3 2
 57979 3 2
 57981 3 2
 57987 3 2
 57989 3 2
 58011 3 2
 58013 3 2
 58019 3 2
 58021 3 2
 58107 3 2
 58109 3 2
 58115 3 2
 58117 3 2
 58139 3 2
 58141 3 2
 58147 3 2
 58149 3 2
 58235 3 2
 58237 3 2
 58243 3 2
 58245 3 2
 58267 3 2
 58269 3 2
 58275 3 2
 58277 3 2
 58304 3 4
 58305 3 4
 58308 3 4
 58309 3 4
 58352 3 4
 58353 3 4
 58356 3 4
 58357 3 4
 58368 3 4
 58369 3 4
 58372 3 4
 58373 3 4
 58427 3 2
 58429 3 2
 58435 3 2
 58437 3 2
 58459 3 2
 58461 3 2
 58467 3 2
 58469 3 2
 58523 3 2
 58525 3 2
 58531 3 2
 58533 3 2
 58555 3 2
 58557 3 2
 58563 3 2
 58565 3 2
 58619 3 2
 58621 3 2
 58627 3 2
 58629 3 2
 58651 3 2
 58653 3 2
 58659 3 2
 58661 3 2
 58715 3 2
 58717 3 2
 58723 3 2
 58725 3 2
 58747 3 2
 58749 3 2
 58755 3 2
 58757 3 2
 59056 3 4
 59057 3 4
 59060 3 4
 59061 3 4
 59072 3 4
 59073 3 4
 59076 3 4
 59077 3 4
 59120 3 4
 59121 3 4
 59124 3 4
 59125 3 4
 59136 3 4
 59137 3 4
 59140 3 4
 59141 3 4
 59248 3 4
 59249 3 4
 59252 3 4
 59253 3 4
 59264 3 4
 59265 3 4
 59268 3 4
 59269 3 4
 59312 3 4
 59313 3 4
 59316 3 4
 59317 3 4
 59328 3 4
 59329 3 4
 59332 3 4
 59333 3 4
 59515 3 2
 59517 3 2
 59523 3 2
 59525 3 2
 59547 3 2
 59549 3 2
 59555 3 2
 59557 3 2
 59611 3 2
 59613 3 2
 59619 3 2
 59621 3 2
 59643 3 2
 59645 3 2
 59651 3 2
 59653 3 2
 59707 3 2
 59709 3 2
 59715 3 2
 59717 3 2
 59739 3 2
 59741 3 2
 59747 3 2
 59749 3 2
 59803 3 2
 59805 3 2
 59811 3 2
 59813 3 2
 59835 3 2
 59837 3 2
 59843 3 2
 59845 3 2
 60827 3 2
 60829 3 2
 60835 3 2
 60837 3 2
 60859 3 2
 60861 3 2
 60867 3 2
 60869 3 2
 60891 3 2
 60893 3 2
 60899 3 2
 60901 3 2
 60923 3 2
 60925 3 2
 60931 3 2
 60933 3 2
 60955 3 2
 60957 3 2
 60963 3 2
 60965 3 2
 60987 3 2
 60989 3 2
 60995 3 2
 60997 3 2
 61019 3 2
 61021 3 2
 61027 3 2
 61029 3 2
 61051 3 2
 61053 3 2
 61059 3 2
 61061 3 2
 62059 3 2
 62061 3 2
 62067 3 2
 62069 3 2
 62091 3 2
 62093 3 2
 62099 3 2
 62101 3 2
 62155 3 2
 62157 3 2
 62163 3 2
 62165 3 2
 62187 3 2
 62189 3 2
 62195 3 2
 62197 3 2
 62251 3 2
 62253 3 2
 62259 3 2
 62261 3 2
 62283 3 2
 62285 3 2
 62291 3 2
 62293 3 2
 62347 3 2
 62349 3 2
 62355 3 2
 62357 3 2
 62379 3 2
 62381 3 2
 62387 3 2
 62389 3 2
 63904 3 4
 63905 3 4
 63908 3 4
 63909 3 4
 63920 3 4
 63921 3 4
 63924 3 4
 63925 3 4
 63968 3 4
 63969 3 4
 63972 3 4
 63973 3 4
 64144 3 4
 64145 3 4
 64148 3 4
 64149 3 4
 64160 3 4
 64161 3 4
 64164 3 4
 64165 3 4
 64208 3 4
 64209 3 4
 64212 3 4
 64213 3 4
 64224 3 4
 64225 3 4
 64228 3 4
 64229 3 4
 64443 3 2
 64445 3 2
 64451 3 2
 64453 3 2
 64475 3 2
 64477 3 2
 64483 3 2
 64485 3 2
 64571 3 2
 64573 3 2
 64579 3 2
 64581 3 2
 64603 3 2
 64605 3 2
 64611 3 2
 64613 3 2
 64699 3 2
 64701 3 2
 64707 3 2
 64709 3 2
 64731 3 2
 64733 3 2
 64739 3 2
 64741 3 2
 64827 3 2
 64829 3 2
 64835 3 2
 64837 3 2
 64859 3 2
 64861 3 2
 64867 3 2
 64869 3 2
 66635 3 2
 66637 3 2
 66643 3 2
 66645 3 2
 66667 3 2
 66669 3 2
 66675 3 2
 66677 3 2
 66763 3 2
 66765 3 2
 66771 3 2
 66773 3 2
 66795 3 2
 66797 3 2
 66803 3 2
 66805 3 2
 66891 3 2
 66893 3 2
 66899 3 2
 66901 3 2
 66923 3 2
 66925 3 2
 66931 3 2
 66933 3 2
 67019 3 2
 67021 3 2
 67027 3 2
 67029 3 2
 67051 3 2
 67053 3 2
 67059 3 2
 67061 3 2
 67904 3 4
 67905 3 4
 67908 3 4
 67909 3 4
 67920 3 4
 67921 3 4
 67924 3 4
 67925 3 4
 67968 3 4
 67969 3 4
 67972 3 4
 67973 3 4
 67984 3 4
 67985 3 4
 67988 3 4
 67989 3 4
 68160 3 4
 68161 3 4
 68164 3 4
 68165 3 4
 68176 3 4
 68177 3 4
 68180 3 4
 68181 3 4
 68224 3 4
 68225 3 4
 68228 3 4
 68229 3 4
 68240 3 4
 68241 3 4
 68244 3 4
 68245 3 4
 68416 3 4
 68417 3 4
 68420 3 4
 68421 3 4
 68464 3 4
 68465 3 4
 68468 3 4
 68469 3 4
 68480 3 4
 68481 3 4
 68484 3 4
 68485 3 4
 68656 3 4
 68657 3 4
 68660 3 4
 68661 3 4
 68672 3 4
 68673 3 4
 68676 3 4
 68677 3 4
 68720 3 4
 68721 3 4
 68724 3 4
 68725 3 4
 68907 3 2
 68909 3 2
 68915 3 2
 68917 3 2
 68939 3 2
 68941 3 2
 68947 3 2
 68949 3 2
 69003 3 2
 69005 3 2
 69011 3 2
 69013 3 2
 69035 3 2
 69037 3 2
 69043 3 2
 69045 3 2
 69099 3 2
 69101 3 2
 69107 3 2
 69109 3 2
 69131 3 2
 69133 3 2
 69139 3 2
 69141 3 2
 69227 3 2
 69229 3 2
 69235 3 2
 69237 3 2
 69259 3 2
 69261 3 2
 69267 3 2
 69269 3 2
 71915 3 2
 71917 3 2
 71923 3 2
 71925 3 2
 71947 3 2
 71949 3 2
 71955 3 2
 71957 3 2
 72011 3 2
 72013 3 2
 72019 3 2
 72021 3 2
 72043 3 2
 72045 3 2
 72051 3 2
 72053 3 2
 72107 3 2
 72109 3 2
 72115 3 2
 72117 3 2
 72139 3 2
 72141 3 2
 72147 3 2
 72149 3 2
 72203 3 2
 72205 3 2
 72211 3 2
 72213 3 2
 72235 3 2
 72237 3 2
 72243 3 2
 72245 3 2
 73051 3 2
 73053 3 2
 73059 3 2
 73061 3 2
 73083 3 2
 73085 3 2
 73091 3 2
 73093 3 2
 73147 3 2
 73149 3 2
 73155 3 2
 73157 3 2
 73179 3 2
 73181 3 2
 73187 3 2
 73189 3 2
 73243 3 2
 73245 3 2
 73251 3 2
 73253 3 2
 73275 3 2
 73277 3 2
 73283 3 2
 73285 3 2
 73339 3 2
 73341 3 2
 73347 3 2
 73349 3 2
 73371 3 2
 73373 3 2
 73379 3 2
 73381 3 2
 74384 3 4
 74385 3 4
 74388 3 4
 74389 3 4
 74400 3 4
 74401 3 4
 74404 3 4
 74405 3 4
 74448 3 4
 74449 3 4
 74452 3 4
 74453 3 4
 74464 3 4
 74465 3 4
 74468 3 4
 74469 3 4
 74576 3 4
 74577 3 4
 74580 3 4
 74581 3 4
 74592 3 4
 74593 3 4
 74596 3 4
 74597 3 4
 74640 3 4
 74641 3 4
 74644 3 4
 74645 3 4
 74656 3 4
 74657 3 4
 74660 3 4
 74661 3 4
 74747 3 2
 74749 3 2
 74755 3 2
 74757 3 2
 74779 3 2
 74781 3 2
 74787 3 2
 74789 3 2
 74843 3 2
 74845 3 2
 74851 3 2
 74853 3 2
 74875 3 2
 74877 3 2
 74883 3 2
 74885 3 2
 74939 3 2
 74941 3 2
 74947 3 2
 74949 3 2
 74971 3 2
 74973 3 2
 74979 3 2
 74981 3 2
 75035 3 2
 75037 3 2
 75043 3 2
 75045 3 2
 75067 3 2
 75069 3 2
 75075 3 2
 75077 3 2
 75648 3 4
 75649 3 4
 75652 3 4
 75653 3 4
 75664 3 4
 75665 3 4
 75668 3 4
 75669 3 4
 75712 3 4
 75713 3 4
 75716 3 4
 75717 3 4
 75728 3 4
 75729 3 4
 75732 3 4
 75733 3 4
 75888 3 4
 75889 3 4
 75892 3 4
 75893 3 4
 75904 3 4
 75905 3 4
 75908 3 4
 75909 3 4
 75952 3 4
 75953 3 4
 75956 3 4
 75957 3 4
 75968 3 4
 75969 3 4
 75972 3 4
 75973 3 4
 76880 3 4
 76881 3 4
 76884 3 4
 76885 3 4
 76896 3 4
 76897 3 4
 76900 3 4
 76901 3 4
 76944 3 4
 76945 3 4
 76948 3 4
 76949 3 4
 76960 3 4
 76961 3 4
 76964 3 4
 76965 3 4
 77456 3 4
 77457 3 4
 77460 3 4
 77461 3 4
 77472 3 4
 77473 3 4
 77476 3 4
 77477 3 4
 77520 3 4
 77521 3 4
 77524 3 4
 77525 3 4
 77536 3 4
 77537 3 4
 77540 3 4
 77541 3 4
 77888 3 4
 77889 3 4
 77892 3 4
 77893 3 4
 77904 3 4
 77905 3 4
 77908 3 4
 77909 3 4
 77952 3 4
 77953 3 4
 77956 3 4
 77957 3 4
 77968 3 4
 77969 3 4
 77972 3 4
 77973 3 4
 78240 3 4
 78241 3 4
 78244 3 4
 78245 3 4
 78256 3 4
 78257 3 4
 78260 3 4
 78261 3 4
 78304 3 4
 78305 3 4
 78308 3 4
 78309 3 4
 78320 3 4
 78321 3 4
 78324 3 4
 78325 3 4
 78432 3 4
 78433 3 4
 78436 3 4
 78437 3 4
 78448 3 4
 78449 3 4
 78452 3 4
 78453 3 4
 78496 3 4
 78497 3 4
 78500 3 4
 78501 3 4
 78512 3 4
 78513 3 4
 78516 3 4
 78517 3 4
 79072 3 4
 79073 3 4
 79076 3 4
 79077 3 4
 79088 3 4
 79089 3 4
 79092 3 4
 79093 3 4
 79136 3 4
 79137 3 4
 79140 3 4
 79141 3 4
 79152 3 4
 79153 3 4
 79156 3 4
 79157 3 4
 79408 3 4
 79409 3 4
 79412 3 4
 79413 3 4
 79424 3 4
 79425 3 4
 79428 3 4
 79429 3 4
 79472 3 4
 79473 3 4
 79476 3 4
 79477 3 4
 79488 3 4
 79489 3 4
 79492 3 4
 79493 3 4
 79664 3 4
 79665 3 4
 79668 3 4
 79669 3 4
 79680 3 4
 79681 3 4
 79684 3 4
 79685 3 4
 79728 3 4
 79729 3 4
 79732 3 4
 79733 3 4
 79744 3 4
 79745 3 4
 79748 3 4
 79749 3 4
 82827 3 2
 82829 3 2
 82835 3 2
 82837 3 2
 82859 3 2
 82861 3 2
 82867 3 2
 82869 3 2
 82955 3 2
 82957 3 2
 82963 3 2
 82965 3 2
 82987 3 2
 82989 3 2
 82995 3 2
 82997 3 2
 83131 3 2
 83133 3 2
 83139 3 2
 83141 3 2
 83163 3 2
 83165 3 2
 83171 3 2
 83173 3 2
 83227 3 2
 83229 3 2
 83235 3 2
 83237 3 2
 83259 3 2
 83261 3 2
 83267 3 2
 83269 3 2
 83435 3 2
 83437 3 2
 83443 3 2
 83445 3 2
 83467 3 2
 83469 3 2
 83475 3 2
 83477 3 2
 83563 3 2
 83565 3 2
 83571 3 2
 83573 3 2
 83595 3 2
 83597 3 2
 83603 3 2
 83605 3 2
 83691 3 2
 83693 3 2
 83699 3 2
 83701 3 2
 83723 3 2
 83725 3 2
 83731 3 2
 83733 3 2
 83819 3 2
 83821 3 2
 83827 3 2
 83829 3 2
 83851 3 2
 83853 3 2
 83859 3 2
 83861 3 2
 84112 3 4
 84113 3 4
 84116 3 4
 84117 3 4
 84128 3 4
 84129 3 4
 84132 3 4
 84133 3 4
 84176 3 4
 84177 3 4
 84180 3 4
 84181 3 4
 84192 3 4
 84193 3 4
 84196 3 4
 84197 3 4
 84304 3 4
 84305 3 4
 84308 3 4
 84309 3 4
 84320 3 4
 84321 3 4
 84324 3 4
 84325 3 4
 84368 3 4
 84369 3 4
 84372 3 4
 84373 3 4
 84384 3 4
 84385 3 4
 84388 3 4
 84389 3 4
 