585 3 2
 586 3 2
 599 3 4
 600 3 4
 1033 3 4
 1034 3 4
 1347 3 2
 1348 3 2
 1546 3 4
 1547 3 4
 1945 3 4
 1948 3 4
 2070 0 1
 2071 0 1
 2075 0 3
 2076 0 3
 2078 0 3
 2079 0 3
 2082 0 1
 2083 0 1
 2102 1 3
 2103 1 3
 2130 0 3
 2131 0 3
 2134 0 3
 2135 0 3
 2138 3 4
 2139 3 4
 2162 1 1
 2163 1 1
 2182 1 1
 2183 1 1
 2186 2 3
 2187 2 3
 2194 2 3
 2195 2 3
 2198 2 1
 2199 2 1
 2202 1 1
 2203 1 1
 2210 0 1
 2211 0 1
 2214 1 1
 2215 1 1
 2218 1 1
 2219 1 1
 2223 1 3
 2224 1 3
 2226 1 1
 2227 1 1
 2230 1 3
 2231 1 3
 2238 1 3
 2239 1 3
 2242 1 1
 2243 1 1
 2254 1 1
 2255 1 1
 2258 1 3
 2259 1 3
 2262 1 3
 2263 1 3
 2266 2 1
 2267 2 1
 2270 1 1
 2271 1 1
 2278 2 3
 2279 2 3
 2294 1 1
 2295 1 1
 2298 1 3
 2299 1 3
 2302 1 1
 2303 1 1
 2310 1 1
 2311 1 1
 2318 1 1
 2319 1 1
 2322 1 1
 2323 1 1
 2358 2 1
 2359 2 1
 2394 0 3
 2395 0 3
 2399 0 3
 2400 0 3
 2418 1 3
 2419 1 3
 2422 1 1
 2423 1 1
 2458 2 3
 2459 2 3
 2510 2 3
 2511 2 3
 2515 2 3
 2516 2 3
 2517 1 1
 2517 2 3
 2518 2 3
 2520 1 1
 2534 1 3
 2535 1 3
 2566 1 3
 2567 1 3
 2598 0 3
 2599 0 3
 2630 1 1
 2631 1 1
 2681 3 2
 2682 3 2
 2686 0 3
 2687 0 3
 2754 2 1
 2755 2 1
 2766 2 3
 2767 2 3
 2770 1 3
 2771 1 3
 2778 1 1
 2779 1 1
 2814 0 3
 2815 0 3
 2874 1 1
 2875 1 1
 2905 0 1
 2906 0 1
 2906 1 3
 2907 1 3
 2913 2 1
 2914 2 1
 2914 1 3
 2915 1 3
 2957 0 3
 2959 1 1
 2960 1 1
 2960 0 3
 2978 1 1
 2979 1 1
 3014 0 1
 3015 0 1
 3018 0 3
 3019 0 3
 3022 1 3
 3023 1 3
 3030 2 3
 3031 2 3
 3049 1 1
 3050 1 1
 3062 0 3
 3063 0 3
 3074 1 1
 3075 1 1
 3078 2 1
 3079 2 1
 3102 1 3
 3103 1 3
 3106 1 3
 3107 1 3
 3114 0 3
 3115 0 3
 3119 0 3
 3120 0 3
 3122 2 3
 3123 2 3
 3126 2 3
 3127 2 3
 3131 2 1
 3132 2 1
 3162 0 1
 3163 0 1
 3170 2 1
 3171 2 1
 3175 2 1
 3176 2 1
 3178 1 3
 3179 1 3
 3218 1 3
 3219 1 3
 3238 1 1
 3239 1 1
 3326 3 4
 3327 3 4
 3346 1 3
 3347 1 3
 3351 3 4
 3352 3 4
 3357 3 4
 3358 3 4
 3369 1 1
 3372 1 1
 3377 1 1
 3378 1 1
 3386 1 3
 3387 1 3
 3394 1 3
 3395 1 3
 3399 1 3
 3400 1 3
 3431 1 1
 3432 1 1
 3434 1 1
 3435 1 1
 3439 1 1
 3440 1 1
 3477 1 3
 3480 1 3
 3581 3 2
 3584 3 2
 3605 3 2
 3606 3 2
 3695 3 2
 3696 3 2
 3733 3 2
 3734 3 2
 3831 3 4
 3832 3 4
 3853 3 4
 3856 3 4
 3858 3 4
 3859 3 4
 3881 3 4
 3882 3 4
 3905 3 2
 3906 3 2
 3923 3 4
 3924 3 4
 3994 3 2
 3995 3 2
 4023 3 2
 4024 3 2
 4039 3 2
 4040 3 2
 4046 3 4
 4047 3 4
 4055 3 4
 4056 3 4
 4058 3 4
 4059 3 4
 4063 3 4
 4064 3 4
 4071 3 2
 4072 3 2
 4082 3 4
 4083 3 4
 4087 3 2
 4088 3 2
 4090 3 4
 4091 3 4
 4111 3 2
 4112 3 2
 4147 3 2
 4148 3 2
 4159 3 2
 4160 3 2
 4214 3 4
 4215 3 4
 4226 3 2
 4227 3 2
 4314 3 2
 4315 3 2
 4351 3 4
 4352 3 4
 4377 3 4
 4378 3 4
 4389 3 2
 4390 3 2
 4497 3 2
 4498 3 2
 4637 3 2
 4638 3 2
 4709 3 4
 4710 3 4
 4725 3 2
 4726 3 2
 4765 3 4
 4766 3 4
 4801 3 4
 4804 3 4
 4849 3 4
 4852 3 4
 4865 3 4
 4868 3 4
 4877 3 4
 4878 3 4
 4881 3 2
 4884 3 2
 5101 3 2
 5104 3 2
 5245 3 2
 5246 3 2
 5443 3 4
 5444 3 4
 