9 2 3
 10 2 3
 13 2 3
 14 2 3
 533 1 1
 535 1 1
 537 1 1
 539 1 1
 733 2 1
 735 2 1
 1233 1 3
 1234 1 3
 1237 1 3
 1238 1 3
 1885 1 1
 1887 1 1
 1889 1 1
 1891 1 1
 1985 1 3
 1986 1 3
 1989 1 3
 1990 1 3
 2009 1 1
 2011 1 1
 2109 1 1
 2111 1 1
 2477 1 1
 2479 1 1
 2481 1 1
 2483 1 1
 2669 1 3
 2670 1 3
 2681 1 3
 2682 1 3
 2685 2 1
 2687 2 1
 2693 2 1
 2695 2 1
 2741 2 1
 2743 2 1
 2761 2 3
 2762 2 3
 2773 2 3
 2774 2 3
 3163 0 4
 3164 0 4
 3167 0 4
 3168 0 4
 3245 0 1
 3247 0 1
 3249 0 1
 3251 0 1
 3283 0 4
 3284 0 4
 3295 0 4
 3296 0 4
 3401 0 3
 3402 0 3
 3405 0 3
 3406 0 3
 3423 0 4
 3424 0 4
 3427 0 4
 3428 0 4
 3481 0 1
 3483 0 1
 3485 0 1
 3485 1 3
 3486 1 3
 3487 0 1
 3489 1 3
 3490 1 3
 3703 0 4
 3704 0 4
 3707 0 4
 3708 0 4
 3715 0 4
 3716 0 4
 3719 0 4
 3720 0 4
 3777 2 3
 3778 2 3
 3781 2 3
 3782 2 3
 3809 0 3
 3810 0 3
 3813 0 3
 3814 0 3
 3950 0 2
 3952 0 2
 3954 0 2
 3956 0 2
 4021 2 1
 4023 2 1
 4025 0 3
 4026 0 3
 4029 0 3
 4030 0 3
 4081 0 3
 4082 0 3
 4085 0 3
 4086 0 3
 4121 0 3
 4122 0 3
 4125 0 3
 4126 0 3
 4162 0 2
 4164 0 2
 4166 0 2
 4168 0 2
 4170 0 2
 4172 0 2
 4174 0 2
 4176 0 2
 4205 0 3
 4206 0 3
 4209 0 3
 4210 0 3
 4315 0 4
 4316 0 4
 4319 0 4
 4320 0 4
 4422 0 2
 4424 0 2
 4426 0 2
 4428 0 2
 4503 0 4
 4504 0 4
 4507 0 4
 4508 0 4
 4618 0 2
 4620 0 2
 4625 1 3
 4626 1 3
 4629 1 3
 4630 0 2
 4630 1 3
 4632 0 2
 4669 0 1
 4671 0 1
 4673 0 1
 4675 0 1
 4723 0 4
 4724 0 4
 4727 0 4
 4728 0 4
 4737 2 3
 4738 2 3
 4741 2 3
 4742 2 3
 4750 0 2
 4752 0 2
 4754 0 2
 4756 0 2
 4765 0 3
 4766 0 3
 4769 0 3
 4770 0 3
 4777 0 3
 4778 0 3
 4789 0 3
 4790 0 3
 4817 0 3
 4818 0 3
 4821 0 3
 4822 0 3
 4829 0 1
 4831 0 1
 4833 0 1
 4835 0 1
 4877 0 1
 4879 0 1
 4881 0 1
 4883 0 1
 4893 0 3
 4894 0 3
 4897 0 3
 4898 0 3
 4905 0 3
 4906 0 3
 4909 0 3
 4910 0 3
 4917 0 3
 4918 0 3
 4921 0 3
 4922 0 3
 4933 0 3
 4934 0 3
 4937 0 3
 4938 0 3
 4953 0 3
 4954 0 3
 4957 0 3
 4958 0 3
 4965 0 3
 4966 0 3
 4969 0 3
 4970 0 3
 4981 0 3
 4982 0 3
 4985 0 3
 4986 0 3
 5005 0 1
 5007 0 1
 5009 0 1
 5011 0 1
 5013 2 1
 5015 2 1
 5017 2 1
 5019 2 1
 5029 0 3
 5030 0 3
 5033 0 3
 5034 0 3
 5053 0 1
 5055 0 1
 5057 0 1
 5059 0 1
 5065 0 1
 5067 0 1
 5069 0 1
 5071 0 1
 5075 0 4
 5076 0 4
 5079 0 4
 5080 0 4
 5083 0 4
 5084 0 4
 5087 0 4
 5088 0 4
 5123 0 4
 5124 0 4
 5127 0 4
 5128 0 4
 5145 0 3
 5146 0 3
 5157 0 3
 5158 0 3
 5162 0 2
 5164 0 2
 5166 0 2
 5168 0 2
 5186 0 2
 5188 0 2
 5190 0 2
 5192 0 2
 5195 0 4
 5196 0 4
 5199 0 4
 5200 0 4
 5203 0 4
 5204 0 4
 5207 0 4
 5208 0 4
 5211 0 4
 5212 0 4
 5215 0 4
 5216 0 4
 5218 0 2
 5220 0 2
 5222 0 2
 5224 0 2
 5226 0 2
 5228 0 2
 5230 0 2
 5232 0 2
 5266 0 2
 5268 0 2
 5270 0 2
 5272 0 2
 5274 0 2
 5276 0 2
 5278 0 2
 5280 0 2
 5282 0 2
 5284 0 2
 5286 0 2
 5288 0 2
 5290 0 2
 5292 0 2
 5294 0 2
 5296 0 2
 5298 0 2
 5300 0 2
 5302 0 2
 5304 0 2
 5307 0 4
 5308 0 4
 5311 0 4
 5312 0 4
 5409 0 1
 5411 0 1
 5421 0 1
 5423 0 1
 5426 0 2
 5428 0 2
 5430 0 2
 5432 0 2
 5433 0 3
 5434 0 3
 5445 0 3
 5446 0 3
 5525 0 3
 5526 0 3
 5529 0 3
 5530 0 3
 5665 0 3
 5666 0 3
 5669 0 3
 5670 0 3
 5777 0 1
 5779 0 1
 5781 0 1
 5783 0 1
 5825 0 3
 5826 0 3
 5829 0 3
 5830 0 3
 5841 0 1
 5843 0 1
 5845 0 1
 5847 0 1
 5983 0 4
 5984 0 4
 5987 0 4
 5988 0 4
 6093 0 1
 6095 0 1
 6097 0 1
 6099 0 1
 6153 0 1
 6155 0 1
 6157 0 1
 6159 0 1
 6185 0 1
 6187 0 1
 6189 0 1
 6191 0 1
 6245 0 1
 6247 0 1
 6249 0 1
 6251 0 1
 6265 0 3
 6266 0 3
 6269 0 3
 6270 0 3
 6281 0 3
 6282 0 3
 6285 0 3
 6286 0 3
 6293 0 1
 6295 0 1
 6297 0 1
 6299 0 1
 6313 0 3
 6314 0 3
 6317 0 3
 6318 0 3
 6329 0 1
 6331 0 1
 6333 0 1
 6335 0 1
 6361 0 1
 6363 0 1
 6365 0 1
 6367 0 1
 6389 0 1
 6391 0 1
 6393 0 1
 6395 0 1
 6405 0 3
 6406 0 3
 6409 0 3
 6410 0 3
 6859 0 4
 6860 0 4
 6863 0 4
 6864 0 4
 6867 0 4
 6868 0 4
 6871 0 4
 6872 0 4
 6875 0 4
 6876 0 4
 6879 0 4
 6880 0 4
 6883 0 4
 6884 0 4
 6887 0 4
 6888 0 4
 6923 0 4
 6924 0 4
 6927 0 4
 6928 0 4
 6931 0 4
 6932 0 4
 6935 0 4
 6936 0 4
 6954 0 2
 6956 0 2
 6958 0 2
 6960 0 2
 6963 0 4
 6964 0 4
 6967 0 4
 6968 0 4
 6970 0 2
 6972 0 2
 6974 0 2
 6976 0 2
 7113 0 3
 7114 0 3
 7117 0 3
 7118 0 3
 7209 0 1
 7211 0 1
 7221 0 1
 7223 0 1
 7257 0 1
 7259 0 1
 7269 0 1
 7271 0 1
 7289 0 3
 7290 0 3
 7293 0 3
 7294 0 3
 7341 2 3
 7342 2 3
 7345 2 3
 7346 2 3
 7399 0 4
 7400 0 4
 7403 0 4
 7404 0 4
 7407 0 4
 7408 0 4
 7411 0 4
 7412 0 4
 7418 0 2
 7420 0 2
 7422 0 2
 7424 0 2
 7426 0 2
 7428 0 2
 7430 0 2
 7432 0 2
 7435 0 4
 7436 0 4
 7439 0 4
 7440 0 4
 7457 2 1
 7457 0 3
 7458 0 3
 7459 2 1
 7461 0 3
 7462 0 3
 7467 0 4
 7468 0 4
 7469 2 1
 7471 2 1
 7471 0 4
 7472 0 4
 7475 0 4
 7476 0 4
 7479 0 4
 7480 0 4
 7482 0 2
 7484 0 2
 7486 0 2
 7488 0 2
 7491 0 4
 7492 0 4
 7495 0 4
 7496 0 4
 8649 1 1
 8651 1 1
 8657 1 1
 8659 1 1
 8761 1 1
 8763 1 1
 8769 1 1
 8771 1 1
 9337 2 1
 9339 2 1
 9345 2 1
 9347 2 1
 