449 0 1
 451 0 1
 453 0 1
 455 0 1
 495 0 4
 496 0 4
 507 0 4
 508 0 4
 637 0 3
 638 0 3
 641 0 3
 642 0 3
 659 0 4
 660 0 4
 663 0 4
 664 0 4
 717 0 1
 719 0 1
 721 0 1
 721 1 3
 722 1 3
 723 0 1
 1021 2 3
 1022 2 3
 1025 2 3
 1026 2 3
 1053 0 3
 1054 0 3
 1057 0 3
 1058 0 3
 1190 0 2
 1192 0 2
 1194 0 2
 1196 0 2
 1261 2 1
 1263 2 1
 1265 0 3
 1266 0 3
 1269 0 3
 1270 0 3
 1531 0 4
 1532 0 4
 1535 0 4
 1536 0 4
 1854 0 2
 1856 0 2
 1861 1 3
 1862 0 2
 1862 1 3
 1864 0 2
 1901 0 1
 1903 0 1
 1905 0 1
 1907 0 1
 1961 2 3
 1962 2 3
 1965 2 3
 1966 2 3
 2006 0 2
 2008 0 2
 2010 0 2
 2012 0 2
 2021 0 3
 2022 0 3
 2025 0 3
 2026 0 3
 2033 0 3
 2034 0 3
 2045 0 3
 2046 0 3
 2093 0 3
 2094 0 3
 2097 0 3
 2098 0 3
 2105 0 1
 2107 0 1
 2109 0 1
 2111 0 1
 2153 0 1
 2155 0 1
 2157 0 1
 2159 0 1
 2169 0 3
 2170 0 3
 2173 0 3
 2174 0 3
 2185 0 3
 2186 0 3
 2189 0 3
 2190 0 3
 2201 0 3
 2202 0 3
 2205 0 3
 2206 0 3
 2221 0 3
 2222 0 3
 2225 0 3
 2226 0 3
 2233 0 3
 2234 0 3
 2237 0 3
 2238 0 3
 2249 0 3
 2250 0 3
 2253 0 3
 2254 0 3
 2293 2 1
 2295 2 1
 2297 2 1
 2299 2 1
 2373 0 3
 2374 0 3
 2381 0 3
 2382 0 3
 2529 0 3
 2530 0 3
 2533 0 3
 2534 0 3
 2625 0 3
 2626 0 3
 2629 0 3
 2630 0 3
 2781 0 3
 2782 0 3
 2785 0 3
 2786 0 3
 2877 0 1
 2879 0 1
 2881 0 1
 2883 0 1
 2925 0 3
 2926 0 3
 2929 0 3
 2930 0 3
 2941 0 1
 2943 0 1
 2945 0 1
 2947 0 1
 3103 0 4
 3104 0 4
 3107 0 4
 3108 0 4
 3281 0 1
 3283 0 1
 3285 0 1
 3287 0 1
 3357 0 1
 3359 0 1
 3361 0 1
 3363 0 1
 3377 0 3
 3378 0 3
 3381 0 3
 3382 0 3
 3393 0 3
 3394 0 3
 3397 0 3
 3398 0 3
 3405 0 1
 3407 0 1
 3409 0 1
 3411 0 1
 3425 0 3
 3426 0 3
 3429 0 3
 3430 0 3
 3441 0 1
 3443 0 1
 3445 0 1
 3447 0 1
 3473 0 1
 3475 0 1
 3477 0 1
 3479 0 1
 3501 0 1
 3503 0 1
 3505 0 1
 3507 0 1
 3517 0 3
 3518 0 3
 3521 0 3
 3522 0 3
 3987 0 4
 3988 0 4
 3991 0 4
 3992 0 4
 3999 0 4
 4000 0 4
 4003 0 4
 4004 0 4
 4019 0 4
 4020 0 4
 4023 0 4
 4024 0 4
 4063 0 4
 4064 0 4
 4102 0 2
 4104 0 2
 4106 0 2
 4108 0 2
 4114 0 2
 4116 0 2
 4118 0 2
 4120 0 2
 4301 0 3
 4302 0 3
 4305 0 3
 4306 0 3
 4361 0 1
 4363 0 1
 4373 0 1
 4375 0 1
 4409 0 1
 4411 0 1
 4421 0 1
 4423 0 1
 4441 0 3
 4442 0 3
 4445 0 3
 4446 0 3
 4517 2 3
 4518 2 3
 4521 2 3
 4522 2 3
 4579 0 4
 4580 0 4
 4583 0 4
 4584 0 4
 4595 0 4
 4596 0 4
 4603 0 4
 4604 0 4
 4653 2 1
 4655 2 1
 4757 2 3
 4758 2 3
 4761 2 3
 4762 2 3
 4773 2 3
 4774 2 3
 4777 2 3
 4778 2 3
 6645 1 1
 6647 1 1
 6653 1 1
 6655 1 1
 6661 1 1
 6663 1 1
 6669 1 1
 6671 1 1
 7365 2 1
 7367 2 1
 7373 2 1
 7375 2 1
 9301 1 3
 9302 1 3
 9305 1 3
 9306 1 3
 9317 1 3
 9318 1 3
 9321 1 3
 9322 1 3
 11797 1 1
 11799 1 1
 11805 1 1
 11807 1 1
 11813 1 1
 11815 1 1
 11821 1 1
 11823 1 1
 12085 1 3
 12086 1 3
 12089 1 3
 12090 1 3
 12101 1 3
 12102 1 3
 12105 1 3
 12106 1 3
 12149 1 1
 12151 1 1
 12157 1 1
 12159 1 1
 12165 1 1
 12167 1 1
 12173 1 1
 12175 1 1
 12405 1 1
 12407 1 1
 12413 1 1
 12415 1 1
 12421 1 1
 12423 1 1
 12429 1 1
 12431 1 1
 13797 1 1
 13799 1 1
 13805 1 1
 13807 1 1
 13813 1 1
 13815 1 1
 13821 1 1
 13823 1 1
 14117 1 3
 14118 1 3
 14121 1 3
 14122 1 3
 14165 1 3
 14166 1 3
 14169 1 3
 14170 1 3
 14181 2 1
 14183 2 1
 14189 2 1
 14191 2 1
 14213 2 1
 14215 2 1
 14221 2 1
 14223 2 1
 14357 2 1
 14359 2 1
 14365 2 1
 14367 2 1
 14373 2 3
 14374 2 3
 14377 2 3
 14378 2 3
 14421 2 3
 14422 2 3
 14425 2 3
 14426 2 3
 14559 0 4
 14560 0 4
 14563 0 4
 14564 0 4
 14575 0 4
 14576 0 4
 14579 0 4
 14580 0 4
 14709 1 3
 14710 1 3
 14713 1 3
 14714 1 3
 14799 0 4
 14800 0 4
 14803 0 4
 14804 0 4
 14831 0 4
 14832 0 4
 14835 0 4
 14836 0 4
 14847 0 4
 14848 0 4
 14851 0 4
 14852 0 4
 14863 0 4
 14864 0 4
 14867 0 4
 14868 0 4
 15013 0 3
 15014 0 3
 15017 0 3
 15018 0 3
 15029 0 3
 15030 0 3
 15033 0 3
 15034 0 3
 15045 0 3
 15046 0 3
 15049 0 3
 15050 0 3
 15061 0 3
 15062 0 3
 15065 0 3
 15066 0 3
 15098 0 2
 15100 0 2
 15106 0 2
 15108 0 2
 15114 0 2
 15116 0 2
 15122 0 2
 15124 0 2
 15130 0 2
 15132 0 2
 15138 0 2
 15140 0 2
 15146 0 2
 15148 0 2
 15154 0 2
 15156 0 2
 15157 0 3
 15158 0 3
 15161 0 3
 15162 0 3
 15173 0 3
 15174 0 3
 15177 0 3
 15178 0 3
 15210 0 2
 15212 0 2
 15218 0 2
 15220 0 2
 15226 0 2
 15228 0 2
 15234 0 2
 15236 0 2
 15247 0 4
 15248 0 4
 15251 0 4
 15252 0 4
 15263 0 4
 15264 0 4
 15267 0 4
 15268 0 4
 15317 1 3
 15318 1 3
 15321 1 3
 15322 1 3
 15551 0 4
 15552 0 4
 15555 0 4
 15556 0 4
 15567 0 4
 15568 0 4
 15571 0 4
 15572 0 4
 15669 0 3
 15670 0 3
 15673 0 3
 15674 0 3
 15685 0 3
 15686 0 3
 15689 0 3
 15690 0 3
 15701 0 1
 15703 0 1
 15709 0 1
 15711 0 1
 15717 0 1
 15719 0 1
 15725 0 1
 15727 0 1
 15733 0 3
 15734 0 3
 15737 0 3
 15738 0 3
 15749 0 3
 15750 0 3
 15753 0 3
 15754 0 3
 15765 0 1
 15767 0 1
 15773 0 1
 15775 0 1
 15781 0 1
 15783 0 1
 15789 0 1
 15791 0 1
 15813 0 1
 15815 0 1
 15821 0 1
 15823 0 1
 15829 0 1
 15831 0 1
 15837 0 1
 15839 0 1
 15855 0 4
 15856 0 4
 15859 0 4
 15860 0 4
 15871 0 4
 15872 0 4
 15875 0 4
 15876 0 4
 15887 0 4
 15888 0 4
 15891 0 4
 15892 0 4
 15903 0 4
 15904 0 4
 15907 0 4
 15908 0 4
 15919 0 4
 15920 0 4
 15923 0 4
 15924 0 4
 15935 0 4
 15936 0 4
 15939 0 4
 15940 0 4
 15946 0 2
 15948 0 2
 15954 0 2
 15956 0 2
 15962 0 2
 15964 0 2
 15970 0 2
 15972 0 2
 15978 0 2
 15980 0 2
 15986 0 2
 15988 0 2
 15994 0 2
 15996 0 2
 16002 0 2
 16004 0 2
 16015 0 4
 16016 0 4
 16019 0 4
 16020 0 4
 16031 0 4
 16032 0 4
 16035 0 4
 16036 0 4
 16047 0 4
 16048 0 4
 16051 0 4
 16052 0 4
 16063 0 4
 16064 0 4
 16067 0 4
 16068 0 4
 16079 0 4
 16080 0 4
 16083 0 4
 16084 0 4
 16095 0 4
 16096 0 4
 16099 0 4
 16100 0 4
 16106 0 2
 16108 0 2
 16114 0 2
 16116 0 2
 16122 0 2
 16124 0 2
 16130 0 2
 16132 0 2
 16138 0 2
 16140 0 2
 16146 0 2
 16148 0 2
 16154 0 2
 16156 0 2
 16162 0 2
 16164 0 2
 16170 0 2
 16172 0 2
 16178 0 2
 16180 0 2
 16186 0 2
 16188 0 2
 16194 0 2
 16196 0 2
 16202 0 2
 16204 0 2
 16210 0 2
 16212 0 2
 16218 0 2
 16220 0 2
 16226 0 2
 16228 0 2
 16234 0 2
 16236 0 2
 16242 0 2
 16244 0 2
 16250 0 2
 16252 0 2
 16258 0 2
 16260 0 2
 16266 0 2
 16268 0 2
 16274 0 2
 16276 0 2
 16282 0 2
 16284 0 2
 16290 0 2
 16292 0 2
 16298 0 2
 16300 0 2
 16306 0 2
 16308 0 2
 16314 0 2
 16316 0 2
 16322 0 2
 16324 0 2
 16335 0 4
 16336 0 4
 16339 0 4
 16340 0 4
 16351 0 4
 16352 0 4
 16355 0 4
 16356 0 4
 16421 0 1
 16423 0 1
 16429 0 1
 16431 0 1
 16437 0 1
 16439 0 1
 16445 0 1
 16447 0 1
 16522 0 2
 16524 0 2
 16530 0 2
 16532 0 2
 16538 0 2
 16540 0 2
 16546 0 2
 16548 0 2
 16837 0 1
 16839 0 1
 16845 0 1
 16847 0 1
 16853 0 1
 16855 0 1
 16861 0 1
 16863 0 1
 16869 0 1
 16871 0 1
 16877 0 1
 16879 0 1
 16885 0 1
 16887 0 1
 16893 0 1
 16895 0 1
 16911 0 4
 16912 0 4
 16915 0 4
 16916 0 4
 16927 0 4
 16928 0 4
 16931 0 4
 16932 0 4
 16943 0 4
 16944 0 4
 16947 0 4
 16948 0 4
 16959 0 4
 16960 0 4
 16963 0 4
 16964 0 4
 16975 0 4
 16976 0 4
 16979 0 4
 16980 0 4
 16991 0 4
 16992 0 4
 16995 0 4
 16996 0 4
 17007 0 4
 17008 0 4
 17011 0 4
 17012 0 4
 17247 0 4
 17248 0 4
 17251 0 4
 17252 0 4
 17263 0 4
 17264 0 4
 17267 0 4
 17268 0 4
 17290 0 2
 17292 0 2
 17298 0 2
 17300 0 2
 17306 0 2
 17308 0 2
 17314 0 2
 17316 0 2
 17322 0 2
 17324 0 2
 17330 0 2
 17332 0 2
 17338 0 2
 17340 0 2
 17346 0 2
 17348 0 2
 17349 2 1
 17349 0 3
 17350 0 3
 17351 2 1
 17353 0 3
 17354 0 3
 17357 2 1
 17359 2 1
 17365 0 3
 17366 0 3
 17369 0 3
 17370 0 3
 17391 0 4
 17392 0 4
 17395 0 4
 17396 0 4
 17397 2 1
 17399 2 1
 17405 2 1
 17407 2 1
 17407 0 4
 17408 0 4
 17411 0 4
 17412 0 4
 17423 0 4
 17424 0 4
 17427 0 4
 17428 0 4
 17439 0 4
 17440 0 4
 17443 0 4
 17444 0 4
 17482 0 2
 17484 0 2
 17490 0 2
 17492 0 2
 17498 0 2
 17500 0 2
 17506 0 2
 17508 0 2
 17615 0 4
 17616 0 4
 17619 0 4
 17620 0 4
 17663 0 4
 17664 0 4
 17667 0 4
 17668 0 4
 