697 2 1
 699 2 1
 859 0 4
 860 0 4
 863 0 4
 864 0 4
 909 0 1
 911 0 1
 913 0 1
 915 0 1
 967 0 4
 968 0 4
 971 0 4
 972 0 4
 993 0 1
 995 0 1
 997 0 1
 997 1 3
 998 1 3
 999 0 1
 1001 1 3
 1002 1 3
 1107 0 4
 1108 0 4
 1111 0 4
 1112 0 4
 1141 0 3
 1142 0 3
 1145 0 3
 1146 0 3
 1238 0 2
 1240 0 2
 1242 0 2
 1244 0 2
 1257 0 3
 1258 0 3
 1297 0 3
 1298 0 3
 1301 0 3
 1302 0 3
 1306 0 2
 1308 0 2
 1339 0 4
 1340 0 4
 1343 0 4
 1344 0 4
 1386 0 2
 1388 0 2
 1390 0 2
 1392 0 2
 1506 0 2
 1508 0 2
 1513 1 3
 1514 1 3
 1517 1 3
 1518 0 2
 1518 1 3
 1520 0 2
 1537 0 1
 1539 0 1
 1541 0 1
 1543 0 1
 1567 0 4
 1568 0 4
 1571 0 4
 1572 0 4
 1578 0 2
 1580 0 2
 1582 0 2
 1584 0 2
 1593 0 3
 1594 0 3
 1597 0 3
 1598 0 3
 1605 0 3
 1606 0 3
 1609 0 1
 1611 0 1
 1617 0 3
 1618 0 3
 1621 0 3
 1622 0 3
 1625 0 3
 1626 0 3
 1629 0 3
 1630 0 3
 1641 0 1
 1643 0 1
 1649 0 3
 1650 0 3
 1653 0 3
 1654 0 3
 1657 0 1
 1659 0 1
 1661 0 1
 1663 0 1
 1665 0 1
 1667 0 1
 1671 0 4
 1672 0 4
 1675 0 4
 1676 0 4
 1679 0 4
 1680 0 4
 1683 0 4
 1684 0 4
 1695 0 4
 1696 0 4
 1699 0 4
 1700 0 4
 1717 0 3
 1718 0 3
 1729 0 3
 1730 0 3
 1734 0 2
 1736 0 2
 1738 0 2
 1740 0 2
 1758 0 2
 1760 0 2
 1762 0 2
 1764 0 2
 1766 0 2
 1768 0 2
 1770 0 2
 1772 0 2
 1807 0 4
 1808 0 4
 1811 0 4
 1812 0 4
 1857 0 1
 1859 0 1
 1869 0 1
 1871 0 1
 1874 0 2
 1876 0 2
 1878 0 2
 1880 0 2
 1881 0 3
 1882 0 3
 1893 0 3
 1894 0 3
 1921 0 3
 1922 0 3
 1925 0 3
 1926 0 3
 2009 0 3
 2010 0 3
 2013 0 3
 2014 0 3
 2081 0 1
 2083 0 1
 2085 0 1
 2087 0 1
 2129 0 3
 2130 0 3
 2133 0 3
 2134 0 3
 2145 0 1
 2147 0 1
 2149 0 1
 2151 0 1
 2257 0 1
 2259 0 1
 2285 0 1
 2287 0 1
 2289 0 1
 2291 0 1
 2313 0 1
 2315 0 1
 2361 0 1
 2363 0 1
 2365 0 1
 2367 0 1
 2381 0 3
 2382 0 3
 2385 0 3
 2386 0 3
 2397 0 3
 2398 0 3
 2401 0 3
 2402 0 3
 2409 0 1
 2411 0 1
 2413 0 1
 2415 0 1
 2429 0 3
 2430 0 3
 2433 0 3
 2434 0 3
 2445 0 1
 2447 0 1
 2449 0 1
 2451 0 1
 2477 0 1
 2479 0 1
 2481 0 1
 2483 0 1
 2505 0 1
 2507 0 1
 2509 0 1
 2511 0 1
 2521 0 3
 2522 0 3
 2525 0 3
 2526 0 3
 2923 0 4
 2924 0 4
 2927 0 4
 2928 0 4
 2931 0 4
 2932 0 4
 2935 0 4
 2936 0 4
 2959 0 4
 2960 0 4
 2963 0 4
 2964 0 4
 2974 0 2
 2976 0 2
 2978 0 2
 2980 0 2
 2983 0 4
 2984 0 4
 2987 0 4
 2988 0 4
 3037 0 3
 3038 0 3
 3041 0 3
 3042 0 3
 3093 0 1
 3095 0 1
 3105 0 1
 3107 0 1
 3129 0 1
 3131 0 1
 3141 0 1
 3143 0 1
 3161 0 3
 3162 0 3
 3165 0 3
 3166 0 3
 3214 0 2
 3216 0 2
 3218 0 2
 3220 0 2
 3221 2 1
 3221 0 3
 3222 0 3
 3223 2 1
 3225 0 3
 3226 0 3
 3230 0 2
 3232 0 2
 3234 0 2
 3236 0 2
 4381 1 1
 4383 1 1
 4389 1 1
 4391 1 1
 4493 1 1
 4495 1 1
 4501 1 1
 4503 1 1
 5069 2 1
 5071 2 1
 5077 2 1
 5079 2 1
 5133 2 3
 5134 2 3
 5137 2 3
 5138 2 3
 5149 2 3
 5150 2 3
 5153 2 3
 5154 2 3
 6701 1 1
 6703 1 1
 6709 1 1
 6711 1 1
 6717 1 1
 6719 1 1
 6725 1 1
 6727 1 1
 7037 2 1
 7039 2 1
 7045 2 1
 7047 2 1
 8541 1 3
 8542 1 3
 8545 1 3
 8546 1 3
 8557 1 3
 8558 1 3
 8561 1 3
 8562 1 3
 10397 1 1
 10399 1 1
 10405 1 1
 10407 1 1
 10413 1 1
 10415 1 1
 10421 1 1
 10423 1 1
 10621 1 3
 10622 1 3
 10625 1 3
 10626 1 3
 10637 1 3
 10638 1 3
 10641 1 3
 10642 1 3
 10685 1 1
 10687 1 1
 10693 1 1
 10695 1 1
 11037 1 1
 11039 1 1
 11045 1 1
 11047 1 1
 12413 1 1
 12415 1 1
 12421 1 1
 12423 1 1
 12429 1 1
 12431 1 1
 12437 1 1
 12439 1 1
 12989 1 3
 12990 1 3
 12993 1 3
 12994 1 3
 13037 1 3
 13038 1 3
 13041 1 3
 13042 1 3
 13069 2 1
 13071 2 1
 13077 2 1
 13079 2 1
 13229 2 1
 13231 2 1
 13237 2 1
 13239 2 1
 13309 2 3
 13310 2 3
 13313 2 3
 13314 2 3
 13357 2 3
 13358 2 3
 13361 2 3
 13362 2 3
 14487 0 4
 14488 0 4
 14491 0 4
 14492 0 4
 14535 0 4
 14536 0 4
 14539 0 4
 14540 0 4
 14861 0 3
 14862 0 3
 14865 0 3
 14866 0 3
 14877 0 3
 14878 0 3
 14881 0 3
 14882 0 3
 15511 0 4
 15512 0 4
 15515 0 4
 15516 0 4
 15527 0 4
 15528 0 4
 15531 0 4
 15532 0 4
 15741 2 3
 15742 2 3
 15745 2 3
 15746 2 3
 15757 2 3
 15758 2 3
 15761 2 3
 15762 2 3
 16157 2 1
 16159 2 1
 16165 2 1
 16167 2 1
 16173 0 3
 16174 0 3
 16177 0 3
 16178 0 3
 16333 0 3
 16334 0 3
 16337 0 3
 16338 0 3
 16349 0 3
 16350 0 3
 16353 0 3
 16354 0 3
 16530 0 2
 16532 0 2
 16538 0 2
 16540 0 2
 16546 0 2
 16548 0 2
 16554 0 2
 16556 0 2
 16562 0 2
 16564 0 2
 16570 0 2
 16572 0 2
 16685 0 3
 16686 0 3
 16689 0 3
 16690 0 3
 16701 0 3
 16702 0 3
 16705 0 3
 16706 0 3
 17367 0 4
 17368 0 4
 17371 0 4
 17372 0 4
 17383 0 4
 17384 0 4
 17387 0 4
 17388 0 4
 17757 2 3
 17758 2 3
 17761 2 3
 17762 2 3
 17773 2 3
 17774 2 3
 17777 2 3
 17778 2 3
 17789 0 3
 17790 0 3
 17793 0 3
 17794 0 3
 17837 0 3
 17838 0 3
 17841 0 3
 17842 0 3
 17949 0 3
 17950 0 3
 17953 0 3
 17954 0 3
 17981 0 1
 17983 0 1
 17989 0 1
 17991 0 1
 18141 0 1
 18143 0 1
 18149 0 1
 18151 0 1
 18157 0 1
 18159 0 1
 18165 0 1
 18167 0 1
 18221 0 3
 18222 0 3
 18225 0 3
 18226 0 3
 18237 0 3
 18238 0 3
 18241 0 3
 18242 0 3
 18269 0 3
 18270 0 3
 18273 0 3
 18274 0 3
 18285 0 3
 18286 0 3
 18289 0 3
 18290 0 3
 18333 0 3
 18334 0 3
 18337 0 3
 18338 0 3
 18349 0 3
 18350 0 3
 18353 0 3
 18354 0 3
 18413 0 3
 18414 0 3
 18417 0 3
 18418 0 3
 18445 0 3
 18446 0 3
 18449 0 3
 18450 0 3
 18461 0 3
 18462 0 3
 18465 0 3
 18466 0 3
 18509 0 3
 18510 0 3
 18513 0 3
 18514 0 3
 18557 0 1
 18559 0 1
 18565 0 1
 18567 0 1
 18573 2 1
 18575 2 1
 18581 2 1
 18583 2 1
 18589 2 1
 18591 2 1
 18597 2 1
 18599 2 1
 18685 0 1
 18687 0 1
 18693 0 1
 18695 0 1
 18818 0 2
 18820 0 2
 18826 0 2
 18828 0 2
 18834 0 2
 18836 0 2
 18842 0 2
 18844 0 2
 18855 0 4
 18856 0 4
 18859 0 4
 18860 0 4
 18871 0 4
 18872 0 4
 18875 0 4
 18876 0 4
 18887 0 4
 18888 0 4
 18891 0 4
 18892 0 4
 18903 0 4
 18904 0 4
 18907 0 4
 18908 0 4
 18919 0 4
 18920 0 4
 18923 0 4
 18924 0 4
 18935 0 4
 18936 0 4
 18939 0 4
 18940 0 4
 18946 0 2
 18948 0 2
 18954 0 2
 18956 0 2
 18962 0 2
 18964 0 2
 18970 0 2
 18972 0 2
 18978 0 2
 18980 0 2
 18986 0 2
 18988 0 2
 18994 0 2
 18996 0 2
 19002 0 2
 19004 0 2
 19010 0 2
 19012 0 2
 19018 0 2
 19020 0 2
 19026 0 2
 19028 0 2
 19034 0 2
 19036 0 2
 19042 0 2
 19044 0 2
 19050 0 2
 19052 0 2
 19058 0 2
 19060 0 2
 19066 0 2
 19068 0 2
 19074 0 2
 19076 0 2
 19082 0 2
 19084 0 2
 19090 0 2
 19092 0 2
 19098 0 2
 19100 0 2
 20135 0 4
 20136 0 4
 20139 0 4
 20140 0 4
 20151 0 4
 20152 0 4
 20155 0 4
 20156 0 4
 20445 0 1
 20447 0 1
 20453 0 1
 20455 0 1
 20589 0 1
 20591 0 1
 20597 0 1
 20599 0 1
 20855 0 4
 20856 0 4
 20859 0 4
 20860 0 4
 20871 0 4
 20872 0 4
 20875 0 4
 20876 0 4
 20887 0 4
 20888 0 4
 20891 0 4
 20892 0 4
 20903 0 4
 20904 0 4
 20907 0 4
 20908 0 4
 20967 0 4
 20968 0 4
 20971 0 4
 20972 0 4
 20983 0 4
 20984 0 4
 20987 0 4
 20988 0 4
 21026 0 2
 21028 0 2
 21034 0 2
 21036 0 2
 21042 0 2
 21044 0 2
 21050 0 2
 21052 0 2
 21741 2 3
 21742 2 3
 21745 2 3
 21746 2 3
 21757 2 3
 21758 2 3
 21761 2 3
 21762 2 3
 21847 0 4
 21848 0 4
 21851 0 4
 21852 0 4
 21863 0 4
 21864 0 4
 21867 0 4
 21868 0 4
 21879 0 4
 21880 0 4
 21883 0 4
 21884 0 4
 21895 0 4
 21896 0 4
 21899 0 4
 21900 0 4
 21922 0 2
 21924 0 2
 21930 0 2
 21932 0 2
 21938 0 2
 21940 0 2
 21946 0 2
 21948 0 2
 21959 0 4
 21960 0 4
 21963 0 4
 21964 0 4
 21975 0 4
 21976 0 4
 21979 0 4
 21980 0 4
 22055 0 4
 22056 0 4
 22059 0 4
 22060 0 4
 22061 2 1
 22063 2 1
 22069 2 1
 22071 2 1
 22071 0 4
 22072 0 4
 22075 0 4
 22076 0 4
 22087 0 4
 22088 0 4
 22091 0 4
 22092 0 4
 22103 0 4
 22104 0 4
 22107 0 4
 22108 0 4
 22119 0 4
 22120 0 4
 22123 0 4
 22124 0 4
 22135 0 4
 22136 0 4
 22139 0 4
 22140 0 4
 