0 0.000000 0.000000 1929 
 1 1.000000 0.000000 265 
 2 1.000000 0.200000 763 
 3 0.000000 0.200000 1933 
 4 0.010000 0.000000 1929 1930 
 5 0.020000 0.000000 1465 1930 
 6 0.030000 0.000000 1465 1466 
 7 0.040000 0.000000 1466 1490 
 8 0.050000 0.000000 1490 1491 
 9 0.060000 0.000000 1187 1491 
 10 0.070000 0.000000 1184 1187 
 11 0.080000 0.000000 1184 1211 
 12 0.090000 0.000000 1208 1211 
 13 0.100000 0.000000 1075 1208 
 14 0.110000 0.000000 1072 1075 
 15 0.120000 0.000000 1072 1249 
 16 0.130000 0.000000 1249 1250 
 17 0.140000 0.000000 1250 1360 
 18 0.150000 0.000000 1360 1361 
 19 0.160000 0.000000 1361 1541 
 20 0.170000 0.000000 1541 1542 
 21 0.180000 0.000000 1542 1832 
 22 0.190000 0.000000 1832 1833 
 23 0.200000 0.000000 1526 1833 
 24 0.210000 0.000000 1526 1527 
 25 0.220000 0.000000 1527 1545 
 26 0.230000 0.000000 1545 1546 
 27 0.240000 0.000000 1534 1546 
 28 0.250000 0.000000 1534 1535 
 29 0.260000 0.000000 1517 1535 
 30 0.270000 0.000000 1517 1518 
 31 0.280000 0.000000 1518 1522 
 32 0.290000 0.000000 1522 1523 
 33 0.300000 0.000000 1505 1523 
 34 0.310000 0.000000 1505 1506 
 35 0.320000 0.000000 1506 1510 
 36 0.330000 0.000000 1510 1511 
 37 0.340000 0.000000 1364 1511 
 38 0.350000 0.000000 1364 1365 
 39 0.360000 0.000000 1365 1514 
 40 0.370000 0.000000 1514 1515 
 41 0.380000 0.000000 1348 1515 
 42 0.390000 0.000000 1348 1349 
 43 0.400000 0.000000 1349 1827 
 44 0.410000 0.000000 1824 1827 
 45 0.420000 0.000000 1815 1824 
 46 0.430000 0.000000 1812 1815 
 47 0.440000 0.000000 1482 1812 
 48 0.450000 0.000000 1482 1483 
 49 0.460000 0.000000 1308 1483 
 50 0.470000 0.000000 1308 1309 
 51 0.480000 0.000000 1309 1776 
 52 0.490000 0.000000 1776 1777 
 53 0.500000 0.000000 220 1777 
 54 0.510000 0.000000 220 221 
 55 0.520000 0.000000 221 947 
 56 0.530000 0.000000 944 947 
 57 0.540000 0.000000 944 977 
 58 0.550000 0.000000 977 978 
 59 0.560000 0.000000 978 993 
 60 0.570000 0.000000 993 994 
 61 0.580000 0.000000 994 997 
 62 0.590000 0.000000 997 998 
 63 0.600000 0.000000 998 1002 
 64 0.610000 0.000000 1002 1003 
 65 0.620000 0.000000 985 1003 
 66 0.630000 0.000000 985 986 
 67 0.640000 0.000000 965 986 
 68 0.650000 0.000000 965 966 
 69 0.660000 0.000000 966 1009 
 70 0.670000 0.000000 1009 1010 
 71 0.680000 0.000000 961 1010 
 72 0.690000 0.000000 961 962 
 73 0.700000 0.000000 510 962 
 74 0.710000 0.000000 510 511 
 75 0.720000 0.000000 511 989 
 76 0.730000 0.000000 989 990 
 77 0.740000 0.000000 542 990 
 78 0.750000 0.000000 542 543 
 79 0.760000 0.000000 543 1025 
 80 0.770000 0.000000 1025 1026 
 81 0.780000 0.000000 554 1026 
 82 0.790000 0.000000 554 555 
 83 0.800000 0.000000 555 1033 
 84 0.810000 0.000000 1033 1034 
 85 0.820000 0.000000 1034 1045 
 86 0.830000 0.000000 1045 1046 
 87 0.840000 0.000000 1041 1046 
 88 0.850000 0.000000 1041 1042 
 89 0.860000 0.000000 590 1042 
 90 0.870000 0.000000 590 591 
 91 0.880000 0.000000 591 1005 
 92 0.890000 0.000000 1005 1006 
 93 0.900000 0.000000 941 1006 
 94 0.910000 0.000000 941 942 
 95 0.920000 0.000000 785 942 
 96 0.930000 0.000000 785 786 
 97 0.940000 0.000000 382 786 
 98 0.950000 0.000000 382 383 
 99 0.960000 0.000000 133 383 
 100 0.970000 0.000000 133 134 
 101 0.980000 0.000000 134 264 
 102 0.990000 0.000000 264 265 
 103 1.000000 0.010000 265 266 
 104 1.000000 0.020000 266 1293 
 105 1.000000 0.030000 1293 1294 
 106 1.000000 0.040000 1294 1927 
 107 1.000000 0.050000 1924 1927 
 108 1.000000 0.060000 1806 1924 
 109 1.000000 0.070000 1806 1807 
 110 1.000000 0.080000 1206 1807 
 111 1.000000 0.090000 1206 1207 
 112 1.000000 0.100000 1156 1207 
 113 1.000000 0.110000 1156 1157 
 114 1.000000 0.120000 386 1157 
 115 1.000000 0.130000 386 387 
 116 1.000000 0.140000 387 800 
 117 1.000000 0.150000 800 801 
 118 1.000000 0.160000 801 1230 
 119 1.000000 0.170000 1230 1231 
 120 1.000000 0.180000 762 1231 
 121 1.000000 0.190000 762 763 
 122 0.990000 0.200000 760 763 
 123 0.980000 0.200000 760 925 
 124 0.970000 0.200000 925 926 
 125 0.960000 0.200000 633 926 
 126 0.950000 0.200000 633 634 
 127 0.940000 0.200000 465 634 
 128 0.930000 0.200000 465 466 
 129 0.920000 0.200000 225 466 
 130 0.910000 0.200000 225 226 
 131 0.900000 0.200000 167 226 
 132 0.890000 0.200000 164 167 
 133 0.880000 0.200000 164 337 
 134 0.870000 0.200000 337 338 
 135 0.860000 0.200000 338 1897 
 136 0.850000 0.200000 1897 1898 
 137 0.840000 0.200000 1898 1943 
 138 0.830000 0.200000 1940 1943 
 139 0.820000 0.200000 1718 1940 
 140 0.810000 0.200000 1718 1719 
 141 0.800000 0.200000 1697 1719 
 142 0.790000 0.200000 1697 1698 
 143 0.780000 0.200000 1698 1907 
 144 0.770000 0.200000 1904 1907 
 145 0.760000 0.200000 1888 1904 
 146 0.750000 0.200000 1888 1889 
 147 0.740000 0.200000 1678 1889 
 148 0.730000 0.200000 1678 1679 
 149 0.720000 0.200000 1679 1693 
 150 0.710000 0.200000 1693 1694 
 151 0.700000 0.200000 1694 1911 
 152 0.690000 0.200000 1908 1911 
 153 0.680000 0.200000 1892 1908 
 154 0.670000 0.200000 1892 1893 
 155 0.660000 0.200000 1710 1893 
 156 0.650000 0.200000 1710 1711 
 157 0.640000 0.200000 1420 1711 
 158 0.630000 0.200000 1420 1421 
 159 0.620000 0.200000 1421 1666 
 160 0.610000 0.200000 1666 1667 
 161 0.600000 0.200000 1667 1669 
 162 0.590000 0.200000 1669 1670 
 163 0.580000 0.200000 1670 1674 
 164 0.570000 0.200000 1674 1675 
 165 0.560000 0.200000 1675 1721 
 166 0.550000 0.200000 1721 1722 
 167 0.540000 0.200000 1722 1936 
 168 0.530000 0.200000 1936 1937 
 169 0.520000 0.200000 1937 1971 
 170 0.510000 0.200000 1968 1971 
 171 0.500000 0.200000 335 1968 
 172 0.490000 0.200000 332 335 
 173 0.480000 0.200000 100 332 
 174 0.470000 0.200000 100 101 
 175 0.460000 0.200000 101 1195 
 176 0.450000 0.200000 1192 1195 
 177 0.440000 0.200000 1105 1192 
 178 0.430000 0.200000 1105 1106 
 179 0.420000 0.200000 1085 1106 
 180 0.410000 0.200000 1085 1086 
 181 0.400000 0.200000 1086 1117 
 182 0.390000 0.200000 1117 1118 
 183 0.380000 0.200000 1089 1118 
 184 0.370000 0.200000 1089 1090 
 185 0.360000 0.200000 1090 1121 
 186 0.350000 0.200000 1121 1122 
 187 0.340000 0.200000 1093 1122 
 188 0.330000 0.200000 1093 1094 
 189 0.320000 0.200000 1094 1125 
 190 0.310000 0.200000 1125 1126 
 191 0.300000 0.200000 1097 1126 
 192 0.290000 0.200000 1097 1098 
 193 0.280000 0.200000 1098 1129 
 194 0.270000 0.200000 1129 1130 
 195 0.260000 0.200000 1130 1133 
 196 0.250000 0.200000 1133 1134 
 197 0.240000 0.200000 710 1134 
 198 0.230000 0.200000 710 711 
 199 0.220000 0.200000 711 1101 
 200 0.210000 0.200000 1101 1102 
 201 0.200000 0.200000 1102 1137 
 202 0.190000 0.200000 1137 1138 
 203 0.180000 0.200000 1077 1138 
 204 0.170000 0.200000 1077 1078 
 205 0.160000 0.200000 1065 1078 
 206 0.150000 0.200000 1065 1066 
 207 0.140000 0.200000 1053 1066 
 208 0.130000 0.200000 1053 1054 
 209 0.120000 0.200000 1049 1054 
 210 0.110000 0.200000 1049 1050 
 211 0.100000 0.200000 901 1050 
 212 0.090000 0.200000 901 902 
 213 0.080000 0.200000 685 902 
 214 0.070000 0.200000 685 686 
 215 0.060000 0.200000 573 686 
 216 0.050000 0.200000 573 574 
 217 0.040000 0.200000 574 578 
 218 0.030000 0.200000 578 579 
 219 0.020000 0.200000 579 1932 
 220 0.010000 0.200000 1932 1933 
 221 0.000000 0.190000 1933 1934 
 222 0.000000 0.180000 1934 1963 
 223 0.000000 0.170000 1960 1963 
 224 0.000000 0.160000 1955 1960 
 225 0.000000 0.150000 1952 1955 
 226 0.000000 0.140000 1858 1952 
 227 0.000000 0.130000 1858 1859 
 228 0.000000 0.120000 906 1859 
 229 0.000000 0.110000 906 907 
 230 0.000000 0.100000 907 1028 
 231 0.000000 0.090000 1028 1029 
 232 0.000000 0.080000 366 1029 
 233 0.000000 0.070000 366 367 
 234 0.000000 0.060000 367 490 
 235 0.000000 0.050000 490 491 
 236 0.000000 0.040000 2 491 
 237 0.000000 0.030000 2 3 
 238 0.000000 0.020000 3 1928 
 239 0.000000 0.010000 1928 1929 
 240 0.740000 0.180000 1677 1750 1890 1901 
 241 0.660000 0.180000 1709 1734 1894 1917 
 242 0.540000 0.180000 1461 1723 1939 1958 
 243 0.820000 0.180000 1432 1446 1717 1941 
 244 0.480000 0.020000 1310 1321 1658 1779 
 245 0.200000 0.020000 1353 1525 1566 1834 
 246 0.280000 0.020000 1519 1521 1570 1610 
 247 0.360000 0.020000 1113 1366 1513 1530 
 248 0.140000 0.020000 1251 1363 1450 1474 
 249 0.880000 0.180000 165 212 336 1165 
 250 0.680000 0.020000 181 345 960 1011 
 251 0.760000 0.020000 540 557 668 1024 
 252 0.620000 0.020000 604 655 984 1000 
 253 0.560000 0.020000 310 805 979 992 
 254 0.840000 0.020000 593 680 1040 1047 
 255 0.460000 0.180000 102 326 937 1194 
 256 0.380000 0.180000 713 861 1088 1119 
 257 0.180000 0.180000 418 793 1076 1139 
 258 0.300000 0.180000 430 817 1096 1127 
 259 0.100000 0.180000 370 563 900 1051 
 260 0.020000 0.100000 246 904 1031 1469 
 261 0.980000 0.100000 769 1159 1204 1452 
 262 0.080000 0.020000 1185 1210 1316 1786 
 263 0.920000 0.180000 224 275 373 467 
 264 0.920000 0.020000 138 688 784 943 
 265 0.980000 0.040000 170 620 1295 1926 
 266 0.980000 0.140000 205 384 501 803 
 267 0.020000 0.060000 79 364 489 1037 
 268 0.040000 0.180000 89 575 577 628 
 269 0.220000 0.180000 454 708 865 1100 
 270 0.440000 0.020000 1481 1500 1813 1829 
 271 0.580000 0.180000 1013 1671 1673 1760 
 272 0.960000 0.180000 113 388 632 927 
 273 0.040000 0.020000 1467 1489 1782 1945 
 274 0.020000 0.180000 90 576 1935 1962 
 275 0.020000 0.160000 72 91 1954 1961 
 276 0.480000 0.180000 103 333 931 936 
 277 0.980000 0.160000 390 502 802 1229 
 278 0.060000 0.180000 158 572 631 687 
 279 0.520000 0.020000 222 362 946 1301 
 280 0.420000 0.180000 426 849 1084 1107 
 281 0.960000 0.020000 132 168 380 1057 
 282 0.900000 0.020000 691 888 940 1007 
 283 0.720000 0.020000 508 533 645 988 
 284 0.600000 0.020000 301 607 999 1001 
 285 0.880000 0.020000 199 588 891 1004 
 286 0.660000 0.020000 186 344 967 1008 
 287 0.800000 0.020000 552 581 636 1032 
 288 0.120000 0.180000 369 780 1048 1055 
 289 0.340000 0.180000 233 836 1092 1123 
 290 0.260000 0.180000 438 821 1131 1132 
 291 0.140000 0.180000 469 783 1052 1067 
 292 0.120000 0.020000 1073 1248 1272 1473 
 293 0.500000 0.180000 202 334 930 1969 
 294 0.420000 0.020000 1357 1814 1825 1828 
 295 0.320000 0.020000 1507 1509 1574 1594 
 296 0.240000 0.020000 1533 1547 1582 1586 
 297 0.400000 0.020000 1081 1350 1356 1826 
 298 0.180000 0.020000 1352 1372 1543 1835 
 299 0.760000 0.180000 1714 1891 1900 1905 
 300 0.680000 0.180000 1895 1909 1916 1921 
 301 0.620000 0.180000 1422 1665 1742 1746 
 302 0.840000 0.180000 316 1445 1899 1942 
 303 0.780000 0.180000 981 1699 1713 1906 
 304 0.700000 0.180000 1017 1695 1910 1920 
 305 0.980000 0.180000 391 761 924 1228 
 306 0.980000 0.060000 621 1268 1805 1925 
 307 0.020000 0.140000 73 1476 1857 1953 
 308 0.980000 0.020000 135 169 267 1292 
 309 0.020000 0.020000 0 1464 1931 1944 
 310 0.740000 0.160000 1413 1690 1749 1902 
 311 0.660000 0.160000 1416 1424 1733 1918 
 312 0.820000 0.160000 975 1435 1447 1640 
 313 0.500000 0.160000 203 929 1171 1288 
 314 0.440000 0.040000 1503 1770 1821 1830 
 315 0.200000 0.040000 1354 1369 1565 1618 
 316 0.140000 0.040000 1449 1475 1498 1788 
 317 0.900000 0.040000 521 690 733 889 
 318 0.680000 0.040000 180 346 355 665 
 319 0.620000 0.040000 130 605 608 654 
 320 0.100000 0.160000 371 562 599 892 
 321 0.020000 0.040000 1 76 488 1947 
 322 0.040000 0.160000 75 88 629 1177 
 323 0.480000 0.160000 282 928 939 1289 
 324 0.540000 0.020000 363 804 945 976 
 325 0.860000 0.180000 319 339 1166 1896 
 326 0.900000 0.180000 166 215 227 272 
 327 0.940000 0.180000 114 372 464 635 
 328 0.940000 0.020000 139 381 787 1056 
 329 0.020000 0.080000 247 365 1030 1036 
 330 0.980000 0.080000 768 1205 1269 1804 
 331 0.080000 0.180000 157 560 684 903 
 332 0.980000 0.120000 204 385 1158 1453 
 333 0.440000 0.180000 327 848 1104 1193 
 334 0.120000 0.160000 368 406 781 895 
 335 0.700000 0.020000 182 509 644 963 
 336 0.580000 0.020000 300 311 995 996 
 337 0.740000 0.020000 534 541 671 991 
 338 0.640000 0.020000 185 652 964 987 
 339 0.780000 0.020000 553 558 639 1027 
 340 0.020000 0.120000 905 1468 1477 1856 
 341 0.860000 0.020000 198 589 594 1043 
 342 0.820000 0.020000 582 683 1035 1044 
 343 0.160000 0.180000 419 468 1064 1079 
 344 0.400000 0.180000 427 860 1087 1116 
 345 0.200000 0.180000 455 792 1103 1136 
 346 0.360000 0.180000 714 839 1091 1120 
 347 0.320000 0.180000 234 816 1095 1124 
 348 0.280000 0.180000 431 820 1099 1128 
 349 0.240000 0.180000 439 709 864 1135 
 350 0.500000 0.020000 223 1300 1659 1778 
 351 0.100000 0.020000 1074 1209 1275 1317 
 352 0.060000 0.020000 1186 1488 1783 1785 
 353 0.160000 0.020000 1362 1375 1451 1540 
 354 0.960000 0.160000 112 389 483 503 
 355 0.460000 0.020000 1311 1320 1480 1501 
 356 0.380000 0.020000 1080 1351 1512 1531 
 357 0.340000 0.020000 1112 1367 1508 1575 
 358 0.300000 0.020000 1504 1520 1571 1593 
 359 0.220000 0.020000 1524 1544 1567 1581 
 360 0.260000 0.020000 1516 1532 1587 1609 
 361 0.420000 0.040000 1345 1358 1820 1831 
 362 0.600000 0.180000 1012 1664 1668 1743 
 363 0.560000 0.180000 1460 1672 1720 1761 
 364 0.800000 0.180000 980 1433 1696 1716 
 365 0.640000 0.180000 1423 1708 1735 1745 
 366 0.720000 0.180000 1016 1676 1692 1751 
 367 0.680000 0.160000 1419 1706 1919 1922 
 368 0.760000 0.160000 1405 1412 1715 1903 
 369 0.520000 0.180000 201 1938 1959 1970 
 370 0.960000 0.040000 171 623 693 1058 
 371 0.280000 0.040000 717 1554 1569 1611 
 372 0.360000 0.040000 1114 1529 1590 1626 
 373 0.740000 0.140000 1401 1414 1682 1689 
 374 0.580000 0.160000 585 1014 1652 1763 
 375 0.540000 0.040000 358 360 807 1061 
 376 0.820000 0.040000 583 601 682 757 
 377 0.880000 0.160000 213 1161 1164 1336 
 378 0.440000 0.060000 547 1769 1801 1822 
 379 0.200000 0.160000 143 452 795 811 
 380 0.320000 0.160000 235 496 819 843 
 381 0.280000 0.160000 150 428 823 827 
 382 0.360000 0.160000 493 715 831 838 
 383 0.680000 0.140000 1418 1437 1707 1912 
 384 0.740000 0.040000 230 535 670 675 
 385 0.440000 0.160000 324 350 851 881 
 386 0.100000 0.140000 210 598 741 893 
 387 0.080000 0.040000 263 1319 1378 1787 
 388 0.960000 0.100000 174 770 1326 1455 
 389 0.500000 0.140000 798 1168 1291 1389 
 390 0.040000 0.120000 257 1276 1471 1478 
 391 0.940000 0.040000 58 136 692 1059 
 392 0.080000 0.160000 94 156 561 596 
 393 0.660000 0.040000 187 341 347 664 
 394 0.960000 0.140000 206 482 500 517 
 395 0.160000 0.040000 1140 1374 1448 1499 
 396 0.400000 0.040000 1069 1082 1344 1359 
 397 0.780000 0.160000 953 982 1404 1712 
 398 0.480000 0.040000 1173 1252 1322 1657 
 399 0.040000 0.080000 244 618 1039 1397 
 400 0.920000 0.040000 57 137 522 689 
 401 0.040000 0.040000 77 80 1781 1946 
 402 0.940000 0.160000 115 375 480 567 
 403 0.060000 0.160000 95 159 630 1176 
 404 0.640000 0.040000 131 184 340 653 
 405 0.700000 0.040000 183 352 647 659 
 406 0.460000 0.160000 283 325 880 938 
 407 0.780000 0.040000 118 530 559 638 
 408 0.240000 0.160000 155 436 867 875 
 409 0.860000 0.040000 123 197 476 595 
 410 0.880000 0.040000 196 477 732 890 
 411 0.580000 0.040000 303 308 473 703 
 412 0.840000 0.160000 317 410 1444 1643 
 413 0.900000 0.160000 214 218 273 1339 
 414 0.160000 0.160000 253 416 471 512 
 415 0.400000 0.160000 422 424 833 863 
 416 0.600000 0.040000 302 606 611 700 
 417 0.140000 0.160000 254 405 470 782 
 418 0.120000 0.040000 1273 1458 1472 1791 
 419 0.500000 0.040000 1222 1253 1303 1656 
 420 0.700000 0.160000 1018 1428 1705 1923 
 421 0.320000 0.040000 1558 1573 1595 1598 
 422 0.620000 0.160000 537 1726 1741 1747 
 423 0.240000 0.040000 729 1583 1585 1602 
 424 0.180000 0.040000 1141 1355 1368 1373 
 425 0.720000 0.160000 1019 1431 1691 1748 
 426 0.220000 0.040000 728 1564 1580 1619 
 427 0.460000 0.040000 1172 1323 1502 1771 
 428 0.540000 0.160000 1213 1462 1950 1957 
 429 0.640000 0.160000 536 1425 1732 1744 
 430 0.800000 0.160000 952 972 983 1434 
 431 0.960000 0.060000 622 694 766 1271 
 432 0.520000 0.160000 200 1170 1951 1956 
 433 0.040000 0.140000 74 256 1178 1479 
 434 0.620000 0.140000 538 1725 1754 1766 
 435 0.780000 0.140000 954 1407 1758 1884 
 436 0.820000 0.140000 974 1641 1774 1850 
 437 0.880000 0.140000 1160 1330 1337 1385 
 438 0.140000 0.060000 1494 1497 1634 1789 
 439 0.200000 0.060000 1109 1370 1617 1630 
 440 0.600000 0.060000 306 610 701 705 
 441 0.640000 0.060000 128 343 641 648 
 442 0.700000 0.060000 290 353 658 661 
 443 0.480000 0.060000 1174 1226 1255 1256 
 444 0.860000 0.060000 120 479 749 896 
 445 0.460000 0.140000 280 414 883 1237 
 446 0.140000 0.140000 255 404 920 1145 
 447 0.080000 0.140000 93 188 211 597 
 448 0.920000 0.060000 56 242 523 1151 
 449 0.940000 0.140000 481 518 566 1203 
 450 0.720000 0.140000 548 1430 1683 1688 
 451 0.060000 0.120000 190 258 1244 1279 
 452 0.940000 0.060000 59 695 765 1148 
 453 0.040000 0.060000 78 83 619 1038 
 454 0.520000 0.040000 361 1060 1223 1302 
 455 0.480000 0.140000 281 799 1236 1290 
 456 0.340000 0.160000 232 499 828 837 
 457 0.040000 0.100000 245 1277 1396 1470 
 458 0.560000 0.040000 309 359 472 806 
 459 0.760000 0.040000 117 556 669 672 
 460 0.800000 0.040000 531 580 637 756 
 461 0.840000 0.040000 122 592 602 681 
 462 0.120000 0.140000 407 740 894 921 
 463 0.180000 0.160000 417 515 794 808 
 464 0.420000 0.160000 351 425 832 850 
 465 0.220000 0.160000 142 453 866 872 
 466 0.300000 0.160000 149 429 818 840 
 467 0.260000 0.160000 154 437 822 824 
 468 0.960000 0.120000 207 516 1327 1454 
 469 0.920000 0.160000 217 274 374 564 
 470 0.720000 0.040000 229 532 646 656 
 471 0.860000 0.160000 318 409 1162 1167 
 472 0.660000 0.060000 286 342 649 667 
 473 0.380000 0.160000 423 492 712 862 
 474 0.880000 0.060000 478 735 897 1243 
 475 0.100000 0.040000 1274 1318 1379 1457 
 476 0.420000 0.060000 1281 1346 1800 1823 
 477 0.060000 0.140000 92 189 259 1179 
 478 0.340000 0.040000 1115 1559 1572 1625 
 479 0.660000 0.140000 1417 1427 1702 1913 
 480 0.600000 0.160000 584 1015 1727 1740 
 481 0.060000 0.040000 81 262 1780 1784 
 482 0.260000 0.040000 716 1584 1603 1608 
 483 0.300000 0.040000 1555 1568 1592 1597 
 484 0.180000 0.060000 745 1108 1142 1371 
 485 0.380000 0.040000 1068 1083 1528 1591 
 486 0.560000 0.160000 1212 1463 1653 1762 
 487 0.520000 0.140000 959 1169 1388 1948 
 488 0.240000 0.060000 445 730 1578 1601 
 489 0.960000 0.080000 173 767 771 1270 
 490 0.460000 0.060000 544 1175 1259 1768 
 491 0.760000 0.140000 1400 1406 1415 1885 
 492 0.700000 0.140000 549 1429 1436 1704 
 493 0.360000 0.060000 1562 1589 1622 1627 
 494 0.280000 0.060000 441 718 1553 1614 
 495 0.740000 0.120000 969 1402 1681 1686 
 496 0.580000 0.140000 393 586 1655 1842 
 497 0.780000 0.060000 119 529 613 696 
 498 0.520000 0.060000 778 1063 1181 1220 
 499 0.200000 0.080000 1110 1153 1629 1638 
 500 0.420000 0.140000 348 462 835 933 
 501 0.380000 0.140000 420 495 789 876 
 502 0.320000 0.140000 497 721 842 869 
 503 0.280000 0.140000 151 725 826 852 
 504 0.680000 0.120000 1438 1441 1730 1915 
 505 0.520000 0.120000 956 1262 1383 1391 
 506 0.480000 0.120000 625 796 910 1239 
 507 0.860000 0.080000 86 527 750 899 
 508 0.080000 0.060000 260 1306 1340 1377 
 509 0.440000 0.080000 403 546 1662 1802 
 510 0.200000 0.140000 140 505 810 887 
 511 0.120000 0.120000 739 743 922 1296 
 512 0.080000 0.120000 161 191 208 1247 
 513 0.640000 0.080000 38 571 642 651 
 514 0.920000 0.140000 216 565 919 1200 
 515 0.860000 0.140000 408 1163 1235 1386 
 516 0.940000 0.080000 172 764 1149 1333 
 517 0.940000 0.120000 519 1202 1324 1647 
 518 0.900000 0.140000 219 916 1329 1338 
 519 0.620000 0.060000 129 307 609 640 
 520 0.840000 0.060000 121 603 748 949 
 521 0.740000 0.060000 231 294 674 677 
 522 0.500000 0.060000 1180 1221 1227 1254 
 523 0.720000 0.060000 228 291 657 676 
 524 0.560000 0.060000 177 356 475 752 
 525 0.440000 0.140000 349 415 882 932 
 526 0.800000 0.060000 330 528 697 759 
 527 0.240000 0.140000 109 152 844 874 
 528 0.160000 0.140000 239 252 513 1144 
 529 0.840000 0.140000 411 1232 1642 1849 
 530 0.680000 0.060000 287 354 660 666 
 531 0.580000 0.060000 474 702 704 753 
 532 0.900000 0.060000 241 520 734 1240 
 533 0.360000 0.140000 458 494 830 877 
 534 0.800000 0.140000 955 973 1757 1775 
 535 0.160000 0.060000 744 1143 1496 1635 
 536 0.220000 0.060000 444 731 1616 1631 
 537 0.120000 0.060000 485 1459 1493 1790 
 538 0.640000 0.140000 539 1426 1703 1753 
 539 0.320000 0.060000 449 1538 1557 1599 
 540 0.400000 0.060000 1070 1280 1347 1486 
 541 0.060000 0.080000 617 1304 1398 1809 
 542 0.260000 0.060000 440 719 1579 1600 
 543 0.760000 0.120000 968 1403 1651 1886 
 544 0.460000 0.080000 400 545 1022 1258 
 545 0.540000 0.140000 958 1214 1284 1949 
 546 0.600000 0.140000 392 587 1724 1767 
 547 0.060000 0.060000 82 261 616 1305 
 548 0.700000 0.120000 297 550 1439 1440 
 549 0.060000 0.100000 1245 1278 1399 1808 
 550 0.580000 0.120000 249 394 1818 1841 
 551 0.820000 0.120000 1773 1794 1846 1851 
 552 0.280000 0.080000 269 442 1613 1873 
 553 0.380000 0.120000 790 812 879 1997 
 554 0.680000 0.100000 13 124 1442 1729 
 555 0.740000 0.100000 5 32 970 1685 
 556 0.620000 0.120000 44 195 1755 1765 
 557 0.580000 0.080000 10 55 707 754 
 558 0.780000 0.080000 26 29 614 699 
 559 0.840000 0.080000 322 526 751 950 
 560 0.500000 0.080000 66 99 1183 1224 
 561 0.620000 0.080000 70 304 570 643 
 562 0.860000 0.120000 106 1234 1387 1410 
 563 0.460000 0.120000 413 911 1238 1836 
 564 0.080000 0.080000 1217 1307 1343 1810 
 565 0.140000 0.080000 315 1495 1633 1854 
 566 0.440000 0.120000 412 935 1837 1880 
 567 0.180000 0.080000 746 773 1111 1152 
 568 0.140000 0.120000 738 913 923 1146 
 569 0.540000 0.120000 957 1285 1312 1382 
 570 0.660000 0.080000 39 126 285 650 
 571 0.100000 0.120000 160 209 742 1297 
 572 0.720000 0.080000 19 34 288 679 
 573 0.680000 0.080000 14 127 284 663 
 574 0.920000 0.120000 918 1201 1267 1644 
 575 0.920000 0.080000 243 1150 1332 1797 
 576 0.300000 0.140000 148 722 841 855 
 577 0.760000 0.060000 116 295 612 673 
 578 0.480000 0.080000 98 1023 1225 1257 
 579 0.500000 0.120000 624 797 1263 1390 
 580 0.540000 0.060000 176 357 779 1062 
 581 0.220000 0.140000 110 141 504 873 
 582 0.260000 0.140000 153 726 825 847 
 583 0.400000 0.140000 421 463 788 834 
 584 0.820000 0.060000 331 600 758 948 
 585 0.880000 0.080000 87 146 898 1242 
 586 0.340000 0.140000 459 498 829 868 
 587 0.180000 0.140000 238 514 809 884 
 588 0.880000 0.120000 376 1331 1384 1409 
 589 0.100000 0.060000 484 1341 1376 1456 
 590 0.780000 0.120000 1650 1738 1759 1887 
 591 0.660000 0.120000 22 1701 1731 1914 
 592 0.240000 0.080000 277 446 1577 1606 
 593 0.380000 0.060000 1071 1485 1563 1588 
 594 0.560000 0.140000 1215 1287 1654 1843 
 595 0.720000 0.120000 296 551 1680 1687 
 596 0.340000 0.060000 1539 1556 1621 1624 
 597 0.080000 0.100000 162 1216 1246 1811 
 598 0.440000 0.100000 402 1663 1838 1883 
 599 0.420000 0.080000 1282 1392 1661 1803 
 600 0.300000 0.060000 448 1552 1596 1615 
 601 0.940000 0.100000 175 1325 1334 1646 
 602 0.220000 0.080000 276 447 1628 1639 
 603 0.320000 0.080000 450 1537 1550 1987 
 604 0.540000 0.100000 51 60 1313 1381 
 605 0.820000 0.080000 43 321 328 951 
 606 0.200000 0.100000 1154 1637 1870 1979 
 607 0.240000 0.100000 278 1605 1866 1967 
 608 0.360000 0.080000 1561 1623 1862 1975 
 609 0.400000 0.080000 397 1283 1395 1487 
 610 0.360000 0.120000 457 813 856 878 
 611 0.120000 0.080000 314 486 1492 1995 
 612 0.260000 0.120000 727 846 1864 1981 
 613 0.300000 0.120000 723 854 1188 1197 
 614 0.160000 0.120000 236 912 1147 1989 
 615 0.420000 0.100000 1393 1660 1879 1882 
 616 0.520000 0.080000 62 67 777 1182 
 617 0.760000 0.080000 7 28 292 615 
 618 0.700000 0.100000 12 17 298 1443 
 619 0.760000 0.100000 4 31 971 1648 
 620 0.660000 0.100000 21 36 125 1728 
 621 0.620000 0.100000 47 71 192 569 
 622 0.540000 0.080000 48 63 179 776 
 623 0.900000 0.120000 379 917 1264 1328 
 624 0.520000 0.100000 61 64 1261 1380 
 625 0.500000 0.100000 65 96 627 1260 
 626 0.740000 0.080000 6 35 293 678 
 627 0.600000 0.080000 11 69 305 706 
 628 0.800000 0.080000 27 42 329 698 
 629 0.840000 0.100000 104 323 525 1844 
 630 0.860000 0.100000 85 105 524 1411 
 631 0.700000 0.080000 15 18 289 662 
 632 0.480000 0.100000 97 626 909 1020 
 633 0.900000 0.080000 147 240 1241 1796 
 634 0.560000 0.080000 49 54 178 755 
 635 0.340000 0.120000 434 456 857 871 
 636 0.840000 0.120000 107 1233 1845 1848 
 637 0.260000 0.080000 268 443 1576 1607 
 638 0.640000 0.120000 23 194 1700 1752 
 639 0.800000 0.120000 1737 1756 1772 1795 
 640 0.460000 0.100000 401 908 1021 1839 
 641 0.600000 0.120000 45 248 395 1764 
 642 0.400000 0.120000 460 791 1877 1996 
 643 0.420000 0.120000 461 934 1876 1881 
 644 0.160000 0.080000 747 772 1632 1855 
 645 0.180000 0.120000 237 885 1977 1988 
 646 0.220000 0.120000 111 507 1868 1965 
 647 0.140000 0.100000 312 737 914 1853 
 648 0.100000 0.100000 163 1219 1298 1993 
 649 0.920000 0.100000 1266 1335 1645 1798 
 650 0.100000 0.080000 487 1218 1342 1994 
 651 0.720000 0.100000 16 33 299 1684 
 652 0.300000 0.080000 451 1612 1874 1986 
 653 0.560000 0.120000 1286 1315 1819 1840 
 654 0.580000 0.100000 9 52 250 1817 
 655 0.780000 0.100000 25 30 1649 1739 
 656 0.820000 0.100000 40 320 1793 1847 
 657 0.640000 0.100000 20 37 193 568 
 658 0.280000 0.120000 724 853 1189 1980 
 659 0.880000 0.100000 84 145 377 1408 
 660 0.320000 0.120000 435 720 870 1196 
 661 0.380000 0.080000 396 1484 1560 1863 
 662 0.900000 0.100000 144 378 1265 1799 
 663 0.340000 0.080000 1536 1551 1620 1974 
 664 0.280000 0.100000 270 1190 1872 1983 
 665 0.320000 0.100000 432 1199 1549 1984 
 666 0.200000 0.120000 506 886 1869 1976 
 667 0.240000 0.120000 108 845 1865 1964 
 668 0.400000 0.100000 398 1394 1878 1999 
 669 0.180000 0.100000 774 1155 1978 1991 
 670 0.360000 0.100000 814 859 1861 1972 
 671 0.120000 0.100000 313 736 1299 1992 
 672 0.220000 0.100000 279 1636 1871 1966 
 673 0.260000 0.100000 271 1604 1867 1982 
 674 0.560000 0.100000 50 53 1314 1816 
 675 0.160000 0.100000 775 915 1852 1990 
 676 0.600000 0.100000 8 46 68 251 
 677 0.800000 0.100000 24 41 1736 1792 
 678 0.340000 0.100000 433 858 1548 1973 
 679 0.300000 0.100000 1191 1198 1875 1985 
 680 0.380000 0.100000 399 815 1860 1998 
 681 0.020000 0.030000 0 1 1944 1947 
 682 0.010000 0.040000 1 2 488 491 
 683 0.010000 0.020000 0 3 1928 1931 
 684 0.010000 0.030000 0 1 2 3 
 685 0.750000 0.100000 4 5 970 971 
 686 0.740000 0.090000 5 6 32 35 
 687 0.750000 0.080000 6 7 292 293 
 688 0.760000 0.090000 4 7 28 31 
 689 0.750000 0.090000 4 5 6 7 
 690 0.590000 0.100000 8 9 250 251 
 691 0.580000 0.090000 9 10 52 55 
 692 0.590000 0.080000 10 11 706 707 
 693 0.600000 0.090000 8 11 68 69 
 694 0.590000 0.090000 8 9 10 11 
 695 0.690000 0.100000 12 13 1442 1443 
 696 0.680000 0.090000 13 14 124 127 
 697 0.690000 0.080000 14 15 662 663 
 698 0.700000 0.090000 12 15 17 18 
 699 0.690000 0.090000 12 13 14 15 
 700 0.710000 0.100000 16 17 298 299 
 701 0.710000 0.080000 18 19 288 289 
 702 0.720000 0.090000 16 19 33 34 
 703 0.710000 0.090000 16 17 18 19 
 704 0.650000 0.100000 20 21 36 37 
 705 0.660000 0.110000 21 22 1728 1731 
 706 0.650000 0.120000 22 23 1700 1701 
 707 0.640000 0.110000 20 23 193 194 
 708 0.650000 0.110000 20 21 22 23 
 709 0.790000 0.100000 24 25 1736 1739 
 710 0.780000 0.090000 25 26 29 30 
 711 0.790000 0.080000 26 27 698 699 
 712 0.800000 0.090000 24 27 41 42 
 713 0.790000 0.090000 24 25 26 27 
 714 0.770000 0.080000 28 29 614 615 
 715 0.770000 0.100000 30 31 1648 1649 
 716 0.770000 0.090000 28 29 30 31 
 717 0.730000 0.100000 32 33 1684 1685 
 718 0.730000 0.080000 34 35 678 679 
 719 0.730000 0.090000 32 33 34 35 
 720 0.640000 0.090000 37 38 568 571 
 721 0.650000 0.080000 38 39 650 651 
 722 0.660000 0.090000 36 39 125 126 
 723 0.650000 0.090000 36 37 38 39 
 724 0.810000 0.100000 40 41 1792 1793 
 725 0.810000 0.080000 42 43 328 329 
 726 0.820000 0.090000 40 43 320 321 
 727 0.810000 0.090000 40 41 42 43 
 728 0.610000 0.120000 44 45 1764 1765 
 729 0.600000 0.110000 45 46 248 251 
 730 0.610000 0.100000 46 47 68 71 
 731 0.620000 0.110000 44 47 192 195 
 732 0.610000 0.110000 44 45 46 47 
 733 0.550000 0.080000 48 49 178 179 
 734 0.560000 0.090000 49 50 53 54 
 735 0.550000 0.100000 50 51 1313 1314 
 736 0.540000 0.090000 48 51 60 63 
 737 0.550000 0.090000 48 49 50 51 
 738 0.570000 0.100000 52 53 1816 1817 
 739 0.570000 0.080000 54 55 754 755 
 740 0.570000 0.090000 52 53 54 55 
 741 0.920000 0.050000 56 57 522 523 
 742 0.930000 0.040000 57 58 136 137 
 743 0.940000 0.050000 58 59 692 695 
 744 0.930000 0.060000 56 59 1148 1151 
 745 0.930000 0.050000 56 57 58 59 
 746 0.530000 0.100000 60 61 1380 1381 
 747 0.520000 0.090000 61 62 64 67 
 748 0.530000 0.080000 62 63 776 777 
 749 0.530000 0.090000 60 61 62 63 
 750 0.510000 0.100000 64 65 1260 1261 
 751 0.500000 0.090000 65 66 96 99 
 752 0.510000 0.080000 66 67 1182 1183 
 753 0.510000 0.090000 64 65 66 67 
 754 0.610000 0.080000 69 70 304 305 
 755 0.620000 0.090000 70 71 569 570 
 756 0.610000 0.090000 68 69 70 71 
 757 0.020000 0.150000 72 73 1953 1954 
 758 0.030000 0.140000 73 74 1476 1479 
 759 0.040000 0.150000 74 75 1177 1178 
 760 0.030000 0.160000 72 75 88 91 
 761 0.030000 0.150000 72 73 74 75 
 762 0.030000 0.040000 76 77 1946 1947 
 763 0.040000 0.050000 77 78 80 83 
 764 0.030000 0.060000 78 79 1037 1038 
 765 0.020000 0.050000 76 79 488 489 
 766 0.030000 0.050000 76 77 78 79 
 767 0.050000 0.040000 80 81 1780 1781 
 768 0.060000 0.050000 81 82 261 262 
 769 0.050000 0.060000 82 83 616 619 
 770 0.050000 0.050000 80 81 82 83 
 771 0.870000 0.100000 84 85 1408 1411 
 772 0.860000 0.090000 85 86 524 527 
 773 0.870000 0.080000 86 87 898 899 
 774 0.880000 0.090000 84 87 145 146 
 775 0.870000 0.090000 84 85 86 87 
 776 0.040000 0.170000 88 89 628 629 
 777 0.030000 0.180000 89 90 576 577 
 778 0.020000 0.170000 90 91 1961 1962 
 779 0.030000 0.170000 88 89 90 91 
 780 0.070000 0.140000 92 93 188 189 
 781 0.080000 0.150000 93 94 596 597 
 782 0.070000 0.160000 94 95 156 159 
 783 0.060000 0.150000 92 95 1176 1179 
 784 0.070000 0.150000 92 93 94 95 
 785 0.490000 0.100000 96 97 626 627 
 786 0.480000 0.090000 97 98 1020 1023 
 787 0.490000 0.080000 98 99 1224 1225 
 788 0.490000 0.090000 96 97 98 99 
 789 0.460000 0.190000 101 102 1194 1195 
 790 0.470000 0.180000 102 103 936 937 
 791 0.480000 0.190000 100 103 332 333 
 792 0.470000 0.190000 100 101 102 103 
 793 0.850000 0.100000 104 105 524 525 
 794 0.860000 0.110000 105 106 1410 1411 
 795 0.850000 0.120000 106 107 1233 1234 
 796 0.840000 0.110000 104 107 1844 1845 
 797 0.850000 0.110000 104 105 106 107 
 798 0.240000 0.130000 108 109 844 845 
 799 0.230000 0.140000 109 110 873 874 
 800 0.220000 0.130000 110 111 504 507 
 801 0.230000 0.120000 108 111 1964 1965 
 802 0.230000 0.130000 108 109 110 111 
 803 0.960000 0.170000 112 113 388 389 
 804 0.950000 0.180000 113 114 632 635 
 805 0.940000 0.170000 114 115 372 375 
 806 0.950000 0.160000 112 115 480 483 
 807 0.950000 0.170000 112 113 114 115 
 808 0.760000 0.050000 116 117 672 673 
 809 0.770000 0.040000 117 118 556 559 
 810 0.780000 0.050000 118 119 529 530 
 811 0.770000 0.060000 116 119 612 613 
 812 0.770000 0.050000 116 117 118 119 
 813 0.850000 0.060000 120 121 748 749 
 814 0.840000 0.050000 121 122 602 603 
 815 0.850000 0.040000 122 123 592 595 
 816 0.860000 0.050000 120 123 476 479 
 817 0.850000 0.050000 120 121 122 123 
 818 0.670000 0.100000 124 125 1728 1729 
 819 0.670000 0.080000 126 127 284 285 
 820 0.670000 0.090000 124 125 126 127 
 821 0.630000 0.060000 128 129 640 641 
 822 0.620000 0.050000 129 130 608 609 
 823 0.630000 0.040000 130 131 653 654 
 824 0.640000 0.050000 128 131 340 343 
 825 0.630000 0.050000 128 129 130 131 
 826 0.960000 0.010000 132 133 380 383 
 827 0.980000 0.010000 134 135 264 267 
 828 0.970000 0.020000 132 135 168 169 
 829 0.970000 0.010000 132 133 134 135 
 830 0.920000 0.030000 137 138 688 689 
 831 0.930000 0.020000 138 139 784 787 
 832 0.940000 0.030000 136 139 1056 1059 
 833 0.930000 0.030000 136 137 138 139 
 834 0.210000 0.140000 140 141 504 505 
 835 0.220000 0.150000 141 142 872 873 
 836 0.210000 0.160000 142 143 452 453 
 837 0.200000 0.150000 140 143 810 811 
 838 0.210000 0.150000 140 141 142 143 
 839 0.890000 0.100000 144 145 377 378 
 840 0.890000 0.080000 146 147 1241 1242 
 841 0.900000 0.090000 144 147 1796 1799 
 842 0.890000 0.090000 144 145 146 147 
 843 0.300000 0.150000 148 149 840 841 
 844 0.290000 0.160000 149 150 428 429 
 845 0.280000 0.150000 150 151 826 827 
 846 0.290000 0.140000 148 151 852 855 
 847 0.290000 0.150000 148 149 150 151 
 848 0.250000 0.140000 152 153 844 847 
 849 0.260000 0.150000 153 154 824 825 
 850 0.250000 0.160000 154 155 436 437 
 851 0.240000 0.150000 152 155 874 875 
 852 0.250000 0.150000 152 153 154 155 
 853 0.080000 0.170000 156 157 560 561 
 854 0.070000 0.180000 157 158 684 687 
 855 0.060000 0.170000 158 159 630 631 
 856 0.070000 0.170000 156 157 158 159 
 857 0.090000 0.120000 160 161 208 209 
 858 0.080000 0.110000 161 162 1246 1247 
 859 0.090000 0.100000 162 163 1216 1219 
 860 0.100000 0.110000 160 163 1297 1298 
 861 0.090000 0.110000 160 161 162 163 
 862 0.880000 0.190000 164 165 336 337 
 863 0.890000 0.180000 165 166 212 215 
 864 0.900000 0.190000 166 167 226 227 
 865 0.890000 0.190000 164 165 166 167 
 866 0.980000 0.030000 169 170 1292 1295 
 867 0.970000 0.040000 170 171 620 623 
 868 0.960000 0.030000 168 171 1057 1058 
 869 0.970000 0.030000 168 169 170 171 
 870 0.950000 0.080000 172 173 764 767 
 871 0.960000 0.090000 173 174 770 771 
 872 0.950000 0.100000 174 175 1325 1326 
 873 0.940000 0.090000 172 175 1333 1334 
 874 0.950000 0.090000 172 173 174 175 
 875 0.550000 0.060000 176 177 356 357 
 876 0.560000 0.070000 177 178 752 755 
 877 0.540000 0.070000 176 179 776 779 
 878 0.550000 0.070000 176 177 178 179 
 879 0.680000 0.030000 180 181 345 346 
 880 0.690000 0.020000 181 182 960 963 
 881 0.700000 0.030000 182 183 644 647 
 882 0.690000 0.040000 180 183 352 355 
 883 0.690000 0.030000 180 181 182 183 
 884 0.640000 0.030000 184 185 652 653 
 885 0.650000 0.020000 185 186 964 967 
 886 0.660000 0.030000 186 187 344 347 
 887 0.650000 0.040000 184 187 340 341 
 888 0.650000 0.030000 184 185 186 187 
 889 0.060000 0.130000 189 190 258 259 
 890 0.070000 0.120000 190 191 1244 1247 
 891 0.080000 0.130000 188 191 208 211 
 892 0.070000 0.130000 188 189 190 191 
 893 0.630000 0.100000 192 193 568 569 
 894 0.630000 0.120000 194 195 1752 1755 
 895 0.630000 0.110000 192 193 194 195 
 896 0.870000 0.040000 196 197 476 477 
 897 0.860000 0.030000 197 198 594 595 
 898 0.870000 0.020000 198 199 588 589 
 899 0.880000 0.030000 196 199 890 891 
 900 0.870000 0.030000 196 197 198 199 
 901 0.520000 0.170000 200 201 1956 1959 
 902 0.510000 0.180000 201 202 1969 1970 
 903 0.500000 0.170000 202 203 929 930 
 904 0.510000 0.160000 200 203 1170 1171 
 905 0.510000 0.170000 200 201 202 203 
 906 0.980000 0.130000 204 205 384 385 
 907 0.970000 0.140000 205 206 500 501 
 908 0.960000 0.130000 206 207 516 517 
 909 0.970000 0.120000 204 207 1453 1454 
 910 0.970000 0.130000 204 205 206 207 
 911 0.100000 0.130000 209 210 741 742 
 912 0.090000 0.140000 210 211 597 598 
 913 0.090000 0.130000 208 209 210 211 
 914 0.880000 0.170000 212 213 1164 1165 
 915 0.890000 0.160000 213 214 1336 1339 
 916 0.900000 0.170000 214 215 272 273 
 917 0.890000 0.170000 212 213 214 215 
 918 0.920000 0.150000 216 217 564 565 
 919 0.910000 0.160000 217 218 273 274 
 920 0.900000 0.150000 218 219 1338 1339 
 921 0.910000 0.140000 216 219 916 919 
 922 0.910000 0.150000 216 217 218 219 
 923 0.520000 0.010000 221 222 946 947 
 924 0.510000 0.020000 222 223 1300 1301 
 925 0.500000 0.010000 220 223 1777 1778 
 926 0.510000 0.010000 220 221 222 223 
 927 0.920000 0.190000 224 225 466 467 
 928 0.910000 0.180000 224 227 272 275 
 929 0.910000 0.190000 224 225 226 227 
 930 0.720000 0.050000 228 229 656 657 
 931 0.730000 0.040000 229 230 532 535 
 932 0.740000 0.050000 230 231 674 675 
 933 0.730000 0.060000 228 231 676 677 
 934 0.730000 0.050000 228 229 230 231 
 935 0.340000 0.170000 232 233 836 837 
 936 0.330000 0.180000 233 234 1092 1095 
 937 0.320000 0.170000 234 235 816 819 
 938 0.330000 0.160000 232 235 496 499 
 939 0.330000 0.170000 232 233 234 235 
 940 0.170000 0.120000 236 237 1988 1989 
 941 0.180000 0.130000 237 238 884 885 
 942 0.170000 0.140000 238 239 513 514 
 943 0.160000 0.130000 236 239 1144 1147 
 944 0.170000 0.130000 236 237 238 239 
 945 0.900000 0.070000 240 241 1240 1241 
 946 0.910000 0.060000 241 242 520 523 
 947 0.920000 0.070000 242 243 1150 1151 
 948 0.910000 0.080000 240 243 1796 1797 
 949 0.910000 0.070000 240 241 242 243 
 950 0.040000 0.090000 244 245 1396 1397 
 951 0.030000 0.100000 245 246 1469 1470 
 952 0.020000 0.090000 246 247 1030 1031 
 953 0.030000 0.080000 244 247 1036 1039 
 954 0.030000 0.090000 244 245 246 247 
 955 0.590000 0.120000 248 249 394 395 
 956 0.580000 0.110000 249 250 1817 1818 
 957 0.590000 0.110000 248 249 250 251 
 958 0.160000 0.150000 252 253 512 513 
 959 0.150000 0.160000 253 254 470 471 
 960 0.140000 0.150000 254 255 404 405 
 961 0.150000 0.140000 252 255 1144 1145 
 962 0.150000 0.150000 252 253 254 255 
 963 0.040000 0.130000 256 257 1478 1479 
 964 0.050000 0.120000 257 258 1276 1279 
 965 0.050000 0.140000 256 259 1178 1179 
 966 0.050000 0.130000 256 257 258 259 
 967 0.070000 0.060000 260 261 1305 1306 
 968 0.070000 0.040000 262 263 1784 1787 
 969 0.080000 0.050000 260 263 1377 1378 
 970 0.070000 0.050000 260 261 262 263 
 971 0.990000 0.020000 266 267 1292 1293 
 972 0.990000 0.010000 264 265 266 267 
 973 0.270000 0.080000 268 269 442 443 
 974 0.280000 0.090000 269 270 1872 1873 
 975 0.270000 0.100000 270 271 1982 1983 
 976 0.260000 0.090000 268 271 1604 1607 
 977 0.270000 0.090000 268 269 270 271 
 978 0.920000 0.170000 274 275 373 374 
 979 0.910000 0.170000 272 273 274 275 
 980 0.230000 0.080000 276 277 446 447 
 981 0.240000 0.090000 277 278 1605 1606 
 982 0.230000 0.100000 278 279 1966 1967 
 983 0.220000 0.090000 276 279 1636 1639 
 984 0.230000 0.090000 276 277 278 279 
 985 0.470000 0.140000 280 281 1236 1237 
 986 0.480000 0.150000 281 282 1289 1290 
 987 0.470000 0.160000 282 283 938 939 
 988 0.460000 0.150000 280 283 880 883 
 989 0.470000 0.150000 280 281 282 283 
 990 0.660000 0.070000 285 286 649 650 
 991 0.670000 0.060000 286 287 666 667 
 992 0.680000 0.070000 284 287 660 663 
 993 0.670000 0.070000 284 285 286 287 
 994 0.700000 0.070000 289 290 661 662 
 995 0.710000 0.060000 290 291 657 658 
 996 0.720000 0.070000 288 291 676 679 
 997 0.710000 0.070000 288 289 290 291 
 998 0.740000 0.070000 293 294 677 678 
 999 0.750000 0.060000 294 295 673 674 
 1000 0.760000 0.070000 292 295 612 615 
 1001 0.750000 0.070000 292 293 294 295 
 1002 0.710000 0.120000 296 297 550 551 
 1003 0.700000 0.110000 297 298 1440 1443 
 1004 0.720000 0.110000 296 299 1684 1687 
 1005 0.710000 0.110000 296 297 298 299 
 1006 0.590000 0.020000 300 301 996 999 
 1007 0.600000 0.030000 301 302 606 607 
 1008 0.590000 0.040000 302 303 700 703 
 1009 0.580000 0.030000 300 303 308 311 
 1010 0.590000 0.030000 300 301 302 303 
 1011 0.600000 0.070000 305 306 705 706 
 1012 0.610000 0.060000 306 307 609 610 
 1013 0.620000 0.070000 304 307 640 643 
 1014 0.610000 0.070000 304 305 306 307 
 1015 0.570000 0.040000 308 309 472 473 
 1016 0.560000 0.030000 309 310 805 806 
 1017 0.570000 0.020000 310 311 992 995 
 1018 0.570000 0.030000 308 309 310 311 
 1019 0.130000 0.100000 312 313 736 737 
 1020 0.120000 0.090000 313 314 1992 1995 
 1021 0.130000 0.080000 314 315 1492 1495 
 1022 0.140000 0.090000 312 315 1853 1854 
 1023 0.130000 0.090000 312 313 314 315 
 1024 0.840000 0.170000 316 317 1444 1445 
 1025 0.850000 0.160000 317 318 409 410 
 1026 0.860000 0.170000 318 319 1166 1167 
 1027 0.850000 0.180000 316 319 1896 1899 
 1028 0.850000 0.170000 316 317 318 319 
 1029 0.830000 0.080000 321 322 950 951 
 1030 0.840000 0.090000 322 323 525 526 
 1031 0.830000 0.100000 320 323 1844 1847 
 1032 0.830000 0.090000 320 321 322 323 
 1033 0.450000 0.160000 324 325 880 881 
 1034 0.460000 0.170000 325 326 937 938 
 1035 0.450000 0.180000 326 327 1193 1194 
 1036 0.440000 0.170000 324 327 848 851 
 1037 0.450000 0.170000 324 325 326 327 
 1038 0.800000 0.070000 329 330 697 698 
 1039 0.810000 0.060000 330 331 758 759 
 1040 0.820000 0.070000 328 331 948 951 
 1041 0.810000 0.070000 328 329 330 331 
 1042 0.490000 0.180000 333 334 930 931 
 1043 0.500000 0.190000 334 335 1968 1969 
 1044 0.490000 0.190000 332 333 334 335 
 1045 0.860000 0.190000 338 339 1896 1897 
 1046 0.870000 0.180000 336 339 1165 1166 
 1047 0.870000 0.190000 336 337 338 339 
 1048 0.660000 0.050000 341 342 664 667 
 1049 0.650000 0.060000 342 343 648 649 
 1050 0.650000 0.050000 340 341 342 343 
 1051 0.670000 0.020000 344 345 1008 1011 
 1052 0.670000 0.040000 346 347 664 665 
 1053 0.670000 0.030000 344 345 346 347 
 1054 0.430000 0.140000 348 349 932 933 
 1055 0.440000 0.150000 349 350 881 882 
 1056 0.430000 0.160000 350 351 850 851 
 1057 0.420000 0.150000 348 351 832 835 
 1058 0.430000 0.150000 348 349 350 351 
 1059 0.700000 0.050000 352 353 658 659 
 1060 0.690000 0.060000 353 354 660 661 
 1061 0.680000 0.050000 354 355 665 666 
 1062 0.690000 0.050000 352 353 354 355 
 1063 0.540000 0.050000 357 358 1061 1062 
 1064 0.550000 0.040000 358 359 806 807 
 1065 0.560000 0.050000 356 359 472 475 
 1066 0.550000 0.050000 356 357 358 359 
 1067 0.530000 0.040000 360 361 1060 1061 
 1068 0.520000 0.030000 361 362 1301 1302 
 1069 0.530000 0.020000 362 363 945 946 
 1070 0.540000 0.030000 360 363 804 807 
 1071 0.530000 0.030000 360 361 362 363 
 1072 0.020000 0.070000 364 365 1036 1037 
 1073 0.010000 0.080000 365 366 1029 1030 
 1074 0.010000 0.060000 364 367 489 490 
 1075 0.010000 0.070000 364 365 366 367 
 1076 0.120000 0.170000 368 369 780 781 
 1077 0.110000 0.180000 369 370 1048 1051 
 1078 0.100000 0.170000 370 371 562 563 
 1079 0.110000 0.160000 368 371 892 895 
 1080 0.110000 0.170000 368 369 370 371 
 1081 0.930000 0.180000 372 373 464 467 
 1082 0.930000 0.160000 374 375 564 567 
 1083 0.930000 0.170000 372 373 374 375 
 1084 0.880000 0.110000 376 377 1408 1409 
 1085 0.900000 0.110000 378 379 1264 1265 
 1086 0.890000 0.120000 376 379 1328 1331 
 1087 0.890000 0.110000 376 377 378 379 
 1088 0.950000 0.020000 380 381 1056 1057 
 1089 0.940000 0.010000 381 382 786 787 
 1090 0.950000 0.010000 380 381 382 383 
 1091 0.990000 0.120000 385 386 1157 1158 
 1092 0.990000 0.140000 384 387 800 803 
 1093 0.990000 0.130000 384 385 386 387 
 1094 0.970000 0.160000 389 390 502 503 
 1095 0.980000 0.170000 390 391 1228 1229 
 1096 0.970000 0.180000 388 391 924 927 
 1097 0.970000 0.170000 388 389 390 391 
 1098 0.590000 0.140000 392 393 586 587 
 1099 0.580000 0.130000 393 394 1841 1842 
 1100 0.600000 0.130000 392 395 1764 1767 
 1101 0.590000 0.130000 392 393 394 395 
 1102 0.390000 0.080000 396 397 1484 1487 
 1103 0.400000 0.090000 397 398 1394 1395 
 1104 0.390000 0.100000 398 399 1998 1999 
 1105 0.380000 0.090000 396 399 1860 1863 
 1106 0.390000 0.090000 396 397 398 399 
 1107 0.460000 0.090000 400 401 1021 1022 
 1108 0.450000 0.100000 401 402 1838 1839 
 1109 0.440000 0.090000 402 403 1662 1663 
 1110 0.450000 0.080000 400 403 545 546 
 1111 0.450000 0.090000 400 401 402 403 
 1112 0.130000 0.160000 405 406 781 782 
 1113 0.120000 0.150000 406 407 894 895 
 1114 0.130000 0.140000 404 407 920 921 
 1115 0.130000 0.150000 404 405 406 407 
 1116 0.860000 0.150000 408 409 1162 1163 
 1117 0.840000 0.150000 410 411 1642 1643 
 1118 0.850000 0.140000 408 411 1232 1235 
 1119 0.850000 0.150000 408 409 410 411 
 1120 0.450000 0.120000 412 413 1836 1837 
 1121 0.460000 0.130000 413 414 1237 1238 
 1122 0.450000 0.140000 414 415 882 883 
 1123 0.440000 0.130000 412 415 932 935 
 1124 0.450000 0.130000 412 413 414 415 
 1125 0.170000 0.160000 416 417 512 515 
 1126 0.180000 0.170000 417 418 793 794 
 1127 0.170000 0.180000 418 419 1076 1079 
 1128 0.160000 0.170000 416 419 468 471 
 1129 0.170000 0.170000 416 417 418 419 
 1130 0.390000 0.140000 420 421 788 789 
 1131 0.400000 0.150000 421 422 833 834 
 1132 0.390000 0.160000 422 423 862 863 
 1133 0.380000 0.150000 420 423 492 495 
 1134 0.390000 0.150000 420 421 422 423 
 1135 0.410000 0.160000 424 425 832 833 
 1136 0.420000 0.170000 425 426 849 850 
 1137 0.410000 0.180000 426 427 1084 1087 
 1138 0.400000 0.170000 424 427 860 863 
 1139 0.410000 0.170000 424 425 426 427 
 1140 0.300000 0.170000 429 430 817 818 
 1141 0.290000 0.180000 430 431 1096 1099 
 1142 0.280000 0.170000 428 431 820 823 
 1143 0.290000 0.170000 428 429 430 431 
 1144 0.330000 0.100000 432 433 1548 1549 
 1145 0.340000 0.110000 433 434 857 858 
 1146 0.330000 0.120000 434 435 870 871 
 1147 0.320000 0.110000 432 435 1196 1199 
 1148 0.330000 0.110000 432 433 434 435 
 1149 0.260000 0.170000 437 438 821 822 
 1150 0.250000 0.180000 438 439 1132 1135 
 1151 0.240000 0.170000 436 439 864 867 
 1152 0.250000 0.170000 436 437 438 439 
 1153 0.270000 0.060000 440 441 718 719 
 1154 0.280000 0.070000 441 442 1613 1614 
 1155 0.260000 0.070000 440 443 1576 1579 
 1156 0.270000 0.070000 440 441 442 443 
 1157 0.230000 0.060000 444 445 730 731 
 1158 0.240000 0.070000 445 446 1577 1578 
 1159 0.220000 0.070000 444 447 1628 1631 
 1160 0.230000 0.070000 444 445 446 447 
 1161 0.310000 0.060000 448 449 1596 1599 
 1162 0.320000 0.070000 449 450 1537 1538 
 1163 0.310000 0.080000 450 451 1986 1987 
 1164 0.300000 0.070000 448 451 1612 1615 
 1165 0.310000 0.070000 448 449 450 451 
 1166 0.220000 0.170000 453 454 865 866 
 1167 0.210000 0.180000 454 455 1100 1103 
 1168 0.200000 0.170000 452 455 792 795 
 1169 0.210000 0.170000 452 453 454 455 
 1170 0.350000 0.120000 456 457 856 857 
 1171 0.360000 0.130000 457 458 877 878 
 1172 0.350000 0.140000 458 459 829 830 
 1173 0.340000 0.130000 456 459 868 871 
 1174 0.350000 0.130000 456 457 458 459 
 1175 0.410000 0.120000 460 461 1876 1877 
 1176 0.420000 0.130000 461 462 933 934 
 1177 0.410000 0.140000 462 463 834 835 
 1178 0.400000 0.130000 460 463 788 791 
 1179 0.410000 0.130000 460 461 462 463 
 1180 0.940000 0.190000 464 465 634 635 
 1181 0.930000 0.190000 464 465 466 467 
 1182 0.150000 0.180000 468 469 1064 1067 
 1183 0.140000 0.170000 469 470 782 783 
 1184 0.150000 0.170000 468 469 470 471 
 1185 0.580000 0.050000 473 474 702 703 
 1186 0.570000 0.060000 474 475 752 753 
 1187 0.570000 0.050000 472 473 474 475 
 1188 0.880000 0.050000 477 478 732 735 
 1189 0.870000 0.060000 478 479 896 897 
 1190 0.870000 0.050000 476 477 478 479 
 1191 0.940000 0.150000 480 481 566 567 
 1192 0.950000 0.140000 481 482 517 518 
 1193 0.960000 0.150000 482 483 500 503 
 1194 0.950000 0.150000 480 481 482 483 
 1195 0.110000 0.060000 484 485 1456 1459 
 1196 0.120000 0.070000 485 486 1492 1493 
 1197 0.110000 0.080000 486 487 1994 1995 
 1198 0.100000 0.070000 484 487 1341 1342 
 1199 0.110000 0.070000 484 485 486 487 
 1200 0.010000 0.050000 488 489 490 491 
 1201 0.370000 0.160000 492 493 712 715 
 1202 0.360000 0.150000 493 494 830 831 
 1203 0.370000 0.140000 494 495 876 877 
 1204 0.370000 0.150000 492 493 494 495 
 1205 0.320000 0.150000 496 497 842 843 
 1206 0.330000 0.140000 497 498 868 869 
 1207 0.340000 0.150000 498 499 828 829 
 1208 0.330000 0.150000 496 497 498 499 
 1209 0.980000 0.150000 501 502 802 803 
 1210 0.970000 0.150000 500 501 502 503 
 1211 0.200000 0.130000 505 506 886 887 
 1212 0.210000 0.120000 506 507 1868 1869 
 1213 0.210000 0.130000 504 505 506 507 
 1214 0.710000 0.020000 508 509 644 645 
 1215 0.700000 0.010000 509 510 962 963 
 1216 0.720000 0.010000 508 511 988 989 
 1217 0.710000 0.010000 508 509 510 511 
 1218 0.180000 0.150000 514 515 808 809 
 1219 0.170000 0.150000 512 513 514 515 
 1220 0.940000 0.130000 518 519 1202 1203 
 1221 0.950000 0.120000 516 519 1324 1327 
 1222 0.950000 0.130000 516 517 518 519 
 1223 0.900000 0.050000 520 521 733 734 
 1224 0.910000 0.040000 521 522 689 690 
 1225 0.910000 0.050000 520 521 522 523 
 1226 0.850000 0.080000 526 527 750 751 
 1227 0.850000 0.090000 524 525 526 527 
 1228 0.790000 0.060000 528 529 696 697 
 1229 0.790000 0.040000 530 531 637 638 
 1230 0.800000 0.050000 528 531 756 759 
 1231 0.790000 0.050000 528 529 530 531 
 1232 0.720000 0.030000 532 533 645 646 
 1233 0.730000 0.020000 533 534 988 991 
 1234 0.740000 0.030000 534 535 670 671 
 1235 0.730000 0.030000 532 533 534 535 
 1236 0.630000 0.160000 536 537 1744 1747 
 1237 0.620000 0.150000 537 538 1725 1726 
 1238 0.630000 0.140000 538 539 1753 1754 
 1239 0.640000 0.150000 536 539 1425 1426 
 1240 0.630000 0.150000 536 537 538 539 
 1241 0.750000 0.020000 540 541 668 671 
 1242 0.740000 0.010000 541 542 990 991 
 1243 0.760000 0.010000 540 543 1024 1025 
 1244 0.750000 0.010000 540 541 542 543 
 1245 0.460000 0.070000 544 545 1258 1259 
 1246 0.440000 0.070000 546 547 1801 1802 
 1247 0.450000 0.060000 544 547 1768 1769 
 1248 0.450000 0.070000 544 545 546 547 
 1249 0.710000 0.140000 548 549 1429 1430 
 1250 0.700000 0.130000 549 550 1436 1439 
 1251 0.720000 0.130000 548 551 1680 1683 
 1252 0.710000 0.130000 548 549 550 551 
 1253 0.790000 0.020000 552 553 636 639 
 1254 0.780000 0.010000 553 554 1026 1027 
 1255 0.800000 0.010000 552 555 1032 1033 
 1256 0.790000 0.010000 552 553 554 555 
 1257 0.760000 0.030000 556 557 668 669 
 1258 0.770000 0.020000 557 558 1024 1027 
 1259 0.780000 0.030000 558 559 638 639 
 1260 0.770000 0.030000 556 557 558 559 
 1261 0.090000 0.160000 561 562 596 599 
 1262 0.090000 0.180000 560 563 900 903 
 1263 0.090000 0.170000 560 561 562 563 
 1264 0.930000 0.140000 565 566 1200 1203 
 1265 0.930000 0.150000 564 565 566 567 
 1266 0.630000 0.080000 570 571 642 643 
 1267 0.630000 0.090000 568 569 570 571 
 1268 0.060000 0.190000 572 573 686 687 
 1269 0.040000 0.190000 574 575 577 578 
 1270 0.050000 0.180000 572 575 628 631 
 1271 0.050000 0.190000 572 573 574 575 
 1272 0.020000 0.190000 576 579 1932 1935 
 1273 0.030000 0.190000 576 577 578 579 
 1274 0.800000 0.030000 580 581 636 637 
 1275 0.810000 0.020000 581 582 1032 1035 
 1276 0.820000 0.030000 582 583 682 683 
 1277 0.810000 0.040000 580 583 756 757 
 1278 0.810000 0.030000 580 581 582 583 
 1279 0.590000 0.160000 584 585 1014 1015 
 1280 0.580000 0.150000 585 586 1652 1655 
 1281 0.600000 0.150000 584 587 1724 1727 
 1282 0.590000 0.150000 584 585 586 587 
 1283 0.860000 0.010000 589 590 1042 1043 
 1284 0.880000 0.010000 588 591 1004 1005 
 1285 0.870000 0.010000 588 589 590 591 
 1286 0.840000 0.030000 592 593 680 681 
 1287 0.850000 0.020000 593 594 1040 1043 
 1288 0.850000 0.030000 592 593 594 595 
 1289 0.100000 0.150000 598 599 892 893 
 1290 0.090000 0.150000 596 597 598 599 
 1291 0.820000 0.050000 600 601 757 758 
 1292 0.830000 0.040000 601 602 681 682 
 1293 0.830000 0.060000 600 603 948 949 
 1294 0.830000 0.050000 600 601 602 603 
 1295 0.620000 0.030000 604 605 654 655 
 1296 0.610000 0.040000 605 606 608 611 
 1297 0.610000 0.020000 604 607 1000 1001 
 1298 0.610000 0.030000 604 605 606 607 
 1299 0.600000 0.050000 610 611 700 701 
 1300 0.610000 0.050000 608 609 610 611 
 1301 0.780000 0.070000 613 614 696 699 
 1302 0.770000 0.070000 612 613 614 615 
 1303 0.060000 0.070000 616 617 1304 1305 
 1304 0.050000 0.080000 617 618 1397 1398 
 1305 0.040000 0.070000 618 619 1038 1039 
 1306 0.050000 0.070000 616 617 618 619 
 1307 0.980000 0.050000 620 621 1925 1926 
 1308 0.970000 0.060000 621 622 1268 1271 
 1309 0.960000 0.050000 622 623 693 694 
 1310 0.970000 0.050000 620 621 622 623 
 1311 0.490000 0.120000 624 625 796 797 
 1312 0.480000 0.110000 625 626 909 910 
 1313 0.500000 0.110000 624 627 1260 1263 
 1314 0.490000 0.110000 624 625 626 627 
 1315 0.050000 0.160000 629 630 1176 1177 
 1316 0.050000 0.170000 628 629 630 631 
 1317 0.960000 0.190000 632 633 926 927 
 1318 0.950000 0.190000 632 633 634 635 
 1319 0.790000 0.030000 636 637 638 639 
 1320 0.640000 0.070000 641 642 648 651 
 1321 0.630000 0.070000 640 641 642 643 
 1322 0.710000 0.040000 646 647 656 659 
 1323 0.710000 0.030000 644 645 646 647 
 1324 0.650000 0.070000 648 649 650 651 
 1325 0.630000 0.020000 652 655 984 987 
 1326 0.630000 0.030000 652 653 654 655 
 1327 0.710000 0.050000 656 657 658 659 
 1328 0.690000 0.070000 660 661 662 663 
 1329 0.670000 0.050000 664 665 666 667 
 1330 0.750000 0.040000 669 670 672 675 
 1331 0.750000 0.030000 668 669 670 671 
 1332 0.750000 0.050000 672 673 674 675 
 1333 0.730000 0.070000 676 677 678 679 
 1334 0.830000 0.020000 680 683 1044 1047 
 1335 0.830000 0.030000 680 681 682 683 
 1336 0.080000 0.190000 684 685 902 903 
 1337 0.070000 0.190000 684 685 686 687 
 1338 0.900000 0.030000 690 691 888 889 
 1339 0.910000 0.020000 688 691 940 943 
 1340 0.910000 0.030000 688 689 690 691 
 1341 0.950000 0.040000 692 693 1058 1059 
 1342 0.950000 0.060000 694 695 765 766 
 1343 0.950000 0.050000 692 693 694 695 
 1344 0.790000 0.070000 696 697 698 699 
 1345 0.590000 0.060000 701 702 704 705 
 1346 0.590000 0.050000 700 701 702 703 
 1347 0.580000 0.070000 704 707 753 754 
 1348 0.590000 0.070000 704 705 706 707 
 1349 0.230000 0.180000 708 709 864 865 
 1350 0.240000 0.190000 709 710 1134 1135 
 1351 0.220000 0.190000 708 711 1100 1101 
 1352 0.230000 0.190000 708 709 710 711 
 1353 0.380000 0.170000 712 713 861 862 
 1354 0.370000 0.180000 713 714 1088 1091 
 1355 0.360000 0.170000 714 715 838 839 
 1356 0.370000 0.170000 712 713 714 715 
 1357 0.270000 0.040000 716 717 1608 1611 
 1358 0.280000 0.050000 717 718 1553 1554 
 1359 0.260000 0.050000 716 719 1600 1603 
 1360 0.270000 0.050000 716 717 718 719 
 1361 0.320000 0.130000 720 721 869 870 
 1362 0.310000 0.140000 721 722 841 842 
 1363 0.300000 0.130000 722 723 854 855 
 1364 0.310000 0.120000 720 723 1196 1197 
 1365 0.310000 0.130000 720 721 722 723 
 1366 0.280000 0.130000 724 725 852 853 
 1367 0.270000 0.140000 725 726 825 826 
 1368 0.260000 0.130000 726 727 846 847 
 1369 0.270000 0.120000 724 727 1980 1981 
 1370 0.270000 0.130000 724 725 726 727 
 1371 0.230000 0.040000 728 729 1580 1583 
 1372 0.240000 0.050000 729 730 1601 1602 
 1373 0.220000 0.050000 728 731 1616 1619 
 1374 0.230000 0.050000 728 729 730 731 
 1375 0.890000 0.040000 732 733 889 890 
 1376 0.890000 0.060000 734 735 1240 1243 
 1377 0.890000 0.050000 732 733 734 735 
 1378 0.140000 0.110000 737 738 913 914 
 1379 0.130000 0.120000 738 739 922 923 
 1380 0.120000 0.110000 736 739 1296 1299 
 1381 0.130000 0.110000 736 737 738 739 
 1382 0.110000 0.140000 740 741 893 894 
 1383 0.110000 0.120000 742 743 1296 1297 
 1384 0.120000 0.130000 740 743 921 922 
 1385 0.110000 0.130000 740 741 742 743 
 1386 0.170000 0.060000 744 745 1142 1143 
 1387 0.180000 0.070000 745 746 1108 1111 
 1388 0.170000 0.080000 746 747 772 773 
 1389 0.160000 0.070000 744 747 1632 1635 
 1390 0.170000 0.070000 744 745 746 747 
 1391 0.860000 0.070000 749 750 896 899 
 1392 0.840000 0.070000 748 751 949 950 
 1393 0.850000 0.070000 748 749 750 751 
 1394 0.570000 0.070000 752 753 754 755 
 1395 0.810000 0.050000 756 757 758 759 
 1396 0.980000 0.190000 760 761 924 925 
 1397 0.990000 0.180000 761 762 1228 1231 
 1398 0.990000 0.190000 760 761 762 763 
 1399 0.940000 0.070000 764 765 1148 1149 
 1400 0.960000 0.070000 766 767 1270 1271 
 1401 0.950000 0.070000 764 765 766 767 
 1402 0.980000 0.090000 768 769 1204 1205 
 1403 0.970000 0.100000 769 770 1452 1455 
 1404 0.970000 0.080000 768 771 1269 1270 
 1405 0.970000 0.090000 768 769 770 771 
 1406 0.180000 0.090000 773 774 1152 1155 
 1407 0.170000 0.100000 774 775 1990 1991 
 1408 0.160000 0.090000 772 775 1852 1855 
 1409 0.170000 0.090000 772 773 774 775 
 1410 0.520000 0.070000 777 778 1181 1182 
 1411 0.530000 0.060000 778 779 1062 1063 
 1412 0.530000 0.070000 776 777 778 779 
 1413 0.130000 0.180000 780 783 1052 1055 
 1414 0.130000 0.170000 780 781 782 783 
 1415 0.920000 0.010000 784 785 942 943 
 1416 0.930000 0.010000 784 785 786 787 
 1417 0.380000 0.130000 789 790 876 879 
 1418 0.390000 0.120000 790 791 1996 1997 
 1419 0.390000 0.130000 788 789 790 791 
 1420 0.190000 0.180000 792 793 1136 1139 
 1421 0.190000 0.160000 794 795 808 811 
 1422 0.190000 0.170000 792 793 794 795 
 1423 0.500000 0.130000 797 798 1389 1390 
 1424 0.490000 0.140000 798 799 1290 1291 
 1425 0.480000 0.130000 796 799 1236 1239 
 1426 0.490000 0.130000 796 797 798 799 
 1427 0.990000 0.160000 801 802 1229 1230 
 1428 0.990000 0.150000 800 801 802 803 
 1429 0.550000 0.020000 804 805 976 979 
 1430 0.550000 0.030000 804 805 806 807 
 1431 0.190000 0.140000 809 810 884 887 
 1432 0.190000 0.150000 808 809 810 811 
 1433 0.370000 0.120000 812 813 878 879 
 1434 0.360000 0.110000 813 814 856 859 
 1435 0.370000 0.100000 814 815 1860 1861 
 1436 0.380000 0.110000 812 815 1997 1998 
 1437 0.370000 0.110000 812 813 814 815 
 1438 0.310000 0.180000 816 817 1124 1127 
 1439 0.310000 0.160000 818 819 840 843 
 1440 0.310000 0.170000 816 817 818 819 
 1441 0.270000 0.180000 820 821 1128 1131 
 1442 0.270000 0.160000 822 823 824 827 
 1443 0.270000 0.170000 820 821 822 823 
 1444 0.270000 0.150000 824 825 826 827 
 1445 0.350000 0.160000 828 831 837 838 
 1446 0.350000 0.150000 828 829 830 831 
 1447 0.410000 0.150000 832 833 834 835 
 1448 0.350000 0.180000 836 839 1120 1123 
 1449 0.350000 0.170000 836 837 838 839 
 1450 0.310000 0.150000 840 841 842 843 
 1451 0.250000 0.120000 845 846 1864 1865 
 1452 0.250000 0.130000 844 845 846 847 
 1453 0.430000 0.180000 848 849 1104 1107 
 1454 0.430000 0.170000 848 849 850 851 
 1455 0.290000 0.120000 853 854 1188 1189 
 1456 0.290000 0.130000 852 853 854 855 
 1457 0.350000 0.100000 858 859 1972 1973 
 1458 0.350000 0.110000 856 857 858 859 
 1459 0.390000 0.180000 860 861 1116 1119 
 1460 0.390000 0.170000 860 861 862 863 
 1461 0.230000 0.160000 866 867 872 875 
 1462 0.230000 0.170000 864 865 866 867 
 1463 0.330000 0.130000 868 869 870 871 
 1464 0.230000 0.150000 872 873 874 875 
 1465 0.370000 0.130000 876 877 878 879 
 1466 0.450000 0.150000 880 881 882 883 
 1467 0.190000 0.120000 885 886 1976 1977 
 1468 0.190000 0.130000 884 885 886 887 
 1469 0.890000 0.020000 888 891 1004 1007 
 1470 0.890000 0.030000 888 889 890 891 
 1471 0.110000 0.150000 892 893 894 895 
 1472 0.880000 0.070000 897 898 1242 1243 
 1473 0.870000 0.070000 896 897 898 899 
 1474 0.100000 0.190000 900 901 1050 1051 
 1475 0.090000 0.190000 900 901 902 903 
 1476 0.020000 0.110000 904 905 1468 1469 
 1477 0.010000 0.120000 905 906 1856 1859 
 1478 0.010000 0.100000 904 907 1028 1031 
 1479 0.010000 0.110000 904 905 906 907 
 1480 0.470000 0.100000 908 909 1020 1021 
 1481 0.470000 0.120000 910 911 1238 1239 
 1482 0.460000 0.110000 908 911 1836 1839 
 1483 0.470000 0.110000 908 909 910 911 
 1484 0.150000 0.120000 912 913 1146 1147 
 1485 0.150000 0.100000 914 915 1852 1853 
 1486 0.160000 0.110000 912 915 1989 1990 
 1487 0.150000 0.110000 912 913 914 915 
 1488 0.900000 0.130000 916 917 1328 1329 
 1489 0.910000 0.120000 917 918 1264 1267 
 1490 0.920000 0.130000 918 919 1200 1201 
 1491 0.910000 0.130000 916 917 918 919 
 1492 0.140000 0.130000 920 923 1145 1146 
 1493 0.130000 0.130000 920 921 922 923 
 1494 0.970000 0.190000 924 925 926 927 
 1495 0.490000 0.160000 928 929 1288 1289 
 1496 0.480000 0.170000 928 931 936 939 
 1497 0.490000 0.170000 928 929 930 931 
 1498 0.430000 0.120000 934 935 1880 1881 
 1499 0.430000 0.130000 932 933 934 935 
 1500 0.470000 0.170000 936 937 938 939 
 1501 0.900000 0.010000 940 941 1006 1007 
 1502 0.910000 0.010000 940 941 942 943 
 1503 0.540000 0.010000 944 945 976 977 
 1504 0.530000 0.010000 944 945 946 947 
 1505 0.830000 0.070000 948 949 950 951 
 1506 0.790000 0.160000 952 953 982 983 
 1507 0.780000 0.150000 953 954 1404 1407 
 1508 0.790000 0.140000 954 955 1757 1758 
 1509 0.800000 0.150000 952 955 972 973 
 1510 0.790000 0.150000 952 953 954 955 
 1511 0.530000 0.120000 956 957 1382 1383 
 1512 0.540000 0.130000 957 958 1284 1285 
 1513 0.530000 0.140000 958 959 1948 1949 
 1514 0.520000 0.130000 956 959 1388 1391 
 1515 0.530000 0.130000 956 957 958 959 
 1516 0.680000 0.010000 960 961 1010 1011 
 1517 0.690000 0.010000 960 961 962 963 
 1518 0.640000 0.010000 964 965 986 987 
 1519 0.660000 0.010000 966 967 1008 1009 
 1520 0.650000 0.010000 964 965 966 967 
 1521 0.750000 0.120000 968 969 1402 1403 
 1522 0.740000 0.110000 969 970 1685 1686 
 1523 0.760000 0.110000 968 971 1648 1651 
 1524 0.750000 0.110000 968 969 970 971 
 1525 0.810000 0.140000 973 974 1774 1775 
 1526 0.820000 0.150000 974 975 1640 1641 
 1527 0.810000 0.160000 972 975 1434 1435 
 1528 0.810000 0.150000 972 973 974 975 
 1529 0.560000 0.010000 978 979 992 993 
 1530 0.550000 0.010000 976 977 978 979 
 1531 0.790000 0.180000 980 981 1696 1699 
 1532 0.780000 0.170000 981 982 1712 1713 
 1533 0.800000 0.170000 980 983 1433 1434 
 1534 0.790000 0.170000 980 981 982 983 
 1535 0.620000 0.010000 984 985 1000 1003 
 1536 0.630000 0.010000 984 985 986 987 
 1537 0.730000 0.010000 988 989 990 991 
 1538 0.580000 0.010000 994 995 996 997 
 1539 0.570000 0.010000 992 993 994 995 
 1540 0.600000 0.010000 998 999 1001 1002 
 1541 0.590000 0.010000 996 997 998 999 
 1542 0.610000 0.010000 1000 1001 1002 1003 
 1543 0.890000 0.010000 1004 1005 1006 1007 
 1544 0.670000 0.010000 1008 1009 1010 1011 
 1545 0.590000 0.180000 1012 1013 1668 1671 
 1546 0.580000 0.170000 1013 1014 1760 1763 
 1547 0.600000 0.170000 1012 1015 1740 1743 
 1548 0.590000 0.170000 1012 1013 1014 1015 
 1549 0.710000 0.180000 1016 1017 1692 1695 
 1550 0.700000 0.170000 1017 1018 1920 1923 
 1551 0.710000 0.160000 1018 1019 1428 1431 
 1552 0.720000 0.170000 1016 1019 1748 1751 
 1553 0.710000 0.170000 1016 1017 1018 1019 
 1554 0.470000 0.080000 1022 1023 1257 1258 
 1555 0.470000 0.090000 1020 1021 1022 1023 
 1556 0.770000 0.010000 1024 1025 1026 1027 
 1557 0.010000 0.090000 1028 1029 1030 1031 
 1558 0.820000 0.010000 1034 1035 1044 1045 
 1559 0.810000 0.010000 1032 1033 1034 1035 
 1560 0.030000 0.070000 1036 1037 1038 1039 
 1561 0.840000 0.010000 1040 1041 1046 1047 
 1562 0.850000 0.010000 1040 1041 1042 1043 
 1563 0.830000 0.010000 1044 1045 1046 1047 
 1564 0.120000 0.190000 1048 1049 1054 1055 
 1565 0.110000 0.190000 1048 1049 1050 1051 
 1566 0.140000 0.190000 1052 1053 1066 1067 
 1567 0.130000 0.190000 1052 1053 1054 1055 
 1568 0.950000 0.030000 1056 1057 1058 1059 
 1569 0.520000 0.050000 1060 1063 1220 1223 
 1570 0.530000 0.050000 1060 1061 1062 1063 
 1571 0.160000 0.190000 1064 1065 1078 1079 
 1572 0.150000 0.190000 1064 1065 1066 1067 
 1573 0.390000 0.040000 1068 1069 1082 1083 
 1574 0.400000 0.050000 1069 1070 1344 1347 
 1575 0.390000 0.060000 1070 1071 1485 1486 
 1576 0.380000 0.050000 1068 1071 1588 1591 
 1577 0.390000 0.050000 1068 1069 1070 1071 
 1578 0.120000 0.010000 1072 1073 1248 1249 
 1579 0.110000 0.020000 1073 1074 1272 1275 
 1580 0.100000 0.010000 1074 1075 1208 1209 
 1581 0.110000 0.010000 1072 1073 1074 1075 
 1582 0.180000 0.190000 1076 1077 1138 1139 
 1583 0.170000 0.190000 1076 1077 1078 1079 
 1584 0.390000 0.020000 1080 1081 1350 1351 
 1585 0.400000 0.030000 1081 1082 1356 1359 
 1586 0.380000 0.030000 1080 1083 1528 1531 
 1587 0.390000 0.030000 1080 1081 1082 1083 
 1588 0.420000 0.190000 1084 1085 1106 1107 
 1589 0.400000 0.190000 1086 1087 1116 1117 
 1590 0.410000 0.190000 1084 1085 1086 1087 
 1591 0.380000 0.190000 1088 1089 1118 1119 
 1592 0.360000 0.190000 1090 1091 1120 1121 
 1593 0.370000 0.190000 1088 1089 1090 1091 
 1594 0.340000 0.190000 1092 1093 1122 1123 
 1595 0.320000 0.190000 1094 1095 1124 1125 
 1596 0.330000 0.190000 1092 1093 1094 1095 
 1597 0.300000 0.190000 1096 1097 1126 1127 
 1598 0.280000 0.190000 1098 1099 1128 1129 
 1599 0.290000 0.190000 1096 1097 1098 1099 
 1600 0.200000 0.190000 1102 1103 1136 1137 
 1601 0.210000 0.190000 1100 1101 1102 1103 
 1602 0.440000 0.190000 1104 1105 1192 1193 
 1603 0.430000 0.190000 1104 1105 1106 1107 
 1604 0.190000 0.060000 1108 1109 1370 1371 
 1605 0.200000 0.070000 1109 1110 1629 1630 
 1606 0.190000 0.080000 1110 1111 1152 1153 
 1607 0.190000 0.070000 1108 1109 1110 1111 
 1608 0.350000 0.020000 1112 1113 1366 1367 
 1609 0.360000 0.030000 1113 1114 1529 1530 
 1610 0.350000 0.040000 1114 1115 1625 1626 
 1611 0.340000 0.030000 1112 1115 1572 1575 
 1612 0.350000 0.030000 1112 1113 1114 1115 
 1613 0.390000 0.190000 1116 1117 1118 1119 
 1614 0.350000 0.190000 1120 1121 1122 1123 
 1615 0.310000 0.190000 1124 1125 1126 1127 
 1616 0.260000 0.190000 1130 1131 1132 1133 
 1617 0.270000 0.190000 1128 1129 1130 1131 
 1618 0.250000 0.190000 1132 1133 1134 1135 
 1619 0.190000 0.190000 1136 1137 1138 1139 
 1620 0.170000 0.040000 1140 1141 1373 1374 
 1621 0.180000 0.050000 1141 1142 1368 1371 
 1622 0.160000 0.050000 1140 1143 1496 1499 
 1623 0.170000 0.050000 1140 1141 1142 1143 
 1624 0.150000 0.130000 1144 1145 1146 1147 
 1625 0.930000 0.080000 1149 1150 1332 1333 
 1626 0.930000 0.070000 1148 1149 1150 1151 
 1627 0.200000 0.090000 1153 1154 1637 1638 
 1628 0.190000 0.100000 1154 1155 1978 1979 
 1629 0.190000 0.090000 1152 1153 1154 1155 
 1630 0.980000 0.110000 1158 1159 1452 1453 
 1631 0.990000 0.100000 1156 1159 1204 1207 
 1632 0.990000 0.110000 1156 1157 1158 1159 
 1633 0.880000 0.150000 1160 1161 1336 1337 
 1634 0.870000 0.160000 1161 1162 1164 1167 
 1635 0.870000 0.140000 1160 1163 1385 1386 
 1636 0.870000 0.150000 1160 1161 1162 1163 
 1637 0.870000 0.170000 1164 1165 1166 1167 
 1638 0.510000 0.140000 1168 1169 1388 1389 
 1639 0.520000 0.150000 1169 1170 1948 1951 
 1640 0.500000 0.150000 1168 1171 1288 1291 
 1641 0.510000 0.150000 1168 1169 1170 1171 
 1642 0.470000 0.040000 1172 1173 1322 1323 
 1643 0.480000 0.050000 1173 1174 1252 1255 
 1644 0.470000 0.060000 1174 1175 1256 1259 
 1645 0.460000 0.050000 1172 1175 1768 1771 
 1646 0.470000 0.050000 1172 1173 1174 1175 
 1647 0.050000 0.150000 1176 1177 1178 1179 
 1648 0.510000 0.060000 1180 1181 1220 1221 
 1649 0.500000 0.070000 1180 1183 1224 1227 
 1650 0.510000 0.070000 1180 1181 1182 1183 
 1651 0.080000 0.010000 1184 1185 1210 1211 
 1652 0.070000 0.020000 1185 1186 1785 1786 
 1653 0.060000 0.010000 1186 1187 1488 1491 
 1654 0.070000 0.010000 1184 1185 1186 1187 
 1655 0.280000 0.110000 1189 1190 1980 1983 
 1656 0.290000 0.100000 1190 1191 1872 1875 
 1657 0.300000 0.110000 1188 1191 1197 1198 
 1658 0.290000 0.110000 1188 1189 1190 1191 
 1659 0.450000 0.190000 1192 1193 1194 1195 
 1660 0.310000 0.100000 1198 1199 1984 1985 
 1661 0.310000 0.110000 1196 1197 1198 1199 
 1662 0.930000 0.120000 1201 1202 1644 1647 
 1663 0.930000 0.130000 1200 1201 1202 1203 
 1664 0.990000 0.080000 1205 1206 1804 1807 
 1665 0.990000 0.090000 1204 1205 1206 1207 
 1666 0.090000 0.020000 1209 1210 1316 1317 
 1667 0.090000 0.010000 1208 1209 1210 1211 
 1668 0.550000 0.160000 1212 1213 1462 1463 
 1669 0.540000 0.150000 1213 1214 1949 1950 
 1670 0.550000 0.140000 1214 1215 1284 1287 
 1671 0.560000 0.150000 1212 1215 1653 1654 
 1672 0.550000 0.150000 1212 1213 1214 1215 
 1673 0.080000 0.090000 1216 1217 1810 1811 
 1674 0.090000 0.080000 1217 1218 1342 1343 
 1675 0.100000 0.090000 1218 1219 1993 1994 
 1676 0.090000 0.090000 1216 1217 1218 1219 
 1677 0.500000 0.050000 1221 1222 1253 1254 
 1678 0.510000 0.040000 1222 1223 1302 1303 
 1679 0.510000 0.050000 1220 1221 1222 1223 
 1680 0.480000 0.070000 1225 1226 1256 1257 
 1681 0.490000 0.060000 1226 1227 1254 1255 
 1682 0.490000 0.070000 1224 1225 1226 1227 
 1683 0.990000 0.170000 1228 1229 1230 1231 
 1684 0.840000 0.130000 1232 1233 1848 1849 
 1685 0.860000 0.130000 1234 1235 1386 1387 
 1686 0.850000 0.130000 1232 1233 1234 1235 
 1687 0.470000 0.130000 1236 1237 1238 1239 
 1688 0.890000 0.070000 1240 1241 1242 1243 
 1689 0.060000 0.110000 1244 1245 1278 1279 
 1690 0.070000 0.100000 1245 1246 1808 1811 
 1691 0.070000 0.110000 1244 1245 1246 1247 
 1692 0.140000 0.010000 1250 1251 1360 1363 
 1693 0.130000 0.020000 1248 1251 1473 1474 
 1694 0.130000 0.010000 1248 1249 1250 1251 
 1695 0.490000 0.040000 1252 1253 1656 1657 
 1696 0.490000 0.050000 1252 1253 1254 1255 
 1697 0.470000 0.070000 1256 1257 1258 1259 
 1698 0.520000 0.110000 1261 1262 1380 1383 
 1699 0.510000 0.120000 1262 1263 1390 1391 
 1700 0.510000 0.110000 1260 1261 1262 1263 
 1701 0.910000 0.100000 1265 1266 1798 1799 
 1702 0.920000 0.110000 1266 1267 1644 1645 
 1703 0.910000 0.110000 1264 1265 1266 1267 
 1704 0.980000 0.070000 1268 1269 1804 1805 
 1705 0.970000 0.070000 1268 1269 1270 1271 
 1706 0.120000 0.030000 1272 1273 1472 1473 
 1707 0.110000 0.040000 1273 1274 1457 1458 
 1708 0.100000 0.030000 1274 1275 1317 1318 
 1709 0.110000 0.030000 1272 1273 1274 1275 
 1710 0.040000 0.110000 1276 1277 1470 1471 
 1711 0.050000 0.100000 1277 1278 1396 1399 
 1712 0.050000 0.110000 1276 1277 1278 1279 
 1713 0.410000 0.060000 1280 1281 1346 1347 
 1714 0.420000 0.070000 1281 1282 1800 1803 
 1715 0.410000 0.080000 1282 1283 1392 1395 
 1716 0.400000 0.070000 1280 1283 1486 1487 
 1717 0.410000 0.070000 1280 1281 1282 1283 
 1718 0.550000 0.120000 1285 1286 1312 1315 
 1719 0.560000 0.130000 1286 1287 1840 1843 
 1720 0.550000 0.130000 1284 1285 1286 1287 
 1721 0.490000 0.150000 1288 1289 1290 1291 
 1722 0.990000 0.040000 1294 1295 1926 1927 
 1723 0.990000 0.030000 1292 1293 1294 1295 
 1724 0.110000 0.100000 1298 1299 1992 1993 
 1725 0.110000 0.110000 1296 1297 1298 1299 
 1726 0.500000 0.030000 1300 1303 1656 1659 
 1727 0.510000 0.030000 1300 1301 1302 1303 
 1728 0.080000 0.070000 1306 1307 1340 1343 
 1729 0.070000 0.080000 1304 1307 1809 1810 
 1730 0.070000 0.070000 1304 1305 1306 1307 
 1731 0.480000 0.010000 1309 1310 1776 1779 
 1732 0.470000 0.020000 1310 1311 1320 1321 
 1733 0.460000 0.010000 1308 1311 1480 1483 
 1734 0.470000 0.010000 1308 1309 1310 1311 
 1735 0.540000 0.110000 1312 1313 1381 1382 
 1736 0.560000 0.110000 1314 1315 1816 1819 
 1737 0.550000 0.110000 1312 1313 1314 1315 
 1738 0.090000 0.040000 1318 1319 1378 1379 
 1739 0.080000 0.030000 1316 1319 1786 1787 
 1740 0.090000 0.030000 1316 1317 1318 1319 
 1741 0.480000 0.030000 1321 1322 1657 1658 
 1742 0.460000 0.030000 1320 1323 1501 1502 
 1743 0.470000 0.030000 1320 1321 1322 1323 
 1744 0.940000 0.110000 1324 1325 1646 1647 
 1745 0.960000 0.110000 1326 1327 1454 1455 
 1746 0.950000 0.110000 1324 1325 1326 1327 
 1747 0.890000 0.140000 1329 1330 1337 1338 
 1748 0.880000 0.130000 1330 1331 1384 1385 
 1749 0.890000 0.130000 1328 1329 1330 1331 
 1750 0.930000 0.100000 1334 1335 1645 1646 
 1751 0.920000 0.090000 1332 1335 1797 1798 
 1752 0.930000 0.090000 1332 1333 1334 1335 
 1753 0.890000 0.150000 1336 1337 1338 1339 
 1754 0.090000 0.060000 1340 1341 1376 1377 
 1755 0.090000 0.070000 1340 1341 1342 1343 
 1756 0.410000 0.040000 1344 1345 1358 1359 
 1757 0.420000 0.050000 1345 1346 1820 1823 
 1758 0.410000 0.050000 1344 1345 1346 1347 
 1759 0.400000 0.010000 1349 1350 1826 1827 
 1760 0.380000 0.010000 1348 1351 1512 1515 
 1761 0.390000 0.010000 1348 1349 1350 1351 
 1762 0.190000 0.020000 1352 1353 1834 1835 
 1763 0.200000 0.030000 1353 1354 1565 1566 
 1764 0.190000 0.040000 1354 1355 1368 1369 
 1765 0.180000 0.030000 1352 1355 1372 1373 
 1766 0.190000 0.030000 1352 1353 1354 1355 
 1767 0.410000 0.020000 1356 1357 1825 1826 
 1768 0.420000 0.030000 1357 1358 1828 1831 
 1769 0.410000 0.030000 1356 1357 1358 1359 
 1770 0.160000 0.010000 1361 1362 1540 1541 
 1771 0.150000 0.020000 1362 1363 1450 1451 
 1772 0.150000 0.010000 1360 1361 1362 1363 
 1773 0.360000 0.010000 1365 1366 1513 1514 
 1774 0.340000 0.010000 1364 1367 1508 1511 
 1775 0.350000 0.010000 1364 1365 1366 1367 
 1776 0.200000 0.050000 1369 1370 1617 1618 
 1777 0.190000 0.050000 1368 1369 1370 1371 
 1778 0.160000 0.030000 1374 1375 1448 1451 
 1779 0.170000 0.020000 1372 1375 1540 1543 
 1780 0.170000 0.030000 1372 1373 1374 1375 
 1781 0.100000 0.050000 1376 1379 1456 1457 
 1782 0.090000 0.050000 1376 1377 1378 1379 
 1783 0.530000 0.110000 1380 1381 1382 1383 
 1784 0.870000 0.120000 1384 1387 1409 1410 
 1785 0.870000 0.130000 1384 1385 1386 1387 
 1786 0.510000 0.130000 1388 1389 1390 1391 
 1787 0.420000 0.090000 1392 1393 1660 1661 
 1788 0.410000 0.100000 1393 1394 1878 1879 
 1789 0.410000 0.090000 1392 1393 1394 1395 
 1790 0.060000 0.090000 1398 1399 1808 1809 
 1791 0.050000 0.090000 1396 1397 1398 1399 
 1792 0.750000 0.140000 1400 1401 1414 1415 
 1793 0.740000 0.130000 1401 1402 1681 1682 
 1794 0.760000 0.130000 1400 1403 1885 1886 
 1795 0.750000 0.130000 1400 1401 1402 1403 
 1796 0.770000 0.160000 1404 1405 1712 1715 
 1797 0.760000 0.150000 1405 1406 1412 1415 
 1798 0.770000 0.140000 1406 1407 1884 1885 
 1799 0.770000 0.150000 1404 1405 1406 1407 
 1800 0.870000 0.110000 1408 1409 1410 1411 
 1801 0.750000 0.160000 1412 1413 1902 1903 
 1802 0.740000 0.150000 1413 1414 1689 1690 
 1803 0.750000 0.150000 1412 1413 1414 1415 
 1804 0.660000 0.150000 1416 1417 1424 1427 
 1805 0.670000 0.140000 1417 1418 1912 1913 
 1806 0.680000 0.150000 1418 1419 1706 1707 
 1807 0.670000 0.160000 1416 1419 1918 1919 
 1808 0.670000 0.150000 1416 1417 1418 1419 
 1809 0.620000 0.190000 1421 1422 1665 1666 
 1810 0.630000 0.180000 1422 1423 1745 1746 
 1811 0.640000 0.190000 1420 1423 1708 1711 
 1812 0.630000 0.190000 1420 1421 1422 1423 
 1813 0.650000 0.160000 1424 1425 1732 1733 
 1814 0.650000 0.140000 1426 1427 1702 1703 
 1815 0.650000 0.150000 1424 1425 1426 1427 
 1816 0.700000 0.150000 1428 1429 1704 1705 
 1817 0.720000 0.150000 1430 1431 1688 1691 
 1818 0.710000 0.150000 1428 1429 1430 1431 
 1819 0.810000 0.180000 1432 1433 1716 1717 
 1820 0.820000 0.170000 1432 1435 1446 1447 
 1821 0.810000 0.170000 1432 1433 1434 1435 
 1822 0.690000 0.140000 1436 1437 1704 1707 
 1823 0.680000 0.130000 1437 1438 1912 1915 
 1824 0.690000 0.120000 1438 1439 1440 1441 
 1825 0.690000 0.130000 1436 1437 1438 1439 
 1826 0.680000 0.110000 1441 1442 1729 1730 
 1827 0.690000 0.110000 1440 1441 1442 1443 
 1828 0.830000 0.180000 1445 1446 1941 1942 
 1829 0.830000 0.160000 1444 1447 1640 1643 
 1830 0.830000 0.170000 1444 1445 1446 1447 
 1831 0.150000 0.040000 1448 1449 1498 1499 
 1832 0.140000 0.030000 1449 1450 1474 1475 
 1833 0.150000 0.030000 1448 1449 1450 1451 
 1834 0.970000 0.110000 1452 1453 1454 1455 
 1835 0.120000 0.050000 1458 1459 1790 1791 
 1836 0.110000 0.050000 1456 1457 1458 1459 
 1837 0.550000 0.180000 1460 1461 1720 1723 
 1838 0.540000 0.170000 1461 1462 1957 1958 
 1839 0.560000 0.170000 1460 1463 1761 1762 
 1840 0.550000 0.170000 1460 1461 1462 1463 
 1841 0.020000 0.010000 1464 1465 1930 1931 
 1842 0.040000 0.010000 1466 1467 1489 1490 
 1843 0.030000 0.020000 1464 1467 1944 1945 
 1844 0.030000 0.010000 1464 1465 1466 1467 
 1845 0.030000 0.120000 1468 1471 1477 1478 
 1846 0.030000 0.110000 1468 1469 1470 1471 
 1847 0.130000 0.040000 1472 1475 1788 1791 
 1848 0.130000 0.030000 1472 1473 1474 1475 
 1849 0.020000 0.130000 1476 1477 1856 1857 
 1850 0.030000 0.130000 1476 1477 1478 1479 
 1851 0.450000 0.020000 1480 1481 1500 1501 
 1852 0.440000 0.010000 1481 1482 1812 1813 
 1853 0.450000 0.010000 1480 1481 1482 1483 
 1854 0.380000 0.070000 1484 1485 1560 1563 
 1855 0.390000 0.070000 1484 1485 1486 1487 
 1856 0.050000 0.020000 1488 1489 1782 1783 
 1857 0.050000 0.010000 1488 1489 1490 1491 
 1858 0.130000 0.060000 1493 1494 1789 1790 
 1859 0.140000 0.070000 1494 1495 1633 1634 
 1860 0.130000 0.070000 1492 1493 1494 1495 
 1861 0.150000 0.060000 1496 1497 1634 1635 
 1862 0.140000 0.050000 1497 1498 1788 1789 
 1863 0.150000 0.050000 1496 1497 1498 1499 
 1864 0.450000 0.040000 1502 1503 1770 1771 
 1865 0.440000 0.030000 1500 1503 1829 1830 
 1866 0.450000 0.030000 1500 1501 1502 1503 
 1867 0.300000 0.010000 1504 1505 1520 1523 
 1868 0.320000 0.010000 1506 1507 1509 1510 
 1869 0.310000 0.020000 1504 1507 1593 1594 
 1870 0.310000 0.010000 1504 1505 1506 1507 
 1871 0.330000 0.020000 1508 1509 1574 1575 
 1872 0.330000 0.010000 1508 1509 1510 1511 
 1873 0.370000 0.020000 1512 1513 1530 1531 
 1874 0.370000 0.010000 1512 1513 1514 1515 
 1875 0.260000 0.010000 1516 1517 1532 1535 
 1876 0.280000 0.010000 1518 1519 1521 1522 
 1877 0.270000 0.020000 1516 1519 1609 1610 
 1878 0.270000 0.010000 1516 1517 1518 1519 
 1879 0.290000 0.020000 1520 1521 1570 1571 
 1880 0.290000 0.010000 1520 1521 1522 1523 
 1881 0.210000 0.020000 1524 1525 1566 1567 
 1882 0.200000 0.010000 1525 1526 1833 1834 
 1883 0.220000 0.010000 1524 1527 1544 1545 
 1884 0.210000 0.010000 1524 1525 1526 1527 
 1885 0.370000 0.040000 1528 1529 1590 1591 
 1886 0.370000 0.030000 1528 1529 1530 1531 
 1887 0.250000 0.020000 1532 1533 1586 1587 
 1888 0.240000 0.010000 1533 1534 1546 1547 
 1889 0.250000 0.010000 1532 1533 1534 1535 
 1890 0.330000 0.080000 1536 1537 1550 1551 
 1891 0.330000 0.060000 1538 1539 1556 1557 
 1892 0.340000 0.070000 1536 1539 1620 1621 
 1893 0.330000 0.070000 1536 1537 1538 1539 
 1894 0.180000 0.010000 1542 1543 1832 1835 
 1895 0.170000 0.010000 1540 1541 1542 1543 
 1896 0.230000 0.020000 1544 1547 1581 1582 
 1897 0.230000 0.010000 1544 1545 1546 1547 
 1898 0.320000 0.090000 1549 1550 1984 1987 
 1899 0.340000 0.090000 1548 1551 1973 1974 
 1900 0.330000 0.090000 1548 1549 1550 1551 
 1901 0.290000 0.060000 1552 1553 1614 1615 
 1902 0.290000 0.040000 1554 1555 1568 1569 
 1903 0.300000 0.050000 1552 1555 1596 1597 
 1904 0.290000 0.050000 1552 1553 1554 1555 
 1905 0.320000 0.050000 1557 1558 1598 1599 
 1906 0.330000 0.040000 1558 1559 1572 1573 
 1907 0.340000 0.050000 1556 1559 1624 1625 
 1908 0.330000 0.050000 1556 1557 1558 1559 
 1909 0.370000 0.080000 1560 1561 1862 1863 
 1910 0.360000 0.070000 1561 1562 1622 1623 
 1911 0.370000 0.060000 1562 1563 1588 1589 
 1912 0.370000 0.070000 1560 1561 1562 1563 
 1913 0.210000 0.040000 1564 1565 1618 1619 
 1914 0.220000 0.030000 1564 1567 1580 1581 
 1915 0.210000 0.030000 1564 1565 1566 1567 
 1916 0.280000 0.030000 1569 1570 1610 1611 
 1917 0.300000 0.030000 1568 1571 1592 1593 
 1918 0.290000 0.030000 1568 1569 1570 1571 
 1919 0.320000 0.030000 1573 1574 1594 1595 
 1920 0.330000 0.030000 1572 1573 1574 1575 
 1921 0.250000 0.080000 1576 1577 1606 1607 
 1922 0.250000 0.060000 1578 1579 1600 1601 
 1923 0.250000 0.070000 1576 1577 1578 1579 
 1924 0.240000 0.030000 1582 1583 1585 1586 
 1925 0.230000 0.030000 1580 1581 1582 1583 
 1926 0.250000 0.040000 1584 1585 1602 1603 
 1927 0.260000 0.030000 1584 1587 1608 1609 
 1928 0.250000 0.030000 1584 1585 1586 1587 
 1929 0.360000 0.050000 1589 1590 1626 1627 
 1930 0.370000 0.050000 1588 1589 1590 1591 
 1931 0.310000 0.040000 1592 1595 1597 1598 
 1932 0.310000 0.030000 1592 1593 1594 1595 
 1933 0.310000 0.050000 1596 1597 1598 1599 
 1934 0.250000 0.050000 1600 1601 1602 1603 
 1935 0.250000 0.100000 1604 1605 1866 1867 
 1936 0.250000 0.090000 1604 1605 1606 1607 
 1937 0.270000 0.030000 1608 1609 1610 1611 
 1938 0.290000 0.080000 1612 1613 1873 1874 
 1939 0.290000 0.070000 1612 1613 1614 1615 
 1940 0.210000 0.060000 1616 1617 1630 1631 
 1941 0.210000 0.050000 1616 1617 1618 1619 
 1942 0.350000 0.060000 1621 1622 1624 1627 
 1943 0.350000 0.080000 1620 1623 1974 1975 
 1944 0.350000 0.070000 1620 1621 1622 1623 
 1945 0.350000 0.050000 1624 1625 1626 1627 
 1946 0.210000 0.080000 1628 1629 1638 1639 
 1947 0.210000 0.070000 1628 1629 1630 1631 
 1948 0.150000 0.080000 1632 1633 1854 1855 
 1949 0.150000 0.070000 1632 1633 1634 1635 
 1950 0.210000 0.100000 1636 1637 1870 1871 
 1951 0.210000 0.090000 1636 1637 1638 1639 
 1952 0.830000 0.140000 1641 1642 1849 1850 
 1953 0.830000 0.150000 1640 1641 1642 1643 
 1954 0.930000 0.110000 1644 1645 1646 1647 
 1955 0.780000 0.110000 1649 1650 1738 1739 
 1956 0.770000 0.120000 1650 1651 1886 1887 
 1957 0.770000 0.110000 1648 1649 1650 1651 
 1958 0.570000 0.160000 1652 1653 1762 1763 
 1959 0.570000 0.140000 1654 1655 1842 1843 
 1960 0.570000 0.150000 1652 1653 1654 1655 
 1961 0.490000 0.020000 1658 1659 1778 1779 
 1962 0.490000 0.030000 1656 1657 1658 1659 
 1963 0.430000 0.080000 1661 1662 1802 1803 
 1964 0.430000 0.100000 1660 1663 1882 1883 
 1965 0.430000 0.090000 1660 1661 1662 1663 
 1966 0.610000 0.180000 1664 1665 1742 1743 
 1967 0.600000 0.190000 1664 1667 1668 1669 
 1968 0.610000 0.190000 1664 1665 1666 1667 
 1969 0.580000 0.190000 1670 1671 1673 1674 
 1970 0.590000 0.190000 1668 1669 1670 1671 
 1971 0.570000 0.180000 1672 1673 1760 1761 
 1972 0.560000 0.190000 1672 1675 1720 1721 
 1973 0.570000 0.190000 1672 1673 1674 1675 
 1974 0.730000 0.180000 1676 1677 1750 1751 
 1975 0.740000 0.190000 1677 1678 1889 1890 
 1976 0.720000 0.190000 1676 1679 1692 1693 
 1977 0.730000 0.190000 1676 1677 1678 1679 
 1978 0.730000 0.120000 1680 1681 1686 1687 
 1979 0.730000 0.140000 1682 1683 1688 1689 
 1980 0.730000 0.130000 1680 1681 1682 1683 
 1981 0.730000 0.110000 1684 1685 1686 1687 
 1982 0.730000 0.160000 1690 1691 1748 1749 
 1983 0.730000 0.150000 1688 1689 1690 1691 
 1984 0.700000 0.190000 1694 1695 1910 1911 
 1985 0.710000 0.190000 1692 1693 1694 1695 
 1986 0.800000 0.190000 1696 1697 1716 1719 
 1987 0.780000 0.190000 1698 1699 1906 1907 
 1988 0.790000 0.190000 1696 1697 1698 1699 
 1989 0.660000 0.130000 1701 1702 1913 1914 
 1990 0.640000 0.130000 1700 1703 1752 1753 
 1991 0.650000 0.130000 1700 1701 1702 1703 
 1992 0.690000 0.160000 1705 1706 1922 1923 
 1993 0.690000 0.150000 1704 1705 1706 1707 
 1994 0.650000 0.180000 1708 1709 1734 1735 
 1995 0.660000 0.190000 1709 1710 1893 1894 
 1996 0.650000 0.190000 1708 1709 1710 1711 
 1997 0.770000 0.180000 1713 1714 1905 1906 
 1998 0.760000 0.170000 1714 1715 1900 1903 
 1999 0.770000 0.170000 1712 1713 1714 1715 
 2000 0.820000 0.190000 1717 1718 1940 1941 
 2001 0.810000 0.190000 1716 1717 1718 1719 
 2002 0.540000 0.190000 1722 1723 1936 1939 
 2003 0.550000 0.190000 1720 1721 1722 1723 
 2004 0.610000 0.140000 1724 1725 1766 1767 
 2005 0.610000 0.160000 1726 1727 1740 1741 
 2006 0.610000 0.150000 1724 1725 1726 1727 
 2007 0.670000 0.120000 1730 1731 1914 1915 
 2008 0.670000 0.110000 1728 1729 1730 1731 
 2009 0.660000 0.170000 1733 1734 1917 1918 
 2010 0.640000 0.170000 1732 1735 1744 1745 
 2011 0.650000 0.170000 1732 1733 1734 1735 
 2012 0.800000 0.110000 1736 1737 1792 1795 
 2013 0.790000 0.120000 1737 1738 1756 1759 
 2014 0.790000 0.110000 1736 1737 1738 1739 
 2015 0.620000 0.170000 1741 1742 1746 1747 
 2016 0.610000 0.170000 1740 1741 1742 1743 
 2017 0.630000 0.170000 1744 1745 1746 1747 
 2018 0.740000 0.170000 1749 1750 1901 1902 
 2019 0.730000 0.170000 1748 1749 1750 1751 
 2020 0.620000 0.130000 1754 1755 1765 1766 
 2021 0.630000 0.130000 1752 1753 1754 1755 
 2022 0.800000 0.130000 1756 1757 1772 1775 
 2023 0.780000 0.130000 1758 1759 1884 1887 
 2024 0.790000 0.130000 1756 1757 1758 1759 
 2025 0.570000 0.170000 1760 1761 1762 1763 
 2026 0.610000 0.130000 1764 1765 1766 1767 
 2027 0.440000 0.050000 1769 1770 1821 1822 
 2028 0.450000 0.050000 1768 1769 1770 1771 
 2029 0.810000 0.120000 1772 1773 1794 1795 
 2030 0.820000 0.130000 1773 1774 1850 1851 
 2031 0.810000 0.130000 1772 1773 1774 1775 
 2032 0.490000 0.010000 1776 1777 1778 1779 
 2033 0.040000 0.030000 1781 1782 1945 1946 
 2034 0.060000 0.030000 1780 1783 1784 1785 
 2035 0.050000 0.030000 1780 1781 1782 1783 
 2036 0.070000 0.030000 1784 1785 1786 1787 
 2037 0.130000 0.050000 1788 1789 1790 1791 
 2038 0.820000 0.110000 1793 1794 1846 1847 
 2039 0.810000 0.110000 1792 1793 1794 1795 
 2040 0.910000 0.090000 1796 1797 1798 1799 
 2041 0.430000 0.060000 1800 1801 1822 1823 
 2042 0.430000 0.070000 1800 1801 1802 1803 
 2043 0.990000 0.060000 1805 1806 1924 1925 
 2044 0.990000 0.070000 1804 1805 1806 1807 
 2045 0.070000 0.090000 1808 1809 1810 1811 
 2046 0.430000 0.020000 1813 1814 1828 1829 
 2047 0.420000 0.010000 1814 1815 1824 1825 
 2048 0.430000 0.010000 1812 1813 1814 1815 
 2049 0.570000 0.120000 1818 1819 1840 1841 
 2050 0.570000 0.110000 1816 1817 1818 1819 
 2051 0.430000 0.040000 1820 1821 1830 1831 
 2052 0.430000 0.050000 1820 1821 1822 1823 
 2053 0.410000 0.010000 1824 1825 1826 1827 
 2054 0.430000 0.030000 1828 1829 1830 1831 
 2055 0.190000 0.010000 1832 1833 1834 1835 
 2056 0.440000 0.110000 1837 1838 1880 1883 
 2057 0.450000 0.110000 1836 1837 1838 1839 
 2058 0.570000 0.130000 1840 1841 1842 1843 
 2059 0.830000 0.120000 1845 1846 1848 1851 
 2060 0.830000 0.110000 1844 1845 1846 1847 
 2061 0.830000 0.130000 1848 1849 1850 1851 
 2062 0.150000 0.090000 1852 1853 1854 1855 
 2063 0.010000 0.140000 1857 1858 1952 1953 
 2064 0.010000 0.130000 1856 1857 1858 1859 
 2065 0.360000 0.090000 1861 1862 1972 1975 
 2066 0.370000 0.090000 1860 1861 1862 1863 
 2067 0.240000 0.110000 1865 1866 1964 1967 
 2068 0.260000 0.110000 1864 1867 1981 1982 
 2069 0.250000 0.110000 1864 1865 1866 1867 
 2070 0.200000 0.110000 1869 1870 1976 1979 
 2071 0.220000 0.110000 1868 1871 1965 1966 
 2072 0.210000 0.110000 1868 1869 1870 1871 
 2073 0.300000 0.090000 1874 1875 1985 1986 
 2074 0.290000 0.090000 1872 1873 1874 1875 
 2075 0.400000 0.110000 1877 1878 1996 1999 
 2076 0.420000 0.110000 1876 1879 1881 1882 
 2077 0.410000 0.110000 1876 1877 1878 1879 
 2078 0.430000 0.110000 1880 1881 1882 1883 
 2079 0.770000 0.130000 1884 1885 1886 1887 
 2080 0.750000 0.180000 1890 1891 1900 1901 
 2081 0.760000 0.190000 1888 1891 1904 1905 
 2082 0.750000 0.190000 1888 1889 1890 1891 
 2083 0.670000 0.180000 1894 1895 1916 1917 
 2084 0.680000 0.190000 1892 1895 1908 1909 
 2085 0.670000 0.190000 1892 1893 1894 1895 
 2086 0.840000 0.190000 1898 1899 1942 1943 
 2087 0.850000 0.190000 1896 1897 1898 1899 
 2088 0.750000 0.170000 1900 1901 1902 1903 
 2089 0.770000 0.190000 1904 1905 1906 1907 
 2090 0.690000 0.180000 1909 1910 1920 1921 
 2091 0.690000 0.190000 1908 1909 1910 1911 
 2092 0.670000 0.130000 1912 1913 1914 1915 
 2093 0.680000 0.170000 1916 1919 1921 1922 
 2094 0.670000 0.170000 1916 1917 1918 1919 
 2095 0.690000 0.170000 1920 1921 1922 1923 
 2096 0.990000 0.050000 1924 1925 1926 1927 
 2097 0.010000 0.010000 1928 1929 1930 1931 
 2098 0.010000 0.180000 1934 1935 1962 1963 
 2099 0.010000 0.190000 1932 1933 1934 1935 
 2100 0.520000 0.190000 1937 1938 1970 1971 
 2101 0.530000 0.180000 1938 1939 1958 1959 
 2102 0.530000 0.190000 1936 1937 1938 1939 
 2103 0.830000 0.190000 1940 1941 1942 1943 
 2104 0.030000 0.030000 1944 1945 1946 1947 
 2105 0.530000 0.160000 1950 1951 1956 1957 
 2106 0.530000 0.150000 1948 1949 1950 1951 
 2107 0.010000 0.160000 1954 1955 1960 1961 
 2108 0.010000 0.150000 1952 1953 1954 1955 
 2109 0.530000 0.170000 1956 1957 1958 1959 
 2110 0.010000 0.170000 1960 1961 1962 1963 
 2111 0.230000 0.110000 1964 1965 1966 1967 
 2112 0.510000 0.190000 1968 1969 1970 1971 
 2113 0.350000 0.090000 1972 1973 1974 1975 
 2114 0.180000 0.110000 1977 1978 1988 1991 
 2115 0.190000 0.110000 1976 1977 1978 1979 
 2116 0.270000 0.110000 1980 1981 1982 1983 
 2117 0.310000 0.090000 1984 1985 1986 1987 
 2118 0.170000 0.110000 1988 1989 1990 1991 
 2119 0.110000 0.090000 1992 1993 1994 1995 
 2120 0.390000 0.110000 1996 1997 1998 1999 
 