901 2 1
 903 2 1
 909 2 1
 911 2 1
 961 2 3
 962 2 3
 965 2 3
 966 2 3
 977 2 3
 978 2 3
 2073 1 1
 2075 1 1
 2081 1 1
 2083 1 1
 2089 1 1
 2091 1 1
 2097 1 1
 2099 1 1
 2325 2 1
 2327 2 1
 2333 2 1
 2335 2 1
 3381 1 3
 3382 1 3
 3385 1 3
 3386 1 3
 3397 1 3
 3398 1 3
 3401 1 3
 3402 1 3
 4757 1 1
 4759 1 1
 4765 1 1
 4767 1 1
 4773 1 1
 4775 1 1
 4781 1 1
 4783 1 1
 4941 1 3
 4942 1 3
 4945 1 3
 4946 1 3
 4957 1 3
 4958 1 3
 4961 1 3
 4962 1 3
 4985 1 1
 4987 1 1
 4993 1 1
 4995 1 1
 5241 1 1
 5243 1 1
 5249 1 1
 5251 1 1
 6277 1 1
 6279 1 1
 6285 1 1
 6287 1 1
 6293 1 1
 6295 1 1
 6301 1 1
 6303 1 1
 6717 1 3
 6718 1 3
 6721 1 3
 6722 1 3
 6765 1 3
 6766 1 3
 6769 1 3
 6770 1 3
 6785 2 1
 6787 2 1
 6793 2 1
 6795 2 1
 6881 2 1
 6883 2 1
 6889 2 1
 6891 2 1
 6933 2 3
 6934 2 3
 6937 2 3
 6938 2 3
 6981 2 3
 6982 2 3
 6985 2 3
 6986 2 3
 7663 0 4
 7664 0 4
 7667 0 4
 7668 0 4
 7687 0 4
 7688 0 4
 7861 0 3
 7862 0 3
 7869 0 3
 7870 0 3
 7873 0 3
 7874 0 3
 8279 0 4
 8280 0 4
 8283 0 4
 8284 0 4
 8295 0 4
 8296 0 4
 8299 0 4
 8300 0 4
 8437 2 3
 8438 2 3
 8441 2 3
 8442 2 3
 8445 2 3
 8446 2 3
 8673 2 1
 8675 2 1
 8681 2 1
 8683 2 1
 8689 0 3
 8690 0 3
 8785 0 3
 8786 0 3
 8789 0 3
 8790 0 3
 8801 0 3
 8802 0 3
 8805 0 3
 8806 0 3
 8922 0 2
 8924 0 2
 8930 0 2
 8932 0 2
 8938 0 2
 8940 0 2
 8946 0 2
 8948 0 2
 8954 0 2
 8956 0 2
 9065 0 3
 9066 0 3
 9069 0 3
 9070 0 3
 9081 0 3
 9082 0 3
 9085 0 3
 9086 0 3
 9455 0 4
 9456 0 4
 9459 0 4
 9460 0 4
 9467 0 4
 9468 0 4
 9677 2 3
 9678 2 3
 9681 2 3
 9682 2 3
 9693 2 3
 9694 2 3
 9697 2 3
 9698 2 3
 9709 0 3
 9710 0 3
 9713 0 3
 9714 0 3
 9757 0 3
 9758 0 3
 9761 0 3
 9762 0 3
 9849 0 1
 9851 0 1
 9969 0 1
 9971 0 1
 9977 0 1
 9979 0 1
 9985 0 1
 9987 0 1
 9993 0 1
 9995 0 1
 10033 0 3
 10034 0 3
 10037 0 3
 10038 0 3
 10049 0 3
 10050 0 3
 10053 0 3
 10054 0 3
 10081 0 3
 10082 0 3
 10085 0 3
 10086 0 3
 10097 0 3
 10098 0 3
 10101 0 3
 10102 0 3
 10145 0 3
 10146 0 3
 10149 0 3
 10150 0 3
 10161 0 3
 10162 0 3
 10165 0 3
 10166 0 3
 10209 0 3
 10210 0 3
 10225 0 3
 10226 0 3
 10229 0 3
 10230 0 3
 10241 0 3
 10242 0 3
 10265 0 3
 10266 0 3
 10289 0 1
 10291 0 1
 10297 2 1
 10299 2 1
 10305 2 1
 10307 2 1
 10309 2 1
 10311 2 1
 10361 0 1
 10363 0 1
 10438 0 2
 10440 0 2
 10446 0 2
 10448 0 2
 10454 0 2
 10456 0 2
 10467 0 4
 10468 0 4
 10471 0 4
 10472 0 4
 10483 0 4
 10484 0 4
 10487 0 4
 10488 0 4
 10499 0 4
 10500 0 4
 10503 0 4
 10504 0 4
 10515 0 4
 10516 0 4
 10519 0 4
 10520 0 4
 10531 0 4
 10532 0 4
 10535 0 4
 10536 0 4
 10547 0 4
 10548 0 4
 10551 0 4
 10552 0 4
 10558 0 2
 10560 0 2
 10566 0 2
 10568 0 2
 10574 0 2
 10576 0 2
 10582 0 2
 10584 0 2
 10590 0 2
 10592 0 2
 10598 0 2
 10600 0 2
 10606 0 2
 10608 0 2
 10614 0 2
 10616 0 2
 10622 0 2
 10624 0 2
 10630 0 2
 10632 0 2
 10638 0 2
 10640 0 2
 10646 0 2
 10648 0 2
 10654 0 2
 10656 0 2
 10662 0 2
 10664 0 2
 10670 0 2
 10672 0 2
 10678 0 2
 10680 0 2
 10686 0 2
 10688 0 2
 10694 0 2
 10696 0 2
 10702 0 2
 10704 0 2
 10710 0 2
 10712 0 2
 11167 0 4
 11168 0 4
 11179 0 4
 11180 0 4
 11183 0 4
 11184 0 4
 11507 0 4
 11508 0 4
 11511 0 4
 11512 0 4
 11519 0 4
 11520 0 4
 11527 0 4
 11528 0 4
 11539 0 4
 11540 0 4
 11543 0 4
 11544 0 4
 11571 0 4
 11572 0 4
 11583 0 4
 11584 0 4
 11587 0 4
 11588 0 4
 11606 0 2
 11608 0 2
 11614 0 2
 11616 0 2
 11622 0 2
 11624 0 2
 11630 0 2
 11632 0 2
 12025 2 3
 12026 2 3
 12029 2 3
 12030 2 3
 12041 2 3
 12042 2 3
 12045 2 3
 12046 2 3
 12115 0 4
 12116 0 4
 12119 0 4
 12120 0 4
 12127 0 4
 12128 0 4
 12139 0 4
 12140 0 4
 12143 0 4
 12144 0 4
 12151 0 4
 12152 0 4
 12166 0 2
 12168 0 2
 12174 0 2
 12176 0 2
 12187 0 4
 12188 0 4
 12191 0 4
 12192 0 4
 12203 0 4
 12204 0 4
 12207 0 4
 12208 0 4
 12267 0 4
 12268 0 4
 12271 0 4
 12272 0 4
 12273 2 1
 12275 2 1
 12281 2 1
 12283 2 1
 12283 0 4
 12284 0 4
 12287 0 4
 12288 0 4
 12299 0 4
 12300 0 4
 12303 0 4
 12304 0 4
 12315 0 4
 12316 0 4
 12319 0 4
 12320 0 4
 12327 0 4
 12328 0 4
 12339 0 4
 12340 0 4
 12343 0 4
 12344 0 4
 15145 2 1
 15147 2 1
 15153 2 1
 15155 2 1
 15795 0 4
 15796 0 4
 15799 0 4
 15800 0 4
 15811 0 4
 15812 0 4
 15815 0 4
 15816 0 4
 15993 0 1
 15995 0 1
 16001 0 1
 16003 0 1
 16009 0 1
 16011 0 1
 16017 0 1
 16019 0 1
 16227 0 4
 16228 0 4
 16231 0 4
 16232 0 4
 16243 0 4
 16244 0 4
 16247 0 4
 16248 0 4
 16329 0 1
 16331 0 1
 16337 0 1
 16339 0 1
 16345 0 1
 16345 1 3
 16346 1 3
 16347 0 1
 16349 1 3
 16350 1 3
 16353 0 1
 16355 0 1
 16361 1 3
 16362 1 3
 16365 1 3
 16366 1 3
 16787 0 4
 16788 0 4
 16791 0 4
 16792 0 4
 16803 0 4
 16804 0 4
 16807 0 4
 16808 0 4
 16921 0 3
 16922 0 3
 16925 0 3
 16926 0 3
 16937 0 3
 16938 0 3
 16941 0 3
 16942 0 3
 17310 0 2
 17312 0 2
 17318 0 2
 17320 0 2
 17326 0 2
 17328 0 2
 17334 0 2
 17336 0 2
 17385 0 3
 17386 0 3
 17389 0 3
 17390 0 3
 17545 0 3
 17546 0 3
 17549 0 3
 17550 0 3
 17561 0 3
 17562 0 3
 17565 0 3
 17566 0 3
 17582 0 2
 17584 0 2
 17590 0 2
 17592 0 2
 17715 0 4
 17716 0 4
 17719 0 4
 17720 0 4
 17731 0 4
 17732 0 4
 17735 0 4
 17736 0 4
 17902 0 2
 17904 0 2
 17910 0 2
 17912 0 2
 17918 0 2
 17920 0 2
 17926 0 2
 17928 0 2
 18382 0 2
 18384 0 2
 18390 0 2
 18392 0 2
 18409 1 3
 18410 1 3
 18413 1 3
 18414 1 3
 18425 1 3
 18426 1 3
 18429 1 3
 18430 0 2
 18430 1 3
 18432 0 2
 18438 0 2
 18440 0 2
 18505 0 1
 18507 0 1
 18513 0 1
 18515 0 1
 18521 0 1
 18523 0 1
 18529 0 1
 18531 0 1
 18627 0 4
 18628 0 4
 18631 0 4
 18632 0 4
 18643 0 4
 18644 0 4
 18647 0 4
 18648 0 4
 18670 0 2
 18672 0 2
 18678 0 2
 18680 0 2
 18686 0 2
 18688 0 2
 18694 0 2
 18696 0 2
 18729 0 3
 18730 0 3
 18733 0 3
 18734 0 3
 18745 0 3
 18746 0 3
 18749 0 3
 18750 0 3
 18777 0 3
 18778 0 3
 18781 0 3
 18782 0 3
 18793 0 1
 18795 0 1
 18801 0 1
 18803 0 1
 18825 0 3
 18826 0 3
 18829 0 3
 18830 0 3
 18841 0 3
 18842 0 3
 18845 0 3
 18846 0 3
 18857 0 3
 18858 0 3
 18861 0 3
 18862 0 3
 18873 0 3
 18874 0 3
 18877 0 3
 18878 0 3
 18921 0 1
 18923 0 1
 18929 0 1
 18931 0 1
 18953 0 3
 18954 0 3
 18957 0 3
 18958 0 3
 18969 0 3
 18970 0 3
 18973 0 3
 18974 0 3
 18985 0 1
 18987 0 1
 18993 0 1
 18995 0 1
 19001 0 1
 19003 0 1
 19009 0 1
 19011 0 1
 19017 0 1
 19019 0 1
 19025 0 1
 19027 0 1
 19043 0 4
 19044 0 4
 19047 0 4
 19048 0 4
 19059 0 4
 19060 0 4
 19063 0 4
 19064 0 4
 19075 0 4
 19076 0 4
 19079 0 4
 19080 0 4
 19091 0 4
 19092 0 4
 19095 0 4
 19096 0 4
 19139 0 4
 19140 0 4
 19143 0 4
 19144 0 4
 19155 0 4
 19156 0 4
 19159 0 4
 19160 0 4
 19225 0 3
 19226 0 3
 19229 0 3
 19230 0 3
 19273 0 3
 19274 0 3
 19277 0 3
 19278 0 3
 19294 0 2
 19296 0 2
 19302 0 2
 19304 0 2
 19310 0 2
 19312 0 2
 19318 0 2
 19320 0 2
 19390 0 2
 19392 0 2
 19398 0 2
 19400 0 2
 19406 0 2
 19408 0 2
 19414 0 2
 19416 0 2
 19422 0 2
 19424 0 2
 19430 0 2
 19432 0 2
 19438 0 2
 19440 0 2
 19446 0 2
 19448 0 2
 19587 0 4
 19588 0 4
 19591 0 4
 19592 0 4
 19603 0 4
 19604 0 4
 19607 0 4
 19608 0 4
 19785 0 1
 19787 0 1
 19793 0 1
 19795 0 1
 19833 0 1
 19835 0 1
 19841 0 1
 19843 0 1
 19854 0 2
 19856 0 2
 19862 0 2
 19864 0 2
 19870 0 2
 19872 0 2
 19878 0 2
 19880 0 2
 19881 0 3
 19882 0 3
 19885 0 3
 19886 0 3
 19929 0 3
 19930 0 3
 19933 0 3
 19934 0 3
 20041 0 3
 20042 0 3
 20045 0 3
 20046 0 3
 20057 0 3
 20058 0 3
 20061 0 3
 20062 0 3
 20393 0 3
 20394 0 3
 20397 0 3
 20398 0 3
 20409 0 3
 20410 0 3
 20413 0 3
 20414 0 3
 20681 0 1
 20683 0 1
 20689 0 1
 20691 0 1
 20697 0 1
 20699 0 1
 20705 0 1
 20707 0 1
 20873 0 3
 20874 0 3
 20877 0 3
 20878 0 3
 20889 0 3
 20890 0 3
 20893 0 3
 20894 0 3
 20937 0 1
 20939 0 1
 20945 0 1
 20947 0 1
 20953 0 1
 20955 0 1
 20961 0 1
 20963 0 1
 21385 0 1
 21387 0 1
 21393 0 1
 21395 0 1
 21497 0 1
 21499 0 1
 21505 0 1
 21507 0 1
 21513 0 1
 21515 0 1
 21521 0 1
 21523 0 1
 21609 0 1
 21611 0 1
 21617 0 1
 21619 0 1
 21801 0 1
 21803 0 1
 21809 0 1
 21811 0 1
 21817 0 1
 21819 0 1
 21825 0 1
 21827 0 1
 21881 0 3
 21882 0 3
 21885 0 3
 21886 0 3
 21897 0 3
 21898 0 3
 21901 0 3
 21902 0 3
 21945 0 3
 21946 0 3
 21949 0 3
 21950 0 3
 21961 0 3
 21962 0 3
 21965 0 3
 21966 0 3
 21993 0 1
 21995 0 1
 22001 0 1
 22003 0 1
 22009 0 1
 22011 0 1
 22017 0 1
 22019 0 1
 22073 0 3
 22074 0 3
 22077 0 3
 22078 0 3
 22089 0 3
 22090 0 3
 22093 0 3
 22094 0 3
 22137 0 1
 22139 0 1
 22145 0 1
 22147 0 1
 22153 0 1
 22155 0 1
 22161 0 1
 22163 0 1
 22265 0 1
 22267 0 1
 22273 0 1
 22275 0 1
 22281 0 1
 22283 0 1
 22289 0 1
 22291 0 1
 22377 0 1
 22379 0 1
 22385 0 1
 22387 0 1
 22393 0 1
 22395 0 1
 22401 0 1
 22403 0 1
 22441 0 3
 22442 0 3
 22445 0 3
 22446 0 3
 22457 0 3
 22458 0 3
 22461 0 3
 22462 0 3
 24051 0 4
 24052 0 4
 24055 0 4
 24056 0 4
 24067 0 4
 24068 0 4
 24071 0 4
 24072 0 4
 24083 0 4
 24084 0 4
 24087 0 4
 24088 0 4
 24099 0 4
 24100 0 4
 24103 0 4
 24104 0 4
 24195 0 4
 24196 0 4
 24199 0 4
 24200 0 4
 24211 0 4
 24212 0 4
 24215 0 4
 24216 0 4
 24254 0 2
 24256 0 2
 24262 0 2
 24264 0 2
 24270 0 2
 24272 0 2
 24278 0 2
 24280 0 2
 24291 0 4
 24292 0 4
 24295 0 4
 24296 0 4
 24307 0 4
 24308 0 4
 24311 0 4
 24312 0 4
 24505 0 3
 24506 0 3
 24509 0 3
 24510 0 3
 24521 0 3
 24522 0 3
 24525 0 3
 24526 0 3
 24729 0 1
 24731 0 1
 24737 0 1
 24739 0 1
 24777 0 1
 24779 0 1
 24785 0 1
 24787 0 1
 24873 0 1
 24875 0 1
 24881 0 1
 24883 0 1
 24921 0 1
 24923 0 1
 24929 0 1
 24931 0 1
 25001 0 3
 25002 0 3
 25005 0 3
 25006 0 3
 25017 0 3
 25018 0 3
 25021 0 3
 25022 0 3
 25214 0 2
 25216 0 2
 25222 0 2
 25224 0 2
 25230 0 2
 25232 0 2
 25238 0 2
 25240 0 2
 25241 2 1
 25241 0 3
 25242 0 3
 25243 2 1
 25245 0 3
 25246 0 3
 25249 2 1
 25251 2 1
 25257 0 3
 25258 0 3
 25261 0 3
 25262 0 3
 25278 0 2
 25280 0 2
 25286 0 2
 25288 0 2
 25294 0 2
 25296 0 2
 25302 0 2
 25304 0 2
 27641 1 1
 27643 1 1
 27649 1 1
 27651 1 1
 27673 1 1
 27675 1 1
 27681 1 1
 27683 1 1
 27865 1 1
 27867 1 1
 27873 1 1
 27875 1 1
 27881 1 1
 27883 1 1
 27889 1 1
 27891 1 1
 29049 2 3
 29050 2 3
 29053 2 3
 29054 2 3
 39763 0 4
 39764 0 4
 39767 0 4
 39768 0 4
 40361 0 3
 40362 0 3
 40365 0 3
 40366 0 3
 41609 2 3
 41610 2 3
 41613 2 3
 41614 2 3
 42297 0 3
 42298 0 3
 42301 0 3
 42302 0 3
 42814 0 2
 42816 0 2
 42822 0 2
 42824 0 2
 44035 0 4
 44036 0 4
 44039 0 4
 44040 0 4
 44793 0 3
 44794 0 3
 44797 0 3
 44798 0 3
 44809 0 3
 44810 0 3
 44813 0 3
 44814 0 3
 44889 0 1
 44891 0 1
 44897 0 1
 44899 0 1
 45177 0 3
 45178 0 3
 45181 0 3
 45182 0 3
 45241 0 3
 45242 0 3
 45245 0 3
 45246 0 3
 45337 0 3
 45338 0 3
 45341 0 3
 45342 0 3
 45433 0 1
 45435 0 1
 45441 0 1
 45443 0 1
 45465 2 1
 45467 2 1
 45473 2 1
 45475 2 1
 45657 0 1
 45659 0 1
 45665 0 1
 45667 0 1
 45902 0 2
 45904 0 2
 45910 0 2
 45912 0 2
 48243 0 4
 48244 0 4
 48247 0 4
 48248 0 4
 48985 0 1
 48987 0 1
 48993 0 1
 48995 0 1
 49017 0 1
 49019 0 1
 49025 0 1
 49027 0 1
 49161 0 1
 49163 0 1
 49169 0 1
 49171 0 1
 49193 0 1
 49195 0 1
 49201 0 1
 49203 0 1
 49779 0 4
 49780 0 4
 49783 0 4
 49784 0 4
 49811 0 4
 49812 0 4
 49815 0 4
 49816 0 4
 49955 0 4
 49956 0 4
 49959 0 4
 49960 0 4
 51315 0 4
 51316 0 4
 51319 0 4
 51320 0 4
 51347 0 4
 51348 0 4
 51351 0 4
 51352 0 4
 51406 0 2
 51408 0 2
 51414 0 2
 51416 0 2
 51438 0 2
 51440 0 2
 51446 0 2
 51448 0 2
 51539 0 4
 51540 0 4
 51543 0 4
 51544 0 4
 