75 0 4
 76 0 4
 96 0 1
 97 0 1
 105 0 4
 108 0 4
 135 0 3
 136 0 3
 140 0 4
 141 0 4
 155 0 1
 156 0 1
 156 1 3
 157 1 3
 210 0 4
 211 0 4
 213 0 4
 214 0 4
 229 2 3
 230 2 3
 237 0 3
 238 0 3
 272 0 2
 273 0 2
 290 2 1
 291 0 3
 292 0 3
 305 0 3
 306 0 3
 315 0 3
 316 0 3
 325 0 2
 326 0 2
 327 0 2
 328 0 2
 336 0 3
 337 0 3
 363 0 4
 364 0 4
 390 0 2
 391 0 2
 410 0 4
 411 0 4
 439 0 2
 441 1 3
 442 0 2
 442 1 3
 452 0 1
 453 0 1
 465 0 4
 466 0 4
 469 2 3
 470 2 3
 472 0 2
 473 0 2
 476 0 3
 477 0 3
 479 0 3
 482 0 3
 489 0 3
 490 0 3
 492 0 1
 493 0 1
 504 0 1
 505 0 1
 508 0 3
 509 0 3
 511 0 3
 512 0 3
 514 0 3
 515 0 3
 518 0 3
 519 0 3
 523 0 3
 524 0 3
 526 0 3
 527 0 3
 530 0 3
 531 0 3
 536 0 1
 537 0 1
 538 2 1
 539 2 1
 542 0 3
 543 0 3
 548 0 1
 549 0 1
 551 0 1
 552 0 1
 553 0 4
 554 0 4
 555 0 4
 556 0 4
 565 0 4
 566 0 4
 571 0 3
 574 0 3
 575 0 2
 576 0 2
 581 0 2
 582 0 2
 583 0 4
 584 0 4
 585 0 4
 586 0 4
 587 0 4
 588 0 4
 589 0 2
 590 0 2
 591 0 2
 592 0 2
 601 0 2
 602 0 2
 603 0 2
 604 0 2
 605 0 2
 606 0 2
 607 0 2
 608 0 2
 609 0 2
 610 0 2
 611 0 4
 612 0 4
 637 0 1
 640 0 1
 641 0 2
 642 0 2
 643 0 3
 646 0 3
 666 0 3
 667 0 3
 701 0 3
 702 0 3
 729 0 1
 730 0 1
 741 0 3
 742 0 3
 745 0 1
 746 0 1
 780 0 4
 781 0 4
 808 0 1
 809 0 1
 823 0 1
 824 0 1
 831 0 1
 832 0 1
 846 0 1
 847 0 1
 851 0 3
 852 0 3
 855 0 3
 856 0 3
 858 0 1
 859 0 1
 863 0 3
 864 0 3
 867 0 1
 868 0 1
 875 0 1
 876 0 1
 882 0 1
 883 0 1
 886 0 3
 887 0 3
 999 0 4
 1000 0 4
 1001 0 4
 1002 0 4
 1003 0 4
 1004 0 4
 1005 0 4
 1006 0 4
 1015 0 4
 1016 0 4
 1017 0 4
 1018 0 4
 1023 0 2
 1024 0 2
 1025 0 4
 1026 0 4
 1027 0 2
 1028 0 2
 1063 0 3
 1064 0 3
 1087 0 1
 1090 0 1
 1099 0 1
 1102 0 1
 1107 0 3
 1108 0 3
 1120 2 3
 1121 2 3
 1134 0 4
 1135 0 4
 1136 0 4
 1137 0 4
 1139 0 2
 1140 0 2
 1141 0 2
 1142 0 2
 1143 0 4
 1144 0 4
 1149 2 1
 1149 0 3
 1150 0 3
 1151 0 4
 1152 2 1
 1152 0 4
 1153 0 4
 1154 0 4
 1155 0 2
 1156 0 2
 1157 0 4
 1158 0 4
 1179 2 3
 1180 2 3
 1183 2 3
 1184 2 3
 1763 1 1
 1765 1 1
 1767 1 1
 1769 1 1
 1975 2 1
 1977 2 1
 2555 1 3
 2556 1 3
 2559 1 3
 2560 1 3
 3315 1 1
 3317 1 1
 3319 1 1
 3321 1 1
 3427 1 3
 3428 1 3
 3431 1 3
 3432 1 3
 3455 1 1
 3457 1 1
 3459 1 1
 3461 1 1
 3583 1 1
 3585 1 1
 3587 1 1
 3589 1 1
 4067 1 1
 4069 1 1
 4071 1 1
 4073 1 1
 4275 1 3
 4276 1 3
 4287 1 3
 4288 1 3
 4291 2 1
 4293 2 1
 4299 2 1
 4301 2 1
 4355 2 1
 4357 2 1
 4367 2 1
 4369 2 1
 4387 2 3
 4388 2 3
 4399 2 3
 4400 2 3
 