9 2 3
 10 2 3
 13 2 3
 14 2 3
 505 1 1
 507 1 1
 509 1 1
 511 1 1
 685 2 1
 687 2 1
 1177 1 3
 1178 1 3
 1181 1 3
 1182 1 3
 1809 1 1
 1811 1 1
 1813 1 1
 1815 1 1
 1881 1 3
 1882 1 3
 1885 1 3
 1886 1 3
 1901 1 1
 1903 1 1
 1905 1 1
 1907 1 1
 1981 1 1
 1983 1 1
 1985 1 1
 1987 1 1
 2361 1 1
 2363 1 1
 2365 1 1
 2367 1 1
 2461 1 3
 2462 1 3
 2473 1 3
 2474 1 3
 2477 2 1
 2479 2 1
 2485 2 1
 2487 2 1
 2521 2 1
 2523 2 1
 2525 2 3
 2526 2 3
 2537 2 3
 2538 2 3
 2831 0 4
 2832 0 4
 2835 0 4
 2836 0 4
 2913 0 1
 2915 0 1
 2917 0 1
 2919 0 1
 2959 0 4
 2960 0 4
 2971 0 4
 2972 0 4
 3133 0 3
 3134 0 3
 3137 0 3
 3138 0 3
 3155 0 4
 3156 0 4
 3159 0 4
 3160 0 4
 3213 0 1
 3215 0 1
 3217 0 1
 3217 1 3
 3218 1 3
 3219 0 1
 3221 1 3
 3222 1 3
 3447 0 4
 3448 0 4
 3455 0 4
 3456 0 4
 3463 0 4
 3464 0 4
 3467 0 4
 3468 0 4
 3557 2 3
 3558 2 3
 3561 2 3
 3562 2 3
 3589 0 3
 3590 0 3
 3593 0 3
 3594 0 3
 3762 0 2
 3764 0 2
 3766 0 2
 3768 0 2
 3833 2 1
 3835 2 1
 3837 0 3
 3838 0 3
 3841 0 3
 3842 0 3
 3893 0 3
 3894 0 3
 3897 0 3
 3898 0 3
 3933 0 3
 3934 0 3
 3937 0 3
 3938 0 3
 3974 0 2
 3976 0 2
 3978 0 2
 3980 0 2
 3982 0 2
 3984 0 2
 3986 0 2
 3988 0 2
 4021 0 3
 4022 0 3
 4025 0 3
 4026 0 3
 4147 0 4
 4148 0 4
 4151 0 4
 4152 0 4
 4286 0 2
 4288 0 2
 4290 0 2
 4292 0 2
 4367 0 4
 4368 0 4
 4371 0 4
 4372 0 4
 4502 0 2
 4504 0 2
 4509 1 3
 4510 1 3
 4513 1 3
 4514 0 2
 4514 1 3
 4516 0 2
 4553 0 1
 4555 0 1
 4557 0 1
 4559 0 1
 4659 0 4
 4660 0 4
 4663 0 4
 4664 0 4
 4673 2 3
 4674 2 3
 4677 2 3
 4678 2 3
 4726 0 2
 4728 0 2
 4730 0 2
 4732 0 2
 4757 0 3
 4758 0 3
 4761 0 3
 4762 0 3
 4769 0 3
 4770 0 3
 4781 0 3
 4782 0 3
 4829 0 3
 4830 0 3
 4833 0 3
 4834 0 3
 4841 0 1
 4843 0 1
 4845 0 1
 4847 0 1
 4889 0 1
 4891 0 1
 4893 0 1
 4895 0 1
 4905 0 3
 4906 0 3
 4909 0 3
 4910 0 3
 4917 0 3
 4918 0 3
 4921 0 3
 4922 0 3
 4929 0 3
 4930 0 3
 4933 0 3
 4934 0 3
 4945 0 3
 4946 0 3
 4949 0 3
 4950 0 3
 4965 0 3
 4966 0 3
 4969 0 3
 4970 0 3
 4977 0 3
 4978 0 3
 4981 0 3
 4982 0 3
 4993 0 3
 4994 0 3
 4997 0 3
 4998 0 3
 5037 0 1
 5039 0 1
 5041 0 1
 5043 0 1
 5045 2 1
 5047 2 1
 5049 2 1
 5051 2 1
 5061 0 3
 5062 0 3
 5065 0 3
 5066 0 3
 5085 0 1
 5087 0 1
 5089 0 1
 5091 0 1
 5097 0 1
 5099 0 1
 5101 0 1
 5103 0 1
 5107 0 4
 5108 0 4
 5111 0 4
 5112 0 4
 5115 0 4
 5116 0 4
 5119 0 4
 5120 0 4
 5155 0 4
 5156 0 4
 5159 0 4
 5160 0 4
 5177 0 3
 5178 0 3
 5185 0 3
 5186 0 3
 5190 0 2
 5192 0 2
 5194 0 2
 5196 0 2
 5214 0 2
 5216 0 2
 5218 0 2
 5220 0 2
 5223 0 4
 5224 0 4
 5227 0 4
 5228 0 4
 5231 0 4
 5232 0 4
 5235 0 4
 5236 0 4
 5239 0 4
 5240 0 4
 5243 0 4
 5244 0 4
 5246 0 2
 5248 0 2
 5250 0 2
 5252 0 2
 5254 0 2
 5256 0 2
 5258 0 2
 5260 0 2
 5294 0 2
 5296 0 2
 5298 0 2
 5300 0 2
 5302 0 2
 5304 0 2
 5306 0 2
 5308 0 2
 5310 0 2
 5312 0 2
 5314 0 2
 5316 0 2
 5318 0 2
 5320 0 2
 5322 0 2
 5324 0 2
 5326 0 2
 5328 0 2
 5330 0 2
 5332 0 2
 5335 0 4
 5336 0 4
 5339 0 4
 5340 0 4
 5453 0 1
 5455 0 1
 5457 0 1
 5459 0 1
 5478 0 2
 5480 0 2
 5482 0 2
 5484 0 2
 5501 0 3
 5502 0 3
 5505 0 3
 5506 0 3
 5621 0 3
 5622 0 3
 5625 0 3
 5626 0 3
 5797 0 3
 5798 0 3
 5801 0 3
 5802 0 3
 5893 0 1
 5895 0 1
 5897 0 1
 5899 0 1
 5941 0 3
 5942 0 3
 5945 0 3
 5946 0 3
 5957 0 1
 5959 0 1
 5961 0 1
 5963 0 1
 6127 0 4
 6128 0 4
 6131 0 4
 6132 0 4
 6253 0 1
 6255 0 1
 6257 0 1
 6259 0 1
 6317 0 1
 6319 0 1
 6321 0 1
 6323 0 1
 6341 0 1
 6343 0 1
 6345 0 1
 6347 0 1
 6401 0 1
 6403 0 1
 6405 0 1
 6407 0 1
 6421 0 3
 6422 0 3
 6425 0 3
 6426 0 3
 6437 0 3
 6438 0 3
 6441 0 3
 6442 0 3
 6449 0 1
 6451 0 1
 6453 0 1
 6455 0 1
 6469 0 3
 6470 0 3
 6473 0 3
 6474 0 3
 6485 0 1
 6487 0 1
 6489 0 1
 6491 0 1
 6517 0 1
 6519 0 1
 6521 0 1
 6523 0 1
 6545 0 1
 6547 0 1
 6549 0 1
 6551 0 1
 6561 0 3
 6562 0 3
 6565 0 3
 6566 0 3
 7031 0 4
 7032 0 4
 7035 0 4
 7036 0 4
 7043 0 4
 7044 0 4
 7047 0 4
 7048 0 4
 7063 0 4
 7064 0 4
 7067 0 4
 7068 0 4
 7071 0 4
 7072 0 4
 7075 0 4
 7076 0 4
 7115 0 4
 7116 0 4
 7119 0 4
 7120 0 4
 7123 0 4
 7124 0 4
 7127 0 4
 7128 0 4
 7166 0 2
 7168 0 2
 7170 0 2
 7172 0 2
 7175 0 4
 7176 0 4
 7179 0 4
 7180 0 4
 7186 0 2
 7188 0 2
 7190 0 2
 7192 0 2
 7377 0 3
 7378 0 3
 7381 0 3
 7382 0 3
 7437 0 1
 7439 0 1
 7449 0 1
 7451 0 1
 7485 0 1
 7487 0 1
 7497 0 1
 7499 0 1
 7517 0 3
 7518 0 3
 7521 0 3
 7522 0 3
 7597 2 3
 7598 2 3
 7601 2 3
 7602 2 3
 7707 0 4
 7708 0 4
 7711 0 4
 7712 0 4
 7715 0 4
 7716 0 4
 7719 0 4
 7720 0 4
 7734 0 2
 7736 0 2
 7738 0 2
 7740 0 2
 7742 0 2
 7744 0 2
 7746 0 2
 7748 0 2
 7751 0 4
 7752 0 4
 7759 0 4
 7760 0 4
 7793 2 1
 7793 0 3
 7794 0 3
 7795 2 1
 7797 0 3
 7798 0 3
 7803 0 4
 7804 0 4
 7805 2 1
 7807 2 1
 7807 0 4
 7808 0 4
 7811 0 4
 7812 0 4
 7815 0 4
 7816 0 4
 7826 0 2
 7828 0 2
 7830 0 2
 7832 0 2
 7849 2 1
 7851 2 1
 7883 0 4
 7884 0 4
 7895 0 4
 7896 0 4
 