3 2 3
 4 2 3
 101 0 4
 102 0 4
 134 0 1
 135 0 1
 165 0 4
 168 0 4
 221 0 3
 222 0 3
 226 0 4
 227 0 4
 265 0 1
 266 0 1
 266 1 3
 267 1 3
 333 0 4
 336 0 4
 338 0 4
 339 0 4
 367 2 3
 368 2 3
 383 0 3
 384 0 3
 387 1 1
 388 1 1
 466 0 2
 467 0 2
 491 2 1
 492 2 1
 511 0 3
 512 0 3
 543 0 3
 544 0 3
 555 0 3
 556 0 3
 574 0 2
 575 0 2
 579 0 2
 580 0 2
 591 0 3
 592 0 3
 634 0 4
 635 0 4
 686 0 2
 687 0 2
 711 0 4
 712 0 4
 761 0 2
 763 1 3
 764 0 2
 764 1 3
 786 0 1
 787 0 1
 801 1 3
 802 1 3
 902 0 4
 903 0 4
 907 2 3
 908 2 3
 926 0 2
 927 0 2
 942 0 3
 943 0 3
 945 0 3
 948 0 3
 962 0 3
 963 0 3
 966 0 1
 967 0 1
 978 0 1
 979 0 1
 986 0 3
 987 0 3
 990 0 3
 991 0 3
 994 0 3
 995 0 3
 998 0 3
 999 0 3
 1003 0 3
 1004 0 3
 1006 0 3
 1007 0 3
 1010 0 3
 1011 0 3
 1026 0 1
 1027 0 1
 1029 2 1
 1030 2 1
 1034 0 3
 1035 0 3
 1042 0 1
 1043 0 1
 1046 0 1
 1047 0 1
 1050 0 4
 1051 0 4
 1054 0 4
 1055 0 4
 1066 0 4
 1067 0 4
 1073 0 3
 1076 0 3
 1078 0 2
 1079 0 2
 1086 0 2
 1087 0 2
 1090 0 4
 1091 0 4
 1094 0 4
 1095 0 4
 1098 0 4
 1099 0 4
 1102 0 2
 1103 0 2
 1106 0 2
 1107 0 2
 1118 0 2
 1119 0 2
 1122 0 2
 1123 0 2
 1126 0 2
 1127 0 2
 1130 0 2
 1131 0 2
 1134 0 2
 1135 0 2
 1138 0 4
 1139 0 4
 1157 1 1
 1158 1 1
 1185 0 1
 1188 0 1
 1193 0 2
 1196 0 2
 1207 1 3
 1208 1 3
 1209 0 3
 1212 0 3
 1231 1 1
 1232 1 1
 1250 0 3
 1251 0 3
 1294 1 1
 1295 1 1
 1309 0 3
 1310 0 3
 1349 0 1
 1350 0 1
 1361 0 3
 1362 0 3
 1365 0 1
 1366 0 1
 1421 0 4
 1422 0 4
 1466 0 1
 1467 0 1
 1483 0 1
 1484 0 1
 1491 0 1
 1492 0 1
 1506 0 1
 1507 0 1
 1511 0 3
 1512 0 3
 1515 0 3
 1516 0 3
 1518 0 1
 1519 0 1
 1523 0 3
 1524 0 3
 1527 0 1
 1528 0 1
 1535 0 1
 1536 0 1
 1542 0 1
 1543 0 1
 1546 0 3
 1547 0 3
 1667 0 4
 1668 0 4
 1670 0 4
 1671 0 4
 1675 0 4
 1676 0 4
 1679 0 4
 1680 0 4
 1694 0 4
 1695 0 4
 1698 0 4
 1699 0 4
 1711 0 2
 1712 0 2
 1719 0 4
 1720 0 4
 1722 0 2
 1723 0 2
 1777 0 3
 1778 0 3
 1807 1 1
 1808 1 1
 1813 0 1
 1816 0 1
 1825 0 1
 1828 0 1
 1833 0 3
 1834 0 3
 1859 2 3
 1860 2 3
 1889 0 4
 1890 0 4
 1893 0 4
 1894 0 4
 1898 0 2
 1899 0 2
 1905 0 2
 1908 0 2
 1909 0 4
 1912 0 4
 1925 1 3
 1928 1 3
 1929 2 1
 1930 2 1
 1930 0 3
 1931 0 3
 1933 0 4
 1934 2 1
 1934 0 4
 1935 2 1
 1937 0 4
 1938 0 4
 1941 0 2
 1944 0 2
 1953 2 1
 1956 2 1
 1961 2 3
 1964 2 3
 1969 0 4
 1972 0 4
 