33 2 3
 34 2 3
 37 2 3
 38 2 3
 49 2 3
 50 2 3
 53 2 3
 54 2 3
 1801 1 1
 1803 1 1
 1809 1 1
 1811 1 1
 1817 1 1
 1819 1 1
 1825 1 1
 1827 1 1
 2497 2 1
 2499 2 1
 4297 1 3
 4298 1 3
 4301 1 3
 4302 1 3
 4313 1 3
 4314 1 3
 4317 1 3
 4318 1 3
 6697 1 1
 6699 1 1
 6705 1 1
 6707 1 1
 6713 1 1
 6715 1 1
 6721 1 1
 6723 1 1
 6961 1 3
 6962 1 3
 6965 1 3
 6966 1 3
 6977 1 3
 6978 1 3
 6981 1 3
 6982 1 3
 7013 1 1
 7015 1 1
 7021 1 1
 7023 1 1
 7029 1 1
 7031 1 1
 7037 1 1
 7039 1 1
 7245 1 1
 7247 1 1
 7253 1 1
 7255 1 1
 7261 1 1
 7263 1 1
 7269 1 1
 7271 1 1
 8497 1 1
 8499 1 1
 8505 1 1
 8507 1 1
 8513 1 1
 8515 1 1
 8521 1 1
 8523 1 1
 8793 1 3
 8794 1 3
 8797 1 3
 8798 1 3
 8841 1 3
 8842 1 3
 8845 1 3
 8846 1 3
 8857 2 1
 8859 2 1
 8865 2 1
 8867 2 1
 8889 2 1
 8891 2 1
 8897 2 1
 8899 2 1
 9017 2 1
 9019 2 1
 9025 2 3
 9026 2 3
 9029 2 3
 9030 2 3
 9073 2 3
 9074 2 3
 9077 2 3
 9078 2 3
 9175 0 4
 9176 0 4
 9179 0 4
 9180 0 4
 9191 0 4
 9192 0 4
 9195 0 4
 9196 0 4
 9285 1 3
 9286 1 3
 9351 0 4
 9352 0 4
 9355 0 4
 9356 0 4
 9383 0 4
 9384 0 4
 9387 0 4
 9388 0 4
 9391 0 4
 9392 0 4
 9395 0 4
 9396 0 4
 9399 0 4
 9400 0 4
 9509 0 3
 9510 0 3
 9513 0 3
 9514 0 3
 9525 0 3
 9526 0 3
 9529 0 3
 9530 0 3
 9541 0 3
 9542 0 3
 9545 0 3
 9546 0 3
 9557 0 3
 9558 0 3
 9561 0 3
 9562 0 3
 9582 0 2
 9584 0 2
 9590 0 2
 9592 0 2
 9598 0 2
 9600 0 2
 9606 0 2
 9608 0 2
 9614 0 2
 9616 0 2
 9622 0 2
 9624 0 2
 9630 0 2
 9632 0 2
 9638 0 2
 9640 0 2
 9641 0 3
 9642 0 3
 9645 0 3
 9646 0 3
 9649 0 3
 9650 0 3
 9666 0 2
 9668 0 2
 9674 0 2
 9676 0 2
 9682 0 2
 9684 0 2
 9690 0 2
 9692 0 2
 9703 0 4
 9704 0 4
 9707 0 4
 9708 0 4
 9719 0 4
 9720 0 4
 9723 0 4
 9724 0 4
 9749 1 3
 9750 1 3
 9895 0 4
 9896 0 4
 9899 0 4
 9900 0 4
 9911 0 4
 9912 0 4
 9915 0 4
 9916 0 4
 9997 0 3
 9998 0 3
 10005 0 3
 10006 0 3
 10009 0 3
 10010 0 3
 10021 0 1
 10023 0 1
 10029 0 1
 10031 0 1
 10037 0 1
 10039 0 1
 10045 0 1
 10047 0 1
 10053 0 3
 10054 0 3
 10057 0 3
 10058 0 3
 10069 0 3
 10070 0 3
 10073 0 3
 10074 0 3
 10085 0 1
 10087 0 1
 10093 0 1
 10095 0 1
 10101 0 1
 10103 0 1
 10109 0 1
 10111 0 1
 10125 0 1
 10127 0 1
 10133 0 1
 10135 0 1
 10141 0 1
 10143 0 1
 10149 0 1
 10151 0 1
 10167 0 4
 10168 0 4
 10171 0 4
 10172 0 4
 10183 0 4
 10184 0 4
 10187 0 4
 10188 0 4
 10199 0 4
 10200 0 4
 10203 0 4
 10204 0 4
 10215 0 4
 10216 0 4
 10219 0 4
 10220 0 4
 10231 0 4
 10232 0 4
 10235 0 4
 10236 0 4
 10247 0 4
 10248 0 4
 10251 0 4
 10252 0 4
 10258 0 2
 10260 0 2
 10266 0 2
 10268 0 2
 10274 0 2
 10276 0 2
 10282 0 2
 10284 0 2
 10290 0 2
 10292 0 2
 10298 0 2
 10300 0 2
 10306 0 2
 10308 0 2
 10314 0 2
 10316 0 2
 10327 0 4
 10328 0 4
 10331 0 4
 10332 0 4
 10343 0 4
 10344 0 4
 10347 0 4
 10348 0 4
 10359 0 4
 10360 0 4
 10363 0 4
 10364 0 4
 10375 0 4
 10376 0 4
 10379 0 4
 10380 0 4
 10391 0 4
 10392 0 4
 10395 0 4
 10396 0 4
 10407 0 4
 10408 0 4
 10411 0 4
 10412 0 4
 10418 0 2
 10420 0 2
 10426 0 2
 10428 0 2
 10434 0 2
 10436 0 2
 10442 0 2
 10444 0 2
 10450 0 2
 10452 0 2
 10458 0 2
 10460 0 2
 10466 0 2
 10468 0 2
 10474 0 2
 10476 0 2
 10482 0 2
 10484 0 2
 10490 0 2
 10492 0 2
 10498 0 2
 10500 0 2
 10506 0 2
 10508 0 2
 10514 0 2
 10516 0 2
 10522 0 2
 10524 0 2
 10530 0 2
 10532 0 2
 10538 0 2
 10540 0 2
 10546 0 2
 10548 0 2
 10554 0 2
 10556 0 2
 10562 0 2
 10564 0 2
 10570 0 2
 10572 0 2
 10578 0 2
 10580 0 2
 10586 0 2
 10588 0 2
 10594 0 2
 10596 0 2
 10602 0 2
 10604 0 2
 10610 0 2
 10612 0 2
 10618 0 2
 10620 0 2
 10626 0 2
 10628 0 2
 10634 0 2
 10636 0 2
 10647 0 4
 10648 0 4
 10651 0 4
 10652 0 4
 10663 0 4
 10664 0 4
 10667 0 4
 10668 0 4
 10717 0 1
 10719 0 1
 10725 0 1
 10727 0 1
 10733 0 1
 10735 0 1
 10794 0 2
 10796 0 2
 10802 0 2
 10804 0 2
 10810 0 2
 10812 0 2
 10818 0 2
 10820 0 2
 11017 0 1
 11019 0 1
 11025 0 1
 11027 0 1
 11033 0 1
 11035 0 1
 11041 0 1
 11043 0 1
 11049 0 1
 11051 0 1
 11057 0 1
 11059 0 1
 11065 0 1
 11067 0 1
 11073 0 1
 11075 0 1
 11091 0 4
 11092 0 4
 11095 0 4
 11096 0 4
 11107 0 4
 11108 0 4
 11111 0 4
 11112 0 4
 11119 0 4
 11120 0 4
 11131 0 4
 11132 0 4
 11135 0 4
 11136 0 4
 11147 0 4
 11148 0 4
 11151 0 4
 11152 0 4
 11163 0 4
 11164 0 4
 11167 0 4
 11168 0 4
 11179 0 4
 11180 0 4
 11183 0 4
 11184 0 4
 11331 0 4
 11332 0 4
 11335 0 4
 11336 0 4
 11347 0 4
 11348 0 4
 11351 0 4
 11352 0 4
 11366 0 2
 11368 0 2
 11374 0 2
 11376 0 2
 11382 0 2
 11384 0 2
 11390 0 2
 11392 0 2
 11398 0 2
 11400 0 2
 11406 0 2
 11408 0 2
 11414 0 2
 11416 0 2
 11422 0 2
 11424 0 2
 11425 2 1
 11425 0 3
 11426 0 3
 11427 2 1
 11429 0 3
 11430 0 3
 11433 2 1
 11435 2 1
 11441 0 3
 11442 0 3
 11445 0 3
 11446 0 3
 11467 0 4
 11468 0 4
 11471 0 4
 11472 0 4
 11473 2 1
 11475 2 1
 11481 2 1
 11483 2 1
 11483 0 4
 11484 0 4
 11487 0 4
 11488 0 4
 11495 0 4
 11496 0 4
 11499 0 4
 11500 0 4
 11511 0 4
 11512 0 4
 11515 0 4
 11516 0 4
 11554 0 2
 11556 0 2
 11562 0 2
 11564 0 2
 11570 0 2
 11572 0 2
 11578 0 2
 11580 0 2
 11655 0 4
 11656 0 4
 11659 0 4
 11660 0 4
 11703 0 4
 11704 0 4
 11707 0 4
 11708 0 4
 13589 0 1
 13591 0 1
 13597 0 1
 13599 0 1
 13605 0 1
 13607 0 1
 13613 0 1
 13615 0 1
 13775 0 4
 13776 0 4
 13779 0 4
 13780 0 4
 13823 0 4
 13824 0 4
 13827 0 4
 13828 0 4
 14341 0 3
 14342 0 3
 14345 0 3
 14346 0 3
 14357 0 3
 14358 0 3
 14361 0 3
 14362 0 3
 14431 0 4
 14432 0 4
 14435 0 4
 14436 0 4
 14447 0 4
 14448 0 4
 14451 0 4
 14452 0 4
 14661 0 1
 14663 0 1
 14669 0 1
 14671 0 1
 14677 0 1
 14677 1 3
 14678 1 3
 14679 0 1
 14681 1 3
 14682 1 3
 14685 0 1
 14687 0 1
 15877 2 3
 15878 2 3
 15881 2 3
 15882 2 3
 15893 2 3
 15894 2 3
 15897 2 3
 15898 2 3
 16005 0 3
 16006 0 3
 16009 0 3
 16010 0 3
 16021 0 3
 16022 0 3
 16025 0 3
 16026 0 3
 16554 0 2
 16556 0 2
 16562 0 2
 16564 0 2
 16570 0 2
 16572 0 2
 16578 0 2
 16580 0 2
 16837 2 1
 16839 2 1
 16845 2 1
 16847 2 1
 16853 0 3
 16854 0 3
 16857 0 3
 16858 0 3
 16869 0 3
 16870 0 3
 16873 0 3
 16874 0 3
 17919 0 4
 17920 0 4
 17923 0 4
 17924 0 4
 17935 0 4
 17936 0 4
 17939 0 4
 17940 0 4
 19210 0 2
 19212 0 2
 19218 0 2
 19220 0 2
 19237 1 3
 19238 1 3
 19241 1 3
 19242 0 2
 19242 1 3
 19244 0 2
 19250 0 2
 19252 0 2
 19397 0 1
 19399 0 1
 19405 0 1
 19407 0 1
 19413 0 1
 19415 0 1
 19421 0 1
 19423 0 1
 19637 2 3
 19638 2 3
 19641 2 3
 19642 2 3
 19653 2 3
 19654 2 3
 19657 2 3
 19658 2 3
 19818 0 2
 19820 0 2
 19826 0 2
 19828 0 2
 19834 0 2
 19836 0 2
 19842 0 2
 19844 0 2
 19877 0 3
 19878 0 3
 19881 0 3
 19882 0 3
 19893 0 3
 19894 0 3
 19897 0 3
 19898 0 3
 19925 0 3
 19926 0 3
 19929 0 3
 19930 0 3
 19973 0 3
 19974 0 3
 19977 0 3
 19978 0 3
 20165 0 3
 20166 0 3
 20169 0 3
 20170 0 3
 20181 0 3
 20182 0 3
 20185 0 3
 20186 0 3
 20213 0 1
 20215 0 1
 20221 0 1
 20223 0 1
 20229 0 1
 20231 0 1
 20237 0 1
 20239 0 1
 20405 0 1
 20407 0 1
 20413 0 1
 20415 0 1
 20421 0 1
 20423 0 1
 20429 0 1
 20431 0 1
 20469 0 3
 20470 0 3
 20473 0 3
 20474 0 3
 20485 0 3
 20486 0 3
 20489 0 3
 20490 0 3
 20533 0 3
 20534 0 3
 20537 0 3
 20538 0 3
 20549 0 3
 20550 0 3
 20553 0 3
 20554 0 3
 20597 0 3
 20598 0 3
 20601 0 3
 20602 0 3
 20613 0 3
 20614 0 3
 20617 0 3
 20618 0 3
 20677 0 3
 20678 0 3
 20681 0 3
 20682 0 3
 20693 0 3
 20694 0 3
 20697 0 3
 20698 0 3
 20725 0 3
 20726 0 3
 20729 0 3
 20730 0 3
 20741 0 3
 20742 0 3
 20745 0 3
 20746 0 3
 20789 0 3
 20790 0 3
 20793 0 3
 20794 0 3
 20805 0 3
 20806 0 3
 20809 0 3
 20810 0 3
 20965 2 1
 20967 2 1
 20973 2 1
 20975 2 1
 20981 2 1
 20983 2 1
 20989 2 1
 20991 2 1
 21285 0 3
 21286 0 3
 21289 0 3
 21290 0 3
 21317 0 3
 21318 0 3
 21321 0 3
 21322 0 3
 21909 0 3
 21910 0 3
 21913 0 3
 21914 0 3
 21925 0 3
 21926 0 3
 21929 0 3
 21930 0 3
 22293 0 3
 22294 0 3
 22297 0 3
 22298 0 3
 22309 0 3
 22310 0 3
 22313 0 3
 22314 0 3
 22917 0 3
 22918 0 3
 22921 0 3
 22922 0 3
 22933 0 3
 22934 0 3
 22937 0 3
 22938 0 3
 23301 0 1
 23303 0 1
 23309 0 1
 23311 0 1
 23317 0 1
 23319 0 1
 23325 0 1
 23327 0 1
 23493 0 3
 23494 0 3
 23497 0 3
 23498 0 3
 23509 0 3
 23510 0 3
 23513 0 3
 23514 0 3
 23557 0 1
 23559 0 1
 23565 0 1
 23567 0 1
 23573 0 1
 23575 0 1
 23581 0 1
 23583 0 1
 24207 0 4
 24208 0 4
 24211 0 4
 24212 0 4
 24223 0 4
 24224 0 4
 24227 0 4
 24228 0 4
 24917 0 1
 24919 0 1
 24925 0 1
 24927 0 1
 24933 0 1
 24935 0 1
 24941 0 1
 24943 0 1
 25221 0 1
 25223 0 1
 25229 0 1
 25231 0 1
 25237 0 1
 25239 0 1
 25245 0 1
 25247 0 1
 25301 0 3
 25302 0 3
 25305 0 3
 25306 0 3
 25317 0 3
 25318 0 3
 25321 0 3
 25322 0 3
 25365 0 3
 25366 0 3
 25369 0 3
 25370 0 3
 25381 0 3
 25382 0 3
 25385 0 3
 25386 0 3
 25413 0 1
 25415 0 1
 25421 0 1
 25423 0 1
 25429 0 1
 25431 0 1
 25437 0 1
 25439 0 1
 25493 0 3
 25494 0 3
 25497 0 3
 25498 0 3
 25509 0 3
 25510 0 3
 25513 0 3
 25514 0 3
 25557 0 1
 25559 0 1
 25565 0 1
 25567 0 1
 25573 0 1
 25575 0 1
 25581 0 1
 25583 0 1
 25685 0 1
 25687 0 1
 25693 0 1
 25695 0 1
 25701 0 1
 25703 0 1
 25709 0 1
 25711 0 1
 25797 0 1
 25799 0 1
 25805 0 1
 25807 0 1
 25813 0 1
 25815 0 1
 25821 0 1
 25823 0 1
 25861 0 3
 25862 0 3
 25865 0 3
 25866 0 3
 25877 0 3
 25878 0 3
 25881 0 3
 25882 0 3
 27743 0 4
 27744 0 4
 27747 0 4
 27748 0 4
 27759 0 4
 27760 0 4
 27763 0 4
 27764 0 4
 27791 0 4
 27792 0 4
 27795 0 4
 27796 0 4
 27807 0 4
 27808 0 4
 27811 0 4
 27812 0 4
 27871 0 4
 27872 0 4
 27875 0 4
 27876 0 4
 27887 0 4
 27888 0 4
 27891 0 4
 27892 0 4
 28047 0 4
 28048 0 4
 28051 0 4
 28052 0 4
 28202 0 2
 28204 0 2
 28210 0 2
 28212 0 2
 28218 0 2
 28220 0 2
 28226 0 2
 28228 0 2
 28250 0 2
 28252 0 2
 28258 0 2
 28260 0 2
 28266 0 2
 28268 0 2
 28274 0 2
 28276 0 2
 28997 0 3
 28998 0 3
 29001 0 3
 29002 0 3
 29013 0 3
 29014 0 3
 29017 0 3
 29018 0 3
 29237 0 1
 29239 0 1
 29245 0 1
 29247 0 1
 29285 0 1
 29287 0 1
 29293 0 1
 29295 0 1
 29429 0 1
 29431 0 1
 29437 0 1
 29439 0 1
 29477 0 1
 29479 0 1
 29485 0 1
 29487 0 1
 29557 0 3
 29558 0 3
 29561 0 3
 29562 0 3
 29573 0 3
 29574 0 3
 29577 0 3
 29578 0 3
 29861 2 3
 29862 2 3
 29865 2 3
 29866 2 3
 29877 2 3
 29878 2 3
 29881 2 3
 29882 2 3
 30111 0 4
 30112 0 4
 30115 0 4
 30116 0 4
 30127 0 4
 30128 0 4
 30131 0 4
 30132 0 4
 30175 0 4
 30176 0 4
 30179 0 4
 30180 0 4
 30207 0 4
 30208 0 4
 30211 0 4
 30212 0 4
 30405 2 1
 30407 2 1
 30413 2 1
 30415 2 1
 31269 2 1
 31271 2 1
 31277 2 1
 31279 2 1
 33157 2 1
 33159 2 1
 33165 2 1
 33167 2 1
 33493 1 3
 33494 1 3
 33497 1 3
 33498 1 3
 33631 0 4
 33632 0 4
 33635 0 4
 33636 0 4
 33893 0 3
 33894 0 3
 33897 0 3
 33898 0 3
 34069 1 3
 34070 1 3
 34073 1 3
 34074 1 3
 34485 0 3
 34486 0 3
 34489 0 3
 34490 0 3
 34613 0 1
 34615 0 1
 34621 0 1
 34623 0 1
 35103 0 4
 35104 0 4
 35107 0 4
 35108 0 4
 