69 0 4
 70 0 4
 90 0 1
 91 0 1
 101 0 4
 104 0 4
 145 0 3
 146 0 3
 150 0 4
 151 0 4
 165 0 1
 166 0 1
 166 1 3
 167 1 3
 223 0 4
 225 0 4
 227 0 4
 228 0 4
 251 2 3
 252 2 3
 259 0 3
 260 0 3
 302 0 2
 303 0 2
 320 2 1
 321 0 3
 322 0 3
 335 0 3
 336 0 3
 345 0 3
 346 0 3
 355 0 2
 356 0 2
 357 0 2
 358 0 2
 367 0 3
 368 0 3
 398 0 4
 399 0 4
 433 0 2
 434 0 2
 453 0 4
 454 0 4
 487 0 2
 489 1 3
 490 0 2
 490 1 3
 500 0 1
 501 0 1
 526 0 4
 527 0 4
 530 2 3
 531 2 3
 543 0 2
 544 0 2
 551 0 3
 552 0 3
 554 0 3
 557 0 3
 569 0 3
 570 0 3
 572 0 1
 573 0 1
 584 0 1
 585 0 1
 588 0 3
 589 0 3
 591 0 3
 592 0 3
 594 0 3
 595 0 3
 598 0 3
 599 0 3
 603 0 3
 604 0 3
 606 0 3
 607 0 3
 610 0 3
 611 0 3
 621 0 1
 622 0 1
 623 2 1
 624 2 1
 627 0 3
 628 0 3
 633 0 1
 634 0 1
 636 0 1
 637 0 1
 638 0 4
 639 0 4
 640 0 4
 641 0 4
 650 0 4
 651 0 4
 656 0 3
 658 0 3
 659 0 2
 660 0 2
 665 0 2
 666 0 2
 667 0 4
 668 0 4
 669 0 4
 670 0 4
 671 0 4
 672 0 4
 673 0 2
 674 0 2
 675 0 2
 676 0 2
 685 0 2
 686 0 2
 687 0 2
 688 0 2
 689 0 2
 690 0 2
 691 0 2
 692 0 2
 693 0 2
 694 0 2
 695 0 4
 696 0 4
 725 0 1
 726 0 1
 731 0 2
 732 0 2
 737 0 3
 738 0 3
 767 0 3
 768 0 3
 811 0 3
 812 0 3
 835 0 1
 836 0 1
 847 0 3
 848 0 3
 851 0 1
 852 0 1
 893 0 4
 894 0 4
 925 0 1
 926 0 1
 941 0 1
 942 0 1
 947 0 1
 948 0 1
 962 0 1
 963 0 1
 967 0 3
 968 0 3
 971 0 3
 972 0 3
 974 0 1
 975 0 1
 979 0 3
 980 0 3
 983 0 1
 984 0 1
 991 0 1
 992 0 1
 998 0 1
 999 0 1
 1002 0 3
 1003 0 3
 1119 0 4
 1120 0 4
 1122 0 4
 1123 0 4
 1127 0 4
 1128 0 4
 1129 0 4
 1130 0 4
 1140 0 4
 1141 0 4
 1142 0 4
 1143 0 4
 1153 0 2
 1154 0 2
 1155 0 4
 1156 0 4
 1158 0 2
 1159 0 2
 1206 0 3
 1207 0 3
 1221 0 1
 1224 0 1
 1233 0 1
 1236 0 1
 1241 0 3
 1242 0 3
 1261 2 3
 1262 2 3
 1288 0 4
 1289 0 4
 1290 0 4
 1291 0 4
 1295 0 2
 1296 0 2
 1297 0 2
 1298 0 2
 1299 0 4
 1301 0 4
 1310 2 1
 1310 0 3
 1311 0 3
 1312 0 4
 1313 2 1
 1313 0 4
 1314 0 4
 1315 0 4
 1318 0 2
 1319 0 2
 1324 2 1
 1332 0 4
 1335 0 4
 1370 2 3
 1371 2 3
 1374 2 3
 1375 2 3
 1866 1 1
 1868 1 1
 1870 1 1
 1872 1 1
 2046 2 1
 2048 2 1
 2538 1 3
 2539 1 3
 2542 1 3
 2543 1 3
 3170 1 1
 3172 1 1
 3174 1 1
 3176 1 1
 3242 1 3
 3243 1 3
 3246 1 3
 3247 1 3
 3262 1 1
 3264 1 1
 3266 1 1
 3268 1 1
 3342 1 1
 3344 1 1
 3346 1 1
 3348 1 1
 3722 1 1
 3724 1 1
 3726 1 1
 3728 1 1
 3822 1 3
 3823 1 3
 3834 1 3
 3835 1 3
 3838 2 1
 3840 2 1
 3846 2 1
 3848 2 1
 3882 2 1
 3884 2 1
 3886 2 3
 3887 2 3
 3898 2 3
 3899 2 3
 