464 1 3
 465 1 3
 468 1 3
 469 1 3
 472 1 1
 473 1 1
 476 1 3
 477 1 3
 480 1 3
 481 1 3
 502 1 1
 503 1 1
 510 1 1
 511 1 1
 536 1 1
 537 1 1
 544 1 3
 545 1 3
 555 1 3
 556 1 3
 577 1 1
 578 1 1
 581 1 3
 582 1 3
 585 1 3
 586 1 3
 589 1 1
 590 1 1
 593 1 3
 594 1 3
 602 1 3
 603 1 3
 606 1 3
 607 1 3
 619 1 1
 620 1 1
 637 1 1
 638 1 1
 641 1 1
 642 1 1
 680 1 3
 681 1 3
 733 1 1
 734 1 1
 757 0 3
 758 0 3
 762 0 1
 763 0 1
 766 0 3
 767 0 3
 769 0 3
 770 0 3
 773 0 1
 774 0 1
 783 1 1
 784 1 1
 787 0 3
 788 0 3
 795 0 1
 796 0 1
 824 1 1
 825 1 1
 836 2 1
 837 2 1
 837 1 3
 838 1 3
 870 1 1
 871 1 1
 878 2 3
 880 1 3
 881 1 3
 892 1 1
 893 1 1
 901 0 1
 902 0 1
 953 2 3
 955 1 1
 956 1 1
 956 2 3
 958 1 1
 959 1 1
 962 2 3
 963 2 3
 967 2 3
 968 2 3
 977 2 1
 987 2 3
 988 2 3
 992 2 3
 993 2 3
 995 0 3
 996 0 3
 1008 0 3
 1010 1 1
 1011 1 1
 1011 0 3
 1013 0 1
 1014 0 1
 1020 0 1
 1021 0 1
 1021 1 3
 1022 1 3
 1064 1 1
 1067 1 1
 1069 0 3
 1070 0 3
 1089 1 3
 1090 1 3
 1093 1 3
 1094 1 3
 1113 0 1
 1114 0 1
 1123 1 1
 1126 1 1
 1142 0 3
 1143 0 3
 1149 0 3
 1150 0 3
 1156 0 1
 1157 0 1
 1163 0 3
 1164 0 3
 1166 0 3
 1167 0 3
 1173 0 1
 1174 0 1
 1186 1 3
 1189 1 3
 1195 1 1
 1196 1 1
 1198 1 1
 1205 1 1
 2405 2 1
 2407 2 1
 2473 2 3
 2474 2 3
 2525 2 3
 2526 2 3
 2545 1 1
 2547 1 1
 2573 2 1
 2575 2 1
 2585 1 3
 2586 1 3
 5829 1 1
 5831 1 1
 5833 1 1
 5835 1 1
 7169 1 1
 7171 1 1
 7177 1 1
 7179 1 1
 7345 1 3
 7346 1 3
 7349 1 3
 7350 1 3
 8853 2 1
 8855 2 1
 8861 2 1
 8863 2 1
 8965 2 3
 8966 2 3
 8969 2 3
 8970 2 3
 9377 1 3
 9378 1 3
 9433 1 1
 9435 1 1
 11805 1 3
 11806 1 3
 11809 1 3
 11810 1 3
 11885 1 1
 11887 1 1
 11893 1 1
 11895 1 1
 12883 3 4
 12884 3 4
 12887 3 4
 12888 3 4
 12923 3 4
 12924 3 4
 12931 3 4
 12932 3 4
 12993 3 3
 12994 3 3
 15621 2 1
 15623 2 1
 15637 2 1
 15639 2 1
 15669 2 3
 15670 2 3
 15685 2 3
 15686 2 3
 15689 2 3
 15690 2 3
 17710 3 2
 17712 3 2
 17734 3 2
 17736 3 2
 17766 3 2
 17768 3 2
 17790 3 2
 17792 3 2
 18981 3 1
 18983 3 1
 19005 3 1
 19007 3 1
 19013 3 1
 19015 3 1
 19057 3 1
 19059 3 1
 21029 2 1
 21031 2 1
 21037 2 1
 21039 2 1
 22549 1 3
 22550 1 3
 22553 1 3
 22554 1 3
 22645 1 1
 22647 1 1
 22653 1 1
 22655 1 1
 24159 3 4
 24160 3 4
 24163 3 4
 24164 3 4
 24175 3 4
 24176 3 4
 24179 3 4
 24180 3 4
 24223 3 4
 24224 3 4
 24227 3 4
 24228 3 4
 24255 3 4
 24256 3 4
 24259 3 4
 24260 3 4
 24293 3 3
 24294 3 3
 24297 3 3
 24298 3 3
 24309 3 3
 24310 3 3
 24313 3 3
 24314 3 3
 24357 3 3
 24358 3 3
 24361 3 3
 24362 3 3
 24373 3 3
 24374 3 3
 24377 3 3
 24378 3 3
 24549 3 3
 24550 3 3
 24553 3 3
 24554 3 3
 24565 3 3
 24566 3 3
 24569 3 3
 24570 3 3
 24597 3 3
 24598 3 3
 24601 3 3
 24602 3 3
 42693 2 1
 42695 2 1
 42701 2 1
 42703 2 1
 42821 2 1
 42823 2 1
 42829 2 1
 42831 2 1
 42853 2 1
 42855 2 1
 42861 2 1
 42863 2 1
 42949 2 1
 42951 2 1
 42957 2 1
 42959 2 1
 43205 2 3
 43206 2 3
 43209 2 3
 43210 2 3
 43221 2 3
 43222 2 3
 43225 2 3
 43226 2 3
 43269 2 3
 43270 2 3
 43273 2 3
 43274 2 3
 43397 2 3
 43398 2 3
 43401 2 3
 43402 2 3
 43413 2 3
 43414 2 3
 43417 2 3
 43418 2 3
 48757 3 1
 48759 3 1
 48765 3 1
 48767 3 1
 48789 3 1
 48791 3 1
 48797 3 1
 48799 3 1
 48821 3 1
 48823 3 1
 48829 3 1
 48831 3 1
 48853 3 1
 48855 3 1
 48861 3 1
 48863 3 1
 48917 3 1
 48919 3 1
 48925 3 1
 48927 3 1
 48949 3 1
 48951 3 1
 48957 3 1
 48959 3 1
 48997 3 1
 48999 3 1
 49005 3 1
 49007 3 1
 49013 3 1
 49015 3 1
 49021 3 1
 49023 3 1
 49839 3 4
 49840 3 4
 49843 3 4
 49844 3 4
 49855 3 4
 49856 3 4
 49859 3 4
 49860 3 4
 49903 3 4
 49904 3 4
 49907 3 4
 49908 3 4
 49919 3 4
 49920 3 4
 49923 3 4
 49924 3 4
 50095 3 4
 50096 3 4
 50099 3 4
 50100 3 4
 50111 3 4
 50112 3 4
 50115 3 4
 50116 3 4
 50159 3 4
 50160 3 4
 50163 3 4
 50164 3 4
 50175 3 4
 50176 3 4
 50179 3 4
 50180 3 4
 50378 3 2
 50380 3 2
 50386 3 2
 50388 3 2
 50394 3 2
 50396 3 2
 50402 3 2
 50404 3 2
 50410 3 2
 50412 3 2
 50418 3 2
 50420 3 2
 50426 3 2
 50428 3 2
 50434 3 2
 50436 3 2
 51797 3 1
 51799 3 1
 51805 3 1
 51807 3 1
 51813 3 1
 51815 3 1
 51821 3 1
 51823 3 1
 51845 3 1
 51847 3 1
 51853 3 1
 51855 3 1
 51861 3 1
 51863 3 1
 51869 3 1
 51871 3 1
 