419 1 3
 420 1 3
 423 1 1
 424 1 1
 439 1 3
 440 1 3
 453 0 2
 454 0 2
 462 1 3
 463 1 3
 472 1 1
 473 1 1
 491 1 3
 492 1 3
 503 1 1
 504 1 1
 507 1 1
 508 1 1
 523 1 3
 524 1 3
 538 1 1
 539 1 1
 549 1 3
 550 1 3
 553 1 1
 554 1 1
 557 1 3
 558 1 3
 572 1 1
 573 1 1
 576 1 3
 577 1 3
 580 1 1
 581 1 1
 591 1 3
 592 1 3
 653 1 1
 654 1 1
 673 1 1
 674 1 1
 677 1 1
 678 1 1
 684 0 4
 685 0 4
 689 0 2
 690 0 2
 719 1 3
 720 1 3
 743 0 2
 744 0 2
 760 2 1
 761 2 1
 761 1 3
 762 1 3
 768 0 2
 769 0 2
 773 0 2
 774 0 2
 788 2 1
 790 1 1
 791 1 1
 796 1 1
 797 1 1
 809 0 2
 810 0 2
 814 1 1
 815 1 1
 833 0 2
 834 0 2
 839 1 3
 840 1 3
 866 2 3
 868 1 1
 869 1 1
 869 2 3
 871 2 3
 872 2 3
 876 2 3
 877 2 3
 887 1 3
 888 1 3
 906 0 4
 907 0 4
 910 2 1
 911 2 1
 915 2 1
 916 2 1
 930 0 4
 931 0 4
 942 0 2
 944 1 3
 945 0 2
 945 1 3
 947 1 3
 948 1 3
 960 0 4
 961 1 1
 961 0 4
 962 1 1
 965 1 3
 966 1 3
 1002 0 2
 1003 0 2
 1014 1 1
 1015 1 1
 1022 1 3
 1023 1 3
 1027 0 2
 1030 0 2
 1045 0 4
 1046 0 4
 1048 1 1
 1051 1 1
 1052 1 1
 1055 1 1
 1065 0 4
 1066 0 4
 1071 0 4
 1072 0 4
 1075 0 4
 1076 0 4
 1080 0 4
 1081 0 4
 1092 1 3
 1095 1 3
 1097 1 1
 1098 1 1
 1107 1 3
 1112 1 3
 1137 0 2
 1140 0 2
 2044 2 1
 2046 2 1
 2088 2 1
 2090 2 1
 2112 1 1
 2114 1 1
 2196 2 1
 2198 2 1
 2224 2 3
 2225 2 3
 2228 2 3
 2229 2 3
 2276 1 1
 2278 1 1
 5948 1 3
 5949 1 3
 5976 1 3
 5977 1 3
 7416 2 1
 7418 2 1
 7424 2 1
 7426 2 1
 7572 1 1
 7574 1 1
 7580 1 1
 7582 1 1
 7632 2 1
 7634 2 1
 7640 2 1
 7642 2 1
 7772 1 1
 7774 1 1
 7780 1 1
 7782 1 1
 9304 1 3
 9305 1 3
 9344 1 1
 9346 1 1
 12276 1 3
 12277 1 3
 12280 1 3
 12281 1 3
 12388 1 1
 12390 1 1
 12396 1 1
 12398 1 1
 13269 3 2
 13271 3 2
 13293 3 2
 13295 3 2
 13301 3 2
 13303 3 2
 13429 3 2
 13431 3 2
 13453 3 2
 13455 3 2
 15560 2 3
 15561 2 3
 15564 2 3
 15565 2 3
 15592 2 3
 15593 2 3
 15696 2 1
 15698 2 1
 15708 2 1
 15710 2 1
 15716 2 1
 15718 2 1
 16109 3 2
 16111 3 2
 16117 3 2
 16119 3 2
 16321 3 2
 16323 3 2
 17022 3 4
 17023 3 4
 17026 3 4
 17027 3 4
 17038 3 4
 17039 3 4
 20653 3 2
 20655 3 2
 20685 3 2
 20687 3 2
 20709 3 2
 20711 3 2
 20717 3 2
 20719 3 2
 20946 3 4
 20947 3 4
 20958 3 4
 20959 3 4
 20962 3 4
 20963 3 4
 21006 3 4
 21007 3 4
 24836 1 3
 24837 1 3
 24840 1 3
 24841 1 3
 24996 1 1
 24998 1 1
 25004 1 1
 25006 1 1
 31353 3 2
 31355 3 2
 31361 3 2
 31363 3 2
 31465 3 2
 31467 3 2
 31473 3 2
 31475 3 2
 31513 3 2
 31515 3 2
 31521 3 2
 31523 3 2
 44932 2 3
 44933 2 3
 44936 2 3
 44937 2 3
 44948 2 3
 44949 2 3
 44952 2 3
 44953 2 3
 45060 2 3
 45061 2 3
 45064 2 3
 45065 2 3
 45092 2 3
 45093 2 3
 45096 2 3
 45097 2 3
 45108 2 3
 45109 2 3
 45112 2 3
 45113 2 3
 46756 2 1
 46758 2 1
 46764 2 1
 46766 2 1
 46836 2 1
 46838 2 1
 46844 2 1
 46846 2 1
 46868 2 1
 46870 2 1
 46876 2 1
 46878 2 1
 46964 2 1
 46966 2 1
 46972 2 1
 46974 2 1
 46996 2 1
 46998 2 1
 47004 2 1
 47006 2 1
 49753 3 2
 49755 3 2
 49761 3 2
 49763 3 2
 49785 3 2
 49787 3 2
 49793 3 2
 49795 3 2
 49881 3 2
 49883 3 2
 49889 3 2
 49891 3 2
 49913 3 2
 49915 3 2
 49921 3 2
 49923 3 2
 50009 3 2
 50011 3 2
 50017 3 2
 50019 3 2
 50041 3 2
 50043 3 2
 50049 3 2
 50051 3 2
 50121 3 2
 50123 3 2
 50129 3 2
 50131 3 2
 50137 3 2
 50139 3 2
 50145 3 2
 50147 3 2
 50169 3 2
 50171 3 2
 50177 3 2
 50179 3 2
 50217 3 2
 50219 3 2
 50225 3 2
 50227 3 2
 50249 3 2
 50251 3 2
 50257 3 2
 50259 3 2
 50313 3 2
 50315 3 2
 50321 3 2
 50323 3 2
 50345 3 2
 50347 3 2
 50353 3 2
 50355 3 2
 51486 3 4
 51487 3 4
 51490 3 4
 51491 3 4
 51550 3 4
 51551 3 4
 51554 3 4
 51555 3 4
 51566 3 4
 51567 3 4
 51570 3 4
 51571 3 4
 51614 3 4
 51615 3 4
 51618 3 4
 51619 3 4
 51630 3 4
 51631 3 4
 51634 3 4
 51635 3 4
 52121 3 2
 52123 3 2
 52129 3 2
 52131 3 2
 52153 3 2
 52155 3 2
 52161 3 2
 52163 3 2
 52169 3 2
 52171 3 2
 52177 3 2
 52179 3 2
 52185 3 2
 52187 3 2
 52193 3 2
 52195 3 2
 52494 3 4
 52495 3 4
 52498 3 4
 52499 3 4
 52542 3 4
 52543 3 4
 52546 3 4
 52547 3 4
 52558 3 4
 52559 3 4
 52562 3 4
 52563 3 4
 52574 3 4
 52575 3 4
 52578 3 4
 52579 3 4
 