598 3 2
 599 3 2
 1258 1 1
 1259 1 1
 1262 1 1
 1263 1 1
 1266 1 3
 1267 1 3
 1330 1 1
 1331 1 1
 1345 0 2
 1346 0 2
 1374 1 3
 1375 1 3
 1386 1 1
 1387 1 1
 1450 1 1
 1451 1 1
 1454 1 1
 1455 1 1
 1462 1 1
 1463 1 1
 1470 1 1
 1471 1 1
 1478 1 3
 1479 1 3
 1498 1 3
 1499 1 3
 1526 1 1
 1527 1 1
 1530 1 1
 1531 1 1
 1534 1 1
 1535 1 1
 1546 1 1
 1547 1 1
 1558 1 3
 1559 1 3
 1686 1 1
 1687 1 1
 1706 1 1
 1707 1 1
 1718 1 3
 1719 1 3
 1722 0 2
 1723 0 2
 1727 0 4
 1728 0 4
 1771 2 3
 1772 2 3
 1774 2 3
 1775 2 3
 1782 1 3
 1783 1 3
 1834 0 4
 1835 0 4
 1897 2 1
 1898 2 1
 1898 1 3
 1899 1 3
 1902 0 2
 1903 0 2
 1907 0 4
 1908 0 4
 1922 2 3
 1923 2 3
 1930 1 1
 1931 1 1
 1942 1 3
 1943 1 3
 1982 0 2
 1983 0 2
 1986 1 3
 1987 1 3
 2014 0 2
 2015 0 2
 2033 1 3
 2034 1 3
 2042 3 4
 2043 3 4
 2062 2 3
 2063 2 3
 2066 1 3
 2067 1 3
 2133 2 3
 2135 1 1
 2136 1 1
 2136 2 3
 2142 2 1
 2143 2 1
 2147 2 1
 2148 2 1
 2166 2 1
 2167 2 1
 2170 1 3
 2171 1 3
 2194 2 3
 2195 2 3
 2202 0 4
 2203 0 4
 2206 2 1
 2207 2 1
 2211 2 3
 2212 2 3
 2242 0 4
 2243 0 4
 2265 0 2
 2267 1 3
 2268 0 2
 2268 1 3
 2274 1 1
 2275 1 1
 2301 0 4
 2302 1 1
 2302 0 4
 2303 1 1
 2314 1 3
 2315 1 3
 2338 1 1
 2339 1 1
 2374 1 1
 2375 1 1
 2406 0 2
 2407 0 2
 2414 1 1
 2415 1 1
 2422 1 3
 2423 1 3
 2425 0 2
 2428 0 2
 2441 1 1
 2444 1 1
 2446 0 4
 2447 0 4
 2449 1 1
 2452 1 1
 2481 1 1
 2484 1 1
 2502 0 2
 2503 0 2
 2514 0 2
 2515 0 2
 2526 0 2
 2527 0 2
 2531 0 4
 2532 0 4
 2569 1 1
 2572 1 1
 2578 1 1
 2579 1 1
 2621 1 3
 2624 1 3
 2629 1 3
 2632 1 3
 2725 0 2
 2728 0 2
 2806 3 4
 2807 3 4
 2969 3 2
 2972 3 2
 3063 3 2
 3064 3 2
 3233 3 2
 3236 3 2
 