878 1 1
 879 1 1
 882 1 1
 883 1 1
 886 1 3
 887 1 3
 935 1 1
 936 1 1
 950 0 2
 951 0 2
 975 1 3
 976 1 3
 987 1 1
 988 1 1
 1027 1 1
 1028 1 1
 1031 1 1
 1032 1 1
 1039 1 1
 1040 1 1
 1047 1 1
 1048 1 1
 1051 1 3
 1052 1 3
 1071 1 3
 1072 1 3
 1095 1 1
 1096 1 1
 1099 1 1
 1100 1 1
 1103 1 1
 1104 1 1
 1111 1 1
 1112 1 1
 1123 1 3
 1124 1 3
 1214 1 1
 1215 1 1
 1228 1 1
 1229 1 1
 1240 1 3
 1241 1 3
 1244 0 2
 1245 0 2
 1249 0 4
 1250 0 4
 1288 1 3
 1289 1 3
 1322 0 4
 1323 0 4
 1371 2 1
 1372 2 1
 1372 1 3
 1373 1 3
 1376 0 2
 1377 0 2
 1381 0 4
 1382 0 4
 1396 2 3
 1402 1 1
 1403 1 1
 1413 1 3
 1414 1 3
 1448 0 2
 1449 0 2
 1452 1 3
 1453 1 3
 1476 0 2
 1477 0 2
 1513 1 3
 1514 1 3
 1557 2 3
 1559 1 1
 1560 1 1
 1560 2 3
 1562 2 1
 1563 2 1
 1567 2 1
 1568 2 1
 1582 1 3
 1583 1 3
 1601 2 3
 1608 0 4
 1609 0 4
 1612 2 1
 1613 2 1
 1617 2 3
 1618 2 3
 1644 0 4
 1645 0 4
 1663 0 2
 1665 1 3
 1666 0 2
 1666 1 3
 1672 1 1
 1673 1 1
 1695 0 4
 1696 1 1
 1696 0 4
 1697 1 1
 1704 1 3
 1705 1 3
 1752 1 1
 1753 1 1
 1768 0 2
 1769 0 2
 1776 1 1
 1777 1 1
 1780 1 3
 1781 1 3
 1783 0 2
 1786 0 2
 1799 1 1
 1802 1 1
 1804 0 4
 1805 0 4
 1807 1 1
 1810 1 1
 1837 1 1
 1840 1 1
 1850 0 2
 1851 0 2
 1858 0 2
 1859 0 2
 1870 0 2
 1871 0 2
 1875 0 4
 1876 0 4
 1906 1 1
 1909 1 1
 1914 1 1
 1915 1 1
 1943 1 3
 1946 1 3
 1951 1 3
 1954 1 3
 2027 0 2
 2030 0 2
 3333 3 2
 3335 3 2
 3337 3 2
 3339 3 2
 4372 2 3
 4373 2 3
 4376 2 3
 4377 2 3
 4384 2 3
 4385 2 3
 4388 2 3
 4389 2 3
 4524 2 3
 4525 2 3
 4584 1 3
 4585 1 3
 4588 1 3
 4589 1 3
 4606 3 4
 4607 3 4
 4610 3 4
 4611 3 4
 4620 2 3
 4621 2 3
 4624 2 3
 4625 2 3
 4760 2 1
 4762 2 1
 4764 2 1
 4766 2 1
 4792 2 3
 4793 2 3
 4872 1 1
 4874 1 1
 4876 1 1
 4878 1 1
 5330 3 4
 5331 3 4
 5334 3 4
 5335 3 4
 5553 3 2
 5555 3 2
 5565 3 2
 5567 3 2
 5741 3 2
 5743 3 2
 5745 3 2
 5747 3 2
 6249 3 2
 6251 3 2
 6261 3 2
 6263 3 2
 