134 3 3 315 161 162
135 3 3 14 6 161
153 3 2 10 5 157
154 3 2 309 157 156
1181 1 2 179 90 91
1182 1 2 181 91 92
1185 1 2 167 84 85
1186 1 2 169 85 86
1189 1 0 176 89 88
1190 1 0 178 90 89
1193 1 2 187 94 95
1194 1 2 189 95 96
1197 1 2 191 96 97
1198 1 2 193 97 98
1249 1 0 172 87 86
1250 1 0 174 88 87
1257 1 0 184 93 92
1258 1 0 186 94 93
1297 1 0 38 19 18
1298 1 0 40 20 19
1305 1 2 195 98 99
1306 1 2 197 99 100
1317 1 2 45 22 23
1318 1 2 47 23 24
1377 1 0 54 27 26
1378 1 0 56 28 27
1381 1 2 199 100 101
1382 1 2 201 101 102
1385 1 2 61 30 31
1386 1 2 63 31 32
1389 1 0 42 21 20
1390 1 0 44 22 21
1397 1 2 69 34 35
1398 1 2 71 35 36
1417 1 2 49 24 25
1418 1 2 51 25 26
1425 1 2 57 28 29
1426 1 2 59 29 30
1441 1 0 66 33 32
1442 1 0 68 34 33
1473 1 0 164 83 82
1474 1 0 166 84 83
1477 1 0 204 103 102
1478 1 0 206 104 103
1565 1 2 33 16 17
1566 1 2 35 17 18
1625 1 0 74 37 36
1626 1 0 76 38 37
1657 0 2 276 139 140
1658 0 2 278 140 141
1662 0 0 281 142 141
1663 0 0 283 143 142
1666 0 2 268 135 136
1667 0 2 270 136 137
1669 0 2 264 133 134
1670 0 2 266 134 135
1673 0 0 257 130 129
1674 0 0 259 131 130
1685 1 0 208 105 104
1686 1 0 210 106 105
1717 0 2 272 137 138
1718 0 2 274 138 139
1725 0 0 261 132 131
1726 0 0 263 133 132
1734 2 0 119 60 59
1735 2 0 121 61 60
1737 2 0 115 58 57
1738 2 0 117 59 58
1793 1 0 160 81 80
1794 1 0 162 82 81
1812 2 0 143 72 71
1813 2 0 4 2 72
1813 1 2 5 2 73
1814 1 2 145 73 74
1853 1 0 212 107 106
1854 1 0 214 108 107
1861 2 2 110 55 56
1862 2 2 112 56 57
1865 1 2 29 14 15
1866 1 2 31 15 16
1885 1 0 78 39 38
1886 1 0 80 40 39
1901 0 0 253 128 127
1902 0 0 255 129 128
1925 2 2 122 61 62
1926 2 2 124 62 63
1985 2 2 126 63 64
1986 2 2 128 64 65
2009 1 0 216 109 108
2010 1 0 218 110 109
2012 2 2 100 50 51
2014 1 0 98 49 48
2015 1 0 2 1 49
2015 2 2 3 1 50
2017 1 0 156 79 78
2018 1 0 158 80 79
2021 2 2 102 51 52
2022 2 2 104 52 53
2026 2 2 106 53 54
2027 2 2 108 54 55
2053 2 0 131 66 65
2054 2 0 133 67 66
2077 2 2 134 67 68
2078 2 2 136 68 69
2082 2 2 138 69 70
2083 2 2 140 70 71
2089 0 2 248 125 126
2090 0 2 250 126 127
2120 0 2 230 116 117
2122 1 0 228 115 114
2123 1 0 6 3 115
2123 0 2 7 3 116
2125 0 0 285 144 143
2126 0 0 287 145 144
2148 0 0 305 154 153
2149 0 0 1 0 154
2149 1 2 0 0 7
2150 1 2 15 7 8
2152 1 2 27 13 14
2155 1 2 25 12 13
2189 1 2 219 110 111
2190 1 2 221 111 112
2236 1 0 154 78 77
2239 1 0 152 77 76
2245 0 2 244 123 124
2246 0 2 246 124 125
2269 1 2 147 74 75
2270 1 2 149 75 76
2277 1 2 85 42 43
2278 1 2 87 43 44
2309 0 0 289 146 145
2310 0 0 291 147 146
2332 1 0 84 42 41
2335 1 0 82 41 40
2345 1 0 22 11 10
2346 1 0 24 12 11
2357 0 2 232 117 118
2358 0 2 234 118 119
2369 0 2 292 147 148
2370 0 2 294 148 149
2381 0 0 237 120 119
2382 0 0 239 121 120
2389 0 2 296 149 150
2390 0 2 298 150 151
2394 0 2 300 151 152
2395 0 2 302 152 153
2401 0 0 241 122 121
2402 0 0 243 123 122
2424 1 2 91 45 46
2427 1 2 89 44 45
2437 1 0 94 47 46
2438 1 0 96 48 47
2444 1 0 226 114 113
2447 1 0 224 113 112
2456 1 0 20 10 9
2459 1 0 18 9 8
2604 3 0 316 162 163
2607 3 0 318 163 4
2830 3 3 307 155 156
2831 3 3 8 4 155
2950 3 1 13 6 160
2951 3 1 314 160 159
3054 3 0 311 158 159
3055 3 0 11 5 158
