260 3 1
 263 3 1
 1237 1 2
 1238 1 2
 1245 1 0
 1246 1 0
 1261 1 2
 1262 1 2
 1292 0 1
 1293 0 1
 1305 1 2
 1306 1 2
 1337 1 0
 1338 1 0
 1357 1 2
 1358 1 2
 1389 1 0
 1390 1 0
 1393 1 0
 1394 1 0
 1409 1 2
 1410 1 2
 1429 1 0
 1430 1 0
 1441 1 2
 1442 1 2
 1445 1 0
 1446 1 0
 1449 1 2
 1450 1 2
 1473 1 0
 1474 1 0
 1481 1 2
 1482 1 2
 1485 1 0
 1486 1 0
 1505 1 2
 1506 1 2
 1649 1 0
 1650 1 0
 1681 1 0
 1682 1 0
 1693 1 0
 1694 1 0
 1717 0 3
 1718 0 3
 1722 0 1
 1723 0 1
 1766 2 2
 1767 2 2
 1769 2 0
 1770 2 0
 1777 1 2
 1778 1 2
 1809 0 1
 1810 0 1
 1856 2 0
 1857 2 0
 1857 1 2
 1858 1 2
 1869 0 1
 1870 0 1
 1874 0 1
 1875 0 1
 1901 2 0
 1902 2 0
 1905 1 0
 1906 1 0
 1913 1 0
 1914 1 0
 1941 0 1
 1942 0 1
 1949 1 0
 1950 1 0
 1977 0 1
 1978 0 1
 1988 1 0
 1989 1 0
 2009 2 0
 2010 2 0
 2013 1 2
 2014 1 2
 2068 2 2
 2070 1 0
 2071 1 0
 2071 2 2
 2077 2 2
 2078 2 2
 2082 2 2
 2083 2 2
 2089 2 0
 2090 2 0
 2101 1 2
 2102 1 2
 2137 2 2
 2138 2 2
 2149 0 3
 2150 0 3
 2157 2 0
 2158 2 0
 2162 2 0
 2163 2 0
 2177 0 3
 2178 0 3
 2208 0 1
 2210 1 2
 2211 0 1
 2211 1 2
 2217 1 2
 2218 1 2
 2236 0 3
 2237 1 0
 2237 0 3
 2238 1 0
 2241 1 2
 2242 1 2
 2257 1 0
 2258 1 0
 2293 1 2
 2294 1 2
 2325 0 1
 2326 0 1
 2341 1 0
 2342 1 0
 2349 1 2
 2350 1 2
 2356 0 1
 2359 0 1
 2393 0 3
 2394 0 3
 2396 1 0
 2399 1 0
 2400 1 0
 2403 1 0
 2424 1 0
 2427 1 0
 2445 0 3
 2446 0 3
 2453 0 3
 2454 0 3
 2461 0 3
 2462 0 3
 2466 0 3
 2467 0 3
 2496 1 2
 2499 1 2
 2508 3 1
 2509 3 1
 2513 1 0
 2514 1 0
 2537 3 1
 2538 3 1
 2540 1 2
 2543 1 2
 2552 1 2
 2555 1 2
 2604 0 1
 2607 0 1
 2764 3 3
 2767 3 3
 3046 3 1
 3047 3 1
 3058 3 3
 3059 3 3
 