410 1 1
 413 1 3
 414 1 3
 438 1 1
 439 1 1
 451 0 2
 452 0 2
 468 1 3
 469 1 3
 476 1 1
 477 1 1
 500 1 1
 501 1 1
 504 1 1
 505 1 1
 508 1 1
 509 1 1
 516 1 1
 517 1 1
 519 1 3
 520 1 3
 530 1 3
 531 1 3
 549 1 1
 550 1 1
 553 1 1
 554 1 1
 557 1 1
 558 1 1
 564 1 1
 565 1 1
 576 1 3
 577 1 3
 625 1 1
 626 1 1
 633 1 1
 634 1 1
 645 1 3
 646 1 3
 649 0 2
 650 0 2
 654 0 4
 655 0 4
 679 1 3
 680 1 3
 701 0 4
 702 0 4
 726 2 1
 727 2 1
 727 1 3
 728 1 3
 730 0 2
 731 0 2
 735 0 4
 736 0 4
 742 2 3
 744 1 1
 745 1 1
 752 1 3
 753 1 3
 772 0 2
 773 0 2
 775 1 3
 776 1 3
 782 0 2
 783 0 2
 800 1 3
 801 1 3
 821 2 3
 823 1 1
 824 1 1
 824 2 3
 826 2 1
 827 2 1
 831 2 1
 832 2 1
 840 1 3
 841 1 3
 857 2 3
 864 0 4
 865 0 4
 868 2 1
 869 2 1
 873 2 3
 874 2 3
 882 0 4
 883 0 4
 892 0 2
 894 1 3
 895 0 2
 895 1 3
 901 1 1
 902 1 1
 916 0 4
 917 1 1
 917 0 4
 918 1 1
 921 1 3
 922 1 3
 955 0 2
 956 0 2
 963 1 1
 964 1 1
 967 1 3
 968 1 3
 970 0 2
 973 0 2
 982 1 1
 985 1 1
 987 0 4
 988 0 4
 990 1 1
 993 1 1
 1016 0 2
 1017 0 2
 1022 0 2
 1023 0 2
 1034 0 2
 1035 0 2
 1039 0 4
 1040 0 4
 1055 1 1
 1058 1 1
 1060 1 1
 1061 1 1
 1071 1 3
 1076 1 3
 1115 0 2
 1118 0 2
 2161 2 3
 2162 2 3
 2237 2 3
 2238 2 3
 2289 1 3
 2290 1 3
 2357 2 1
 2359 2 1
 2377 2 3
 2378 2 3
 2437 1 1
 2439 1 1
 5709 1 1
 5711 1 1
 5713 1 1
 5715 1 1
 5725 1 1
 5727 1 1
 6489 1 3
 6490 1 3
 6501 1 3
 6502 1 3
 8009 1 3
 8010 1 3
 8013 1 3
 8014 1 3
 8145 2 1
 8147 2 1
 8153 2 1
 8155 2 1
 8257 1 1
 8259 1 1
 8265 1 1
 8267 1 1
 9633 2 3
 9634 2 3
 9637 2 3
 9638 2 3
 10413 1 1
 10415 1 1
 10453 1 1
 10455 1 1
 13549 1 1
 13551 1 1
 13557 1 1
 13559 1 1
 13661 1 1
 13663 1 1
 13669 1 1
 13671 1 1
 15126 3 2
 15128 3 2
 15134 3 2
 15136 3 2
 16753 2 3
 16754 2 3
 16757 2 3
 16758 2 3
 16785 2 3
 16786 2 3
 17059 3 4
 17060 3 4
 17063 3 4
 17064 3 4
 17107 3 4
 17108 3 4
 17185 2 3
 17186 2 3
 17201 2 3
 17202 2 3
 17205 2 3
 17206 2 3
 18663 3 4
 18664 3 4
 18707 3 4
 18708 3 4
 18711 3 4
 18712 3 4
 19186 3 2
 19188 3 2
 19194 3 2
 19196 3 2
 19218 3 2
 19220 3 2
 19226 3 2
 19228 3 2
 19234 3 2
 19236 3 2
 19242 3 2
 19244 3 2
 20130 3 2
 20132 3 2
 20138 3 2
 20140 3 2
 20146 3 2
 20148 3 2
 20154 3 2
 20156 3 2
 20178 3 2
 20180 3 2
 20186 3 2
 20188 3 2
 20210 3 2
 20212 3 2
 21666 3 2
 21668 3 2
 21674 3 2
 21676 3 2
 21846 3 2
 21848 3 2
 21854 3 2
 21856 3 2
 24222 3 2
 24224 3 2
 24230 3 2
 24232 3 2
 25518 3 2
 25520 3 2
 25526 3 2
 25528 3 2
 26857 1 1
 26859 1 1
 26865 1 1
 26867 1 1
 27017 1 1
 27019 1 1
 27025 1 1
 27027 1 1
 34926 3 2
 34928 3 2
 34934 3 2
 34936 3 2
 34958 3 2
 34960 3 2
 34966 3 2
 34968 3 2
 34974 3 2
 34976 3 2
 34982 3 2
 34984 3 2
 34990 3 2
 34992 3 2
 34998 3 2
 35000 3 2
 35006 3 2
 35008 3 2
 35014 3 2
 35016 3 2
 35022 3 2
 35024 3 2
 35030 3 2
 35032 3 2
 46489 2 3
 46490 2 3
 46493 2 3
 46494 2 3
 46505 2 3
 46506 2 3
 46509 2 3
 46510 2 3
 46617 2 3
 46618 2 3
 46621 2 3
 46622 2 3
 46649 2 3
 46650 2 3
 46653 2 3
 46654 2 3
 46665 2 3
 46666 2 3
 46669 2 3
 46670 2 3
 47331 3 4
 47332 3 4
 47335 3 4
 47336 3 4
 47347 3 4
 47348 3 4
 47351 3 4
 47352 3 4
 47363 3 4
 47364 3 4
 47367 3 4
 47368 3 4
 47395 3 4
 47396 3 4
 47399 3 4
 47400 3 4
 47411 3 4
 47412 3 4
 47415 3 4
 47416 3 4
 47641 2 3
 47642 2 3
 47645 2 3
 47646 2 3
 47657 2 3
 47658 2 3
 47661 2 3
 47662 2 3
 47705 2 3
 47706 2 3
 47709 2 3
 47710 2 3
 47833 2 3
 47834 2 3
 47837 2 3
 47838 2 3
 47849 2 3
 47850 2 3
 47853 2 3
 47854 2 3
 52483 3 4
 52484 3 4
 52487 3 4
 52488 3 4
 52499 3 4
 52500 3 4
 52503 3 4
 52504 3 4
 52531 3 4
 52532 3 4
 52535 3 4
 52536 3 4
 52563 3 4
 52564 3 4
 52567 3 4
 52568 3 4
 52579 3 4
 52580 3 4
 52583 3 4
 52584 3 4
 54510 3 2
 54512 3 2
 54518 3 2
 54520 3 2
 55486 3 2
 55488 3 2
 55494 3 2
 55496 3 2
 55502 3 2
 55504 3 2
 55510 3 2
 55512 3 2
 