627 1 3
 628 1 3
 631 1 3
 632 1 3
 635 1 1
 636 1 1
 639 1 3
 640 1 3
 643 1 3
 644 1 3
 673 1 1
 674 1 1
 681 1 1
 682 1 1
 713 1 1
 714 1 1
 721 1 3
 722 1 3
 733 1 3
 734 1 3
 763 1 1
 764 1 1
 767 1 3
 768 1 3
 771 1 3
 772 1 3
 775 1 1
 776 1 1
 783 1 3
 784 1 3
 795 1 3
 796 1 3
 800 1 3
 801 1 3
 813 1 1
 814 1 1
 837 1 1
 838 1 1
 841 1 1
 842 1 1
 888 1 3
 889 1 3
 944 1 1
 945 1 1
 971 0 3
 972 0 3
 976 0 1
 977 0 1
 980 0 3
 981 0 3
 983 0 3
 984 0 3
 987 0 1
 988 0 1
 999 1 1
 1000 1 1
 1006 0 3
 1007 0 3
 1014 0 1
 1015 0 1
 1054 1 1
 1055 1 1
 1069 2 1
 1070 2 1
 1070 1 3
 1071 1 3
 1103 1 1
 1104 1 1
 1111 2 3
 1113 1 3
 1114 1 3
 1125 1 1
 1126 1 1
 1141 0 1
 1142 0 1
 1200 2 3
 1202 1 1
 1203 1 1
 1203 2 3
 1205 1 1
 1206 1 1
 1209 2 3
 1210 2 3
 1214 2 3
 1215 2 3
 1224 2 1
 1239 2 3
 1240 2 3
 1244 2 3
 1245 2 3
 1247 0 3
 1248 0 3
 1267 0 3
 1269 1 1
 1270 1 1
 1270 0 3
 1272 0 1
 1273 0 1
 1283 0 1
 1284 0 1
 1284 1 3
 1285 1 3
 1331 1 1
 1334 1 1
 1336 0 3
 1337 0 3
 1356 1 3
 1357 1 3
 1360 1 3
 1361 1 3
 1380 0 1
 1381 0 1
 1391 1 1
 1394 1 1
 1412 0 3
 1413 0 3
 1420 0 3
 1421 0 3
 1428 0 1
 1429 0 1
 1436 0 3
 1437 0 3
 1441 0 3
 1442 0 3
 1448 0 1
 1449 0 1
 1470 1 3
 1473 1 3
 1479 1 1
 1480 1 1
 1482 1 1
 1485 1 1
 1490 1 1
 1493 1 1
 2878 2 1
 2880 2 1
 2950 2 3
 2951 2 3
 3006 2 3
 3007 2 3
 3034 1 1
 3036 1 1
 3062 2 1
 3064 2 1
 3074 1 3
 3075 1 3
 5578 1 3
 5579 1 3
 5598 1 1
 5600 1 1
 6826 2 1
 6828 2 1
 6910 1 1
 6912 1 1
 6918 1 1
 6920 1 1
 7094 1 3
 7095 1 3
 7098 1 3
 7099 1 3
 8790 2 1
 8792 2 1
 8798 2 1
 8800 2 1
 8902 2 3
 8903 2 3
 8906 2 3
 8907 2 3
 9478 1 3
 9479 1 3
 9482 1 3
 9483 1 3
 9558 1 1
 9560 1 1
 9566 1 1
 9568 1 1
 10848 3 4
 10849 3 4
 10852 3 4
 10853 3 4
 10864 3 4
 10865 3 4
 10868 3 4
 10869 3 4
 10912 3 4
 10913 3 4
 10916 3 4
 10917 3 4
 10928 3 4
 10929 3 4
 10932 3 4
 10933 3 4
 10998 3 3
 10999 3 3
 11002 3 3
 11003 3 3
 11014 3 3
 11015 3 3
 11018 3 3
 11019 3 3
 11062 3 3
 11063 3 3
 11066 3 3
 11067 3 3
 11078 3 3
 11079 3 3
 11082 3 3
 11083 3 3
 18230 2 1
 18232 2 1
 18238 2 1
 18240 2 1
 18278 2 1
 18280 2 1
 18286 2 1
 18288 2 1
 18310 2 1
 18312 2 1
 18318 2 1
 18320 2 1
 18406 2 3
 18407 2 3
 18410 2 3
 18411 2 3
 18422 2 3
 18423 2 3
 18426 2 3
 18427 2 3
 18470 2 3
 18471 2 3
 18474 2 3
 18475 2 3
 18486 2 3
 18487 2 3
 18490 2 3
 18491 2 3
 20342 3 1
 20344 3 1
 20350 3 1
 20352 3 1
 20374 3 1
 20376 3 1
 20382 3 1
 20384 3 1
 20534 3 1
 20536 3 1
 20542 3 1
 20544 3 1
 20566 3 1
 20568 3 1
 20574 3 1
 20576 3 1
 21184 3 4
 21185 3 4
 21188 3 4
 21189 3 4
 21200 3 4
 21201 3 4
 21204 3 4
 21205 3 4
 21248 3 4
 21249 3 4
 21252 3 4
 21253 3 4
 21264 3 4
 21265 3 4
 21268 3 4
 21269 3 4
 22235 3 2
 22237 3 2
 22243 3 2
 22245 3 2
 22267 3 2
 22269 3 2
 22275 3 2
 22277 3 2
 22299 3 2
 22301 3 2
 22307 3 2
 22309 3 2
 22331 3 2
 22333 3 2
 22339 3 2
 22341 3 2
 23862 3 1
 23864 3 1
 23870 3 1
 23872 3 1
 23894 3 1
 23896 3 1
 23902 3 1
 23904 3 1
 23926 3 1
 23928 3 1
 23934 3 1
 23936 3 1
 23958 3 1
 23960 3 1
 23966 3 1
 23968 3 1
 