675 1 3
 676 1 3
 679 1 1
 680 1 1
 695 1 3
 696 1 3
 718 0 2
 719 0 2
 730 1 3
 731 1 3
 740 1 1
 741 1 1
 760 1 3
 761 1 3
 773 1 1
 774 1 1
 777 1 1
 778 1 1
 793 1 3
 794 1 3
 813 1 1
 814 1 1
 825 1 3
 826 1 3
 829 1 1
 830 1 1
 833 1 3
 834 1 3
 848 1 1
 849 1 1
 852 1 3
 853 1 3
 856 1 1
 857 1 1
 870 1 3
 871 1 3
 959 1 1
 960 1 1
 983 1 1
 984 1 1
 987 1 1
 988 1 1
 999 0 4
 1000 0 4
 1004 0 2
 1005 0 2
 1035 1 3
 1036 1 3
 1063 0 2
 1064 0 2
 1094 2 1
 1095 2 1
 1095 1 3
 1096 1 3
 1103 0 2
 1104 0 2
 1108 0 2
 1109 0 2
 1126 2 1
 1128 1 1
 1129 1 1
 1136 1 1
 1137 1 1
 1158 0 2
 1159 0 2
 1166 1 1
 1167 1 1
 1186 0 2
 1187 0 2
 1203 1 3
 1204 1 3
 1230 2 3
 1232 1 1
 1233 1 1
 1233 2 3
 1235 2 3
 1236 2 3
 1240 2 3
 1241 2 3
 1255 1 3
 1256 1 3
 1282 0 4
 1283 0 4
 1286 2 1
 1287 2 1
 1291 2 1
 1292 2 1
 1306 0 4
 1307 0 4
 1325 0 2
 1327 1 3
 1328 0 2
 1328 1 3
 1330 1 3
 1331 1 3
 1345 0 4
 1346 1 1
 1346 0 4
 1347 1 1
 1350 1 3
 1351 1 3
 1399 0 2
 1400 0 2
 1411 1 1
 1412 1 1
 1419 1 3
 1420 1 3
 1424 0 2
 1427 0 2
 1442 0 4
 1443 0 4
 1445 1 1
 1448 1 1
 1449 1 1
 1452 1 1
 1471 0 4
 1472 0 4
 1479 0 4
 1480 0 4
 1483 0 4
 1484 0 4
 1488 0 4
 1489 0 4
 1504 1 3
 1507 1 3
 1510 1 1
 1511 1 1
 1525 1 3
 1528 1 3
 1537 1 3
 1540 1 3
 1564 0 2
 1567 0 2
 2853 2 1
 2855 2 1
 2917 2 1
 2919 2 1
 2941 1 1
 2943 1 1
 3033 2 1
 3035 2 1
 3061 2 3
 3062 2 3
 3065 2 3
 3066 2 3
 3137 1 1
 3139 1 1
 5413 1 3
 5414 1 3
 5453 1 1
 5455 1 1
 6809 2 1
 6811 2 1
 6817 2 1
 6819 2 1
 6965 1 1
 6967 1 1
 6973 1 1
 6975 1 1
 7033 2 1
 7035 2 1
 7041 2 1
 7043 2 1
 7197 1 1
 7199 1 1
 7205 1 1
 7207 1 1
 9281 1 3
 9282 1 3
 9285 1 3
 9286 1 3
 9361 1 1
 9363 1 1
 9369 1 1
 9371 1 1
 11766 3 2
 11768 3 2
 11774 3 2
 11776 3 2
 11798 3 2
 11800 3 2
 11806 3 2
 11808 3 2
 11958 3 2
 11960 3 2
 11966 3 2
 11968 3 2
 11990 3 2
 11992 3 2
 11998 3 2
 12000 3 2
 17457 2 3
 17458 2 3
 17461 2 3
 17462 2 3
 17473 2 3
 17474 2 3
 17477 2 3
 17478 2 3
 17521 2 3
 17522 2 3
 17525 2 3
 17526 2 3
 17537 2 3
 17538 2 3
 17541 2 3
 17542 2 3
 18049 2 1
 18051 2 1
 18057 2 1
 18059 2 1
 18081 2 1
 18083 2 1
 18089 2 1
 18091 2 1
 18113 2 1
 18115 2 1
 18121 2 1
 18123 2 1
 18145 2 1
 18147 2 1
 18153 2 1
 18155 2 1
 19206 3 2
 19208 3 2
 19214 3 2
 19216 3 2
 19238 3 2
 19240 3 2
 19246 3 2
 19248 3 2
 19270 3 2
 19272 3 2
 19278 3 2
 19280 3 2
 19302 3 2
 19304 3 2
 19310 3 2
 19312 3 2
 19510 3 2
 19512 3 2
 19518 3 2
 19520 3 2
 19542 3 2
 19544 3 2
 19550 3 2
 19552 3 2
 19574 3 2
 19576 3 2
 19582 3 2
 19584 3 2
 19606 3 2
 19608 3 2
 19614 3 2
 19616 3 2
 20555 3 4
 20556 3 4
 20559 3 4
 20560 3 4
 20571 3 4
 20572 3 4
 20575 3 4
 20576 3 4
 20747 3 4
 20748 3 4
 20751 3 4
 20752 3 4
 20763 3 4
 20764 3 4
 20767 3 4
 20768 3 4
 24326 3 2
 24328 3 2
 24334 3 2
 24336 3 2
 24358 3 2
 24360 3 2
 24366 3 2
 24368 3 2
 24390 3 2
 24392 3 2
 24398 3 2
 24400 3 2
 24422 3 2
 24424 3 2
 24430 3 2
 24432 3 2
 24731 3 4
 24732 3 4
 24735 3 4
 24736 3 4
 24747 3 4
 24748 3 4
 24751 3 4
 24752 3 4
 24795 3 4
 24796 3 4
 24799 3 4
 24800 3 4
 24811 3 4
 24812 3 4
 24815 3 4
 24816 3 4
 