724 1 3
 725 1 3
 728 1 1
 729 1 1
 744 1 3
 745 1 3
 767 0 2
 768 0 2
 780 1 3
 781 1 3
 794 1 1
 795 1 1
 814 1 3
 815 1 3
 828 1 1
 829 1 1
 832 1 1
 833 1 1
 848 1 3
 849 1 3
 868 1 1
 869 1 1
 880 1 3
 881 1 3
 884 1 1
 885 1 1
 888 1 3
 889 1 3
 905 1 1
 906 1 1
 909 1 3
 910 1 3
 913 1 1
 914 1 1
 927 1 3
 928 1 3
 1022 1 1
 1023 1 1
 1048 1 1
 1049 1 1
 1052 1 1
 1053 1 1
 1065 0 4
 1066 0 4
 1070 0 2
 1071 0 2
 1101 1 3
 1102 1 3
 1129 0 2
 1130 0 2
 1160 2 1
 1161 2 1
 1161 1 3
 1162 1 3
 1169 0 2
 1170 0 2
 1174 0 2
 1175 0 2
 1194 2 1
 1196 1 1
 1197 1 1
 1204 1 1
 1205 1 1
 1229 0 2
 1230 0 2
 1237 1 1
 1238 1 1
 1258 0 2
 1259 0 2
 1277 1 3
 1278 1 3
 1308 2 3
 1310 1 1
 1311 1 1
 1311 2 3
 1315 2 3
 1316 2 3
 1320 2 3
 1321 2 3
 1335 1 3
 1336 1 3
 1362 0 4
 1363 0 4
 1368 2 1
 1369 2 1
 1373 2 1
 1374 2 1
 1388 0 4
 1389 0 4
 1407 0 2
 1409 1 3
 1410 0 2
 1410 1 3
 1412 1 3
 1413 1 3
 1427 0 4
 1428 1 1
 1428 0 4
 1429 1 1
 1432 1 3
 1433 1 3
 1467 1 3
 1485 0 2
 1486 0 2
 1497 1 1
 1498 1 1
 1505 1 3
 1506 1 3
 1510 0 2
 1513 0 2
 1531 0 4
 1532 0 4
 1534 1 1
 1537 1 1
 1538 1 1
 1541 1 1
 1553 1 1
 1568 0 4
 1569 0 4
 1576 0 4
 1577 0 4
 1580 0 4
 1581 0 4
 1585 0 4
 1586 0 4
 1601 1 3
 1604 1 3
 1610 1 1
 1611 1 1
 1627 1 3
 1630 1 3
 1639 1 3
 1642 1 3
 1666 0 2
 1669 0 2
 3019 2 1
 3021 2 1
 3079 2 1
 3081 2 1
 3103 1 1
 3105 1 1
 3195 2 1
 3197 2 1
 3223 2 3
 3224 2 3
 3227 2 3
 3228 2 3
 3299 1 1
 3301 1 1
 5135 1 3
 5136 1 3
 5199 1 1
 5201 1 1
 6444 3 2
 6446 3 2
 6452 3 2
 6454 3 2
 6492 3 2
 6494 3 2
 6500 3 2
 6502 3 2
 8663 2 3
 8664 2 3
 8667 2 3
 8668 2 3
 8679 2 3
 8680 2 3
 8683 2 3
 8684 2 3
 8695 2 1
 8697 2 1
 8703 2 1
 8705 2 1
 8951 1 1
 8953 1 1
 8959 1 1
 8961 1 1
 8999 2 1
 9001 2 1
 9007 2 1
 9009 2 1
 9015 2 1
 9017 2 1
 9023 2 1
 9025 2 1
 9079 2 1
 9081 2 1
 9087 2 1
 9089 2 1
 9287 1 1
 9289 1 1
 9295 1 1
 9297 1 1
 9692 3 2
 9694 3 2
 9700 3 2
 9702 3 2
 9708 3 2
 9710 3 2
 9716 3 2
 9718 3 2
 9772 3 2
 9774 3 2
 9780 3 2
 9782 3 2
 9788 3 2
 9790 3 2
 9796 3 2
 9798 3 2
 10369 3 4
 10370 3 4
 10373 3 4
 10374 3 4
 10417 3 4
 10418 3 4
 10421 3 4
 10422 3 4
 11884 3 2
 11886 3 2
 11892 3 2
 11894 3 2
 11900 3 2
 11902 3 2
 11908 3 2
 11910 3 2
 12017 3 4
 12018 3 4
 12021 3 4
 12022 3 4
 12033 3 4
 12034 3 4
 12037 3 4
 12038 3 4
 