833 1 3
 834 1 3
 837 1 3
 838 1 3
 841 1 1
 842 1 1
 845 1 3
 846 1 3
 849 1 3
 850 1 3
 890 1 1
 891 1 1
 898 1 1
 899 1 1
 930 1 1
 931 1 1
 938 1 3
 939 1 3
 950 1 3
 951 1 3
 991 1 1
 992 1 1
 995 1 3
 996 1 3
 999 1 3
 1000 1 3
 1003 1 1
 1004 1 1
 1011 1 3
 1012 1 3
 1023 1 3
 1024 1 3
 1031 1 3
 1032 1 3
 1044 1 1
 1045 1 1
 1068 1 1
 1069 1 1
 1072 1 1
 1073 1 1
 1134 1 3
 1135 1 3
 1190 1 1
 1191 1 1
 1218 0 3
 1219 0 3
 1223 0 1
 1224 0 1
 1227 0 3
 1228 0 3
 1230 0 3
 1231 0 3
 1234 0 1
 1235 0 1
 1246 1 1
 1247 1 1
 1257 0 3
 1258 0 3
 1265 0 1
 1266 0 1
 1309 1 1
 1310 1 1
 1324 2 1
 1325 2 1
 1325 1 3
 1326 1 3
 1363 1 1
 1364 1 1
 1371 2 3
 1373 1 3
 1374 1 3
 1385 1 1
 1386 1 1
 1401 0 1
 1402 0 1
 1476 2 3
 1478 1 1
 1479 1 1
 1479 2 3
 1481 1 1
 1482 1 1
 1485 2 3
 1486 2 3
 1490 2 3
 1491 2 3
 1507 2 1
 1530 2 3
 1531 2 3
 1535 2 3
 1536 2 3
 1542 0 3
 1543 0 3
 1573 0 3
 1575 1 1
 1576 1 1
 1576 0 3
 1578 0 1
 1579 0 1
 1593 0 1
 1594 0 1
 1594 1 3
 1595 1 3
 1620 1 3
 1621 1 3
 1659 1 1
 1662 1 1
 1664 0 3
 1665 0 3
 1684 1 3
 1685 1 3
 1688 1 3
 1689 1 3
 1715 0 1
 1716 0 1
 1730 1 1
 1733 1 1
 1743 1 1
 1744 1 1
 1755 0 3
 1756 0 3
 1767 0 3
 1768 0 3
 1779 0 1
 1780 0 1
 1787 0 3
 1788 0 3
 1792 0 3
 1793 0 3
 1799 0 1
 1800 0 1
 1822 1 3
 1825 1 3
 1835 1 1
 1836 1 1
 1838 1 1
 1841 1 1
 1850 1 1
 1853 1 1
 2521 3 4
 2522 3 4
 2525 3 4
 2526 3 4
 2547 3 3
 2548 3 3
 2551 3 3
 2552 3 3
 4163 2 1
 4165 2 1
 4167 2 1
 4169 2 1
 4175 2 1
 4177 2 1
 4179 2 1
 4181 2 1
 4275 2 3
 4276 2 3
 4319 2 3
 4320 2 3
 4323 2 3
 4324 2 3
 4399 2 3
 4400 2 3
 4403 2 3
 4404 2 3
 4447 1 1
 4449 1 1
 4451 1 1
 4453 1 1
 4499 2 1
 4501 2 1
 4535 1 3
 4536 1 3
 4547 1 3
 4548 1 3
 4911 3 1
 4913 3 1
 4923 3 1
 4925 3 1
 5213 3 4
 5214 3 4
 5217 3 4
 5218 3 4
 5552 3 2
 5554 3 2
 5556 3 2
 5558 3 2
 5799 3 1
 5801 3 1
 5803 3 1
 5805 3 1
 