832 1 2 179 90 91
833 1 2 181 91 92
836 1 2 167 84 85
837 1 2 169 85 86
840 1 0 176 89 88
841 1 0 178 90 89
844 1 2 187 94 95
845 1 2 189 95 96
848 1 2 191 96 97
849 1 2 193 97 98
889 1 0 172 87 86
890 1 0 174 88 87
897 1 0 184 93 92
898 1 0 186 94 93
929 1 0 38 19 18
930 1 0 40 20 19
937 1 2 195 98 99
938 1 2 197 99 100
949 1 2 45 22 23
950 1 2 47 23 24
990 1 0 54 27 26
991 1 0 56 28 27
994 1 2 199 100 101
995 1 2 201 101 102
998 1 2 61 30 31
999 1 2 63 31 32
1002 1 0 42 21 20
1003 1 0 44 22 21
1010 1 2 69 34 35
1011 1 2 71 35 36
1022 1 2 49 24 25
1023 1 2 51 25 26
1030 1 2 57 28 29
1031 1 2 59 29 30
1043 1 0 66 33 32
1044 1 0 68 34 33
1067 1 0 164 83 82
1068 1 0 166 84 83
1071 1 0 204 103 102
1072 1 0 206 104 103
1133 1 2 33 16 17
1134 1 2 35 17 18
1189 1 0 74 37 36
1190 1 0 76 38 37
1217 0 2 276 139 140
1218 0 2 278 140 141
1222 0 0 281 142 141
1223 0 0 283 143 142
1226 0 2 268 135 136
1227 0 2 270 136 137
1229 0 2 264 133 134
1230 0 2 266 134 135
1233 0 0 257 130 129
1234 0 0 259 131 130
1245 1 0 208 105 104
1246 1 0 210 106 105
1256 0 2 272 137 138
1257 0 2 274 138 139
1264 0 0 261 132 131
1265 0 0 263 133 132
1308 1 0 160 81 80
1309 1 0 162 82 81
1323 2 0 143 72 71
1324 2 0 4 2 72
1324 1 2 5 2 73
1325 1 2 145 73 74
1362 1 0 212 107 106
1363 1 0 214 108 107
1370 2 2 110 55 56
1372 1 2 29 14 15
1373 1 2 31 15 16
1384 1 0 78 39 38
1385 1 0 80 40 39
1400 0 0 253 128 127
1401 0 0 255 129 128
1475 2 2 100 50 51
1477 1 0 98 49 48
1478 1 0 2 1 49
1478 2 2 3 1 50
1480 1 0 156 79 78
1481 1 0 158 80 79
1484 2 2 102 51 52
1485 2 2 104 52 53
1489 2 2 106 53 54
1490 2 2 108 54 55
1506 2 0 133 67 66
1529 2 2 134 67 68
1530 2 2 136 68 69
1534 2 2 138 69 70
1535 2 2 140 70 71
1541 0 2 248 125 126
1542 0 2 250 126 127
1572 0 2 230 116 117
1574 1 0 228 115 114
1575 1 0 6 3 115
1575 0 2 7 3 116
1577 0 0 285 144 143
1578 0 0 287 145 144
1592 0 0 305 154 153
1593 0 0 1 0 154
1593 1 2 0 0 7
1594 1 2 15 7 8
1619 1 2 219 110 111
1620 1 2 221 111 112
1658 1 0 154 78 77
1661 1 0 152 77 76
1663 0 2 244 123 124
1664 0 2 246 124 125
1683 1 2 147 74 75
1684 1 2 149 75 76
1687 1 2 85 42 43
1688 1 2 87 43 44
1714 0 0 289 146 145
1715 0 0 291 147 146
1729 1 0 84 42 41
1732 1 0 82 41 40
1742 1 0 22 11 10
1743 1 0 24 12 11
1754 0 2 232 117 118
1755 0 2 234 118 119
1766 0 2 292 147 148
1767 0 2 294 148 149
1778 0 0 237 120 119
1779 0 0 239 121 120
1786 0 2 296 149 150
1787 0 2 298 150 151
1791 0 2 300 151 152
1792 0 2 302 152 153
1798 0 0 241 122 121
1799 0 0 243 123 122
1821 1 2 91 45 46
1824 1 2 89 44 45
1834 1 0 94 47 46
1835 1 0 96 48 47
1837 1 0 226 114 113
1840 1 0 224 113 112
1849 1 0 20 10 9
1852 1 0 18 9 8
2520 3 3 6830 161 3456
2521 3 3 6831 3456 162
2524 3 3 6750 6 3416
2525 3 3 6751 3416 161
2546 3 2 6742 5 3412
2547 3 2 6743 3412 157
2550 3 2 6818 157 3450
2551 3 2 6819 3450 156
4162 2 0 6776 60 3429
4164 2 0 6777 3429 59
4166 2 0 6780 61 3431
4168 2 0 6781 3431 60
4174 2 0 6768 58 3425
4176 2 0 6769 3425 57
4178 2 0 6772 59 3427
4180 2 0 6773 3427 58
4274 2 2 6762 56 3422
4275 2 2 6763 3422 57
4318 2 2 6782 61 3432
4319 2 2 6783 3432 62
4322 2 2 6786 62 3434
4323 2 2 6787 3434 63
4398 2 2 6790 63 3436
4399 2 2 6791 3436 64
4402 2 2 6794 64 3438
4403 2 2 6795 3438 65
4446 1 0 6806 109 3444
4448 1 0 6807 3444 108
4450 1 0 6810 110 3446
4452 1 0 6811 3446 109
4498 2 0 6800 66 3441
4500 2 0 6801 3441 65
4534 1 2 6756 13 3419
4535 1 2 6757 3419 14
4546 1 2 6752 12 3417
4547 1 2 6753 3417 13
4910 3 0 6832 162 3457
4912 3 0 6833 3457 163
4922 3 0 6836 163 3459
4924 3 0 6837 3459 4
5212 3 3 6814 155 3448
5213 3 3 6815 3448 156
5216 3 3 6738 4 3410
5217 3 3 6739 3410 155
5551 3 1 6748 6 3415
5553 3 1 6749 3415 160
5555 3 1 6828 160 3455
5557 3 1 6829 3455 159
5798 3 0 6822 158 3452
5800 3 0 6823 3452 159
5802 3 0 6744 5 3413
5804 3 0 6745 3413 158
