669 1 1
 670 1 1
 673 1 1
 674 1 1
 677 1 3
 678 1 3
 719 1 1
 720 1 1
 734 0 2
 735 0 2
 751 1 3
 752 1 3
 759 1 1
 760 1 1
 791 1 1
 792 1 1
 795 1 1
 796 1 1
 802 1 1
 803 1 1
 810 1 1
 811 1 1
 814 1 3
 815 1 3
 826 1 3
 827 1 3
 849 1 1
 850 1 1
 853 1 1
 854 1 1
 857 1 1
 858 1 1
 865 1 1
 866 1 1
 877 1 3
 878 1 3
 951 1 1
 952 1 1
 959 1 1
 960 1 1
 971 1 3
 972 1 3
 975 0 2
 976 0 2
 980 0 4
 981 0 4
 1015 1 3
 1016 1 3
 1039 0 4
 1040 0 4
 1082 2 1
 1083 2 1
 1083 1 3
 1084 1 3
 1087 0 2
 1088 0 2
 1092 0 4
 1093 0 4
 1107 2 3
 1113 1 1
 1114 1 1
 1121 1 3
 1122 1 3
 1143 0 2
 1144 0 2
 1147 1 3
 1148 1 3
 1158 0 2
 1159 0 2
 1182 1 3
 1183 1 3
 1204 2 3
 1206 1 1
 1207 1 1
 1207 2 3
 1209 2 1
 1210 2 1
 1214 2 1
 1215 2 1
 1225 1 3
 1226 1 3
 1244 2 3
 1251 0 4
 1252 0 4
 1255 2 1
 1256 2 1
 1260 2 3
 1261 2 3
 1275 0 4
 1276 0 4
 1293 0 2
 1295 1 3
 1296 0 2
 1296 1 3
 1302 1 1
 1303 1 1
 1322 0 4
 1323 1 1
 1323 0 4
 1324 1 1
 1331 1 3
 1332 1 3
 1379 0 2
 1380 0 2
 1387 1 1
 1388 1 1
 1391 1 3
 1392 1 3
 1394 0 2
 1397 0 2
 1410 1 1
 1413 1 1
 1415 0 4
 1416 0 4
 1418 1 1
 1421 1 1
 1444 0 2
 1445 0 2
 1452 0 2
 1453 0 2
 1464 0 2
 1465 0 2
 1469 0 4
 1470 0 4
 1499 1 1
 1502 1 1
 1504 1 1
 1505 1 1
 1524 1 3
 1527 1 3
 1532 1 3
 1535 1 3
 1594 0 2
 1597 0 2
 3079 2 3
 3080 2 3
 3159 2 3
 3160 2 3
 3203 1 3
 3204 1 3
 3279 2 1
 3281 2 1
 3307 2 3
 3308 2 3
 3363 1 1
 3365 1 1
 5891 1 1
 5893 1 1
 5919 1 1
 5921 1 1
 7179 1 3
 7180 1 3
 7183 1 3
 7184 1 3
 7343 2 1
 7345 2 1
 7351 2 1
 7353 2 1
 7455 1 1
 7457 1 1
 7463 1 1
 7465 1 1
 7960 3 2
 7962 3 2
 8924 3 2
 8926 3 2
 9395 2 3
 9396 2 3
 9399 2 3
 9400 2 3
 10355 1 1
 10357 1 1
 10363 1 1
 10365 1 1
 10435 1 1
 10437 1 1
 10443 1 1
 10445 1 1
 13816 3 2
 13818 3 2
 13824 3 2
 13826 3 2
 13848 3 2
 13850 3 2
 13856 3 2
 13858 3 2
 13880 3 2
 13882 3 2
 13888 3 2
 13890 3 2
 13912 3 2
 13914 3 2
 13920 3 2
 13922 3 2
 18403 2 3
 18404 2 3
 18407 2 3
 18408 2 3
 18419 2 3
 18420 2 3
 18423 2 3
 18424 2 3
 18467 2 3
 18468 2 3
 18471 2 3
 18472 2 3
 18483 2 3
 18484 2 3
 18487 2 3
 18488 2 3
 18909 3 4
 18910 3 4
 18913 3 4
 18914 3 4
 18925 3 4
 18926 3 4
 18929 3 4
 18930 3 4
 18973 3 4
 18974 3 4
 18977 3 4
 18978 3 4
 18989 3 4
 18990 3 4
 18993 3 4
 18994 3 4
 19123 2 3
 19124 2 3
 19127 2 3
 19128 2 3
 19139 2 3
 19140 2 3
 19143 2 3
 19144 2 3
 19187 2 3
 19188 2 3
 19191 2 3
 19192 2 3
 19203 2 3
 19204 2 3
 19207 2 3
 19208 2 3
 21805 3 4
 21806 3 4
 21809 3 4
 21810 3 4
 21821 3 4
 21822 3 4
 21825 3 4
 21826 3 4
 21869 3 4
 21870 3 4
 21873 3 4
 21874 3 4
 21885 3 4
 21886 3 4
 21889 3 4
 21890 3 4
 22824 3 2
 22826 3 2
 22832 3 2
 22834 3 2
 22856 3 2
 22858 3 2
 22864 3 2
 22866 3 2
 22872 3 2
 22874 3 2
 22880 3 2
 22882 3 2
 23784 3 2
 23786 3 2
 23792 3 2
 23794 3 2
 23800 3 2
 23802 3 2
 23808 3 2
 23810 3 2
 23832 3 2
 23834 3 2
 23840 3 2
 23842 3 2
 23864 3 2
 23866 3 2
 23872 3 2
 23874 3 2
 25560 3 2
 25562 3 2
 25568 3 2
 25570 3 2
 25720 3 2
 25722 3 2
 25728 3 2
 25730 3 2
 25752 3 2
 25754 3 2
 25760 3 2
 25762 3 2
 