135 3 4
 136 3 4
 154 3 3
 155 3 3
 1182 1 3
 1183 1 3
 1186 1 3
 1187 1 3
 1190 1 1
 1191 1 1
 1194 1 3
 1195 1 3
 1198 1 3
 1199 1 3
 1250 1 1
 1251 1 1
 1258 1 1
 1259 1 1
 1298 1 1
 1299 1 1
 1306 1 3
 1307 1 3
 1318 1 3
 1319 1 3
 1378 1 1
 1379 1 1
 1382 1 3
 1383 1 3
 1386 1 3
 1387 1 3
 1390 1 1
 1391 1 1
 1398 1 3
 1399 1 3
 1418 1 3
 1419 1 3
 1426 1 3
 1427 1 3
 1442 1 1
 1443 1 1
 1474 1 1
 1475 1 1
 1478 1 1
 1479 1 1
 1566 1 3
 1567 1 3
 1626 1 1
 1627 1 1
 1658 0 3
 1659 0 3
 1663 0 1
 1664 0 1
 1667 0 3
 1668 0 3
 1670 0 3
 1671 0 3
 1674 0 1
 1675 0 1
 1686 1 1
 1687 1 1
 1718 0 3
 1719 0 3
 1726 0 1
 1727 0 1
 1735 2 1
 1736 2 1
 1738 2 1
 1739 2 1
 1794 1 1
 1795 1 1
 1813 2 1
 1814 2 1
 1814 1 3
 1815 1 3
 1854 1 1
 1855 1 1
 1862 2 3
 1863 2 3
 1866 1 3
 1867 1 3
 1886 1 1
 1887 1 1
 1902 0 1
 1903 0 1
 1926 2 3
 1927 2 3
 1986 2 3
 1987 2 3
 2010 1 1
 2011 1 1
 2013 2 3
 2015 1 1
 2016 1 1
 2016 2 3
 2018 1 1
 2019 1 1
 2022 2 3
 2023 2 3
 2027 2 3
 2028 2 3
 2054 2 1
 2055 2 1
 2078 2 3
 2079 2 3
 2083 2 3
 2084 2 3
 2090 0 3
 2091 0 3
 2121 0 3
 2123 1 1
 2124 1 1
 2124 0 3
 2126 0 1
 2127 0 1
 2149 0 1
 2150 0 1
 2150 1 3
 2151 1 3
 2153 1 3
 2156 1 3
 2190 1 3
 2191 1 3
 2237 1 1
 2240 1 1
 2246 0 3
 2247 0 3
 2270 1 3
 2271 1 3
 2278 1 3
 2279 1 3
 2310 0 1
 2311 0 1
 2333 1 1
 2336 1 1
 2346 1 1
 2347 1 1
 2358 0 3
 2359 0 3
 2370 0 3
 2371 0 3
 2382 0 1
 2383 0 1
 2390 0 3
 2391 0 3
 2395 0 3
 2396 0 3
 2402 0 1
 2403 0 1
 2425 1 3
 2428 1 3
 2438 1 1
 2439 1 1
 2445 1 1
 2448 1 1
 2457 1 1
 2460 1 1
 2605 3 1
 2608 3 1
 2831 3 4
 2832 3 4
 2951 3 2
 2952 3 2
 3055 3 1
 3056 3 1
 