654 1 2 179 90 91
655 1 2 181 91 92
658 1 2 167 84 85
659 1 2 169 85 86
662 1 0 176 89 88
663 1 0 178 90 89
666 1 2 187 94 95
667 1 2 189 95 96
670 1 2 191 96 97
671 1 2 193 97 98
703 1 0 172 87 86
704 1 0 174 88 87
711 1 0 184 93 92
712 1 0 186 94 93
743 1 0 38 19 18
744 1 0 40 20 19
751 1 2 195 98 99
752 1 2 197 99 100
763 1 2 45 22 23
764 1 2 47 23 24
798 1 0 54 27 26
799 1 0 56 28 27
802 1 2 199 100 101
803 1 2 201 101 102
806 1 2 61 30 31
807 1 2 63 31 32
810 1 0 42 21 20
811 1 0 44 22 21
818 1 2 69 34 35
819 1 2 71 35 36
830 1 2 49 24 25
831 1 2 51 25 26
836 1 2 57 28 29
837 1 2 59 29 30
849 1 0 66 33 32
850 1 0 68 34 33
873 1 0 164 83 82
874 1 0 166 84 83
877 1 0 204 103 102
878 1 0 206 104 103
931 1 2 33 16 17
932 1 2 35 17 18
987 1 0 74 37 36
988 1 0 76 38 37
1014 0 2 276 139 140
1015 0 2 278 140 141
1019 0 0 281 142 141
1020 0 0 283 143 142
1023 0 2 268 135 136
1024 0 2 270 136 137
1026 0 2 264 133 134
1027 0 2 266 134 135
1030 0 0 257 130 129
1031 0 0 259 131 130
1042 1 0 208 105 104
1043 1 0 210 106 105
1049 0 2 272 137 138
1050 0 2 274 138 139
1057 0 0 261 132 131
1058 0 0 263 133 132
1097 1 0 160 81 80
1098 1 0 162 82 81
1112 2 0 143 72 71
1113 2 0 4 2 72
1113 1 2 5 2 73
1114 1 2 145 73 74
1146 1 0 212 107 106
1147 1 0 214 108 107
1154 2 2 110 55 56
1156 1 2 29 14 15
1157 1 2 31 15 16
1168 1 0 78 39 38
1169 1 0 80 40 39
1184 0 0 253 128 127
1185 0 0 255 129 128
1247 2 2 100 50 51
1249 1 0 98 49 48
1250 1 0 2 1 49
1250 2 2 3 1 50
1252 1 0 156 79 78
1253 1 0 158 80 79
1256 2 2 102 51 52
1257 2 2 104 52 53
1261 2 2 106 53 54
1262 2 2 108 54 55
1271 2 0 133 67 66
1286 2 2 134 67 68
1287 2 2 136 68 69
1291 2 2 138 69 70
1292 2 2 140 70 71
1294 0 2 248 125 126
1295 0 2 250 126 127
1315 0 2 230 116 117
1317 1 0 228 115 114
1318 1 0 6 3 115
1318 0 2 7 3 116
1320 0 0 285 144 143
1321 0 0 287 145 144
1333 0 0 305 154 153
1334 0 0 1 0 154
1334 1 2 0 0 7
1335 1 2 15 7 8
1355 1 2 221 111 112
1387 1 0 154 78 77
1390 1 0 152 77 76
1392 0 2 244 123 124
1393 0 2 246 124 125
1412 1 2 147 74 75
1413 1 2 149 75 76
1416 1 2 85 42 43
1417 1 2 87 43 44
1436 0 0 289 146 145
1437 0 0 291 147 146
1447 1 0 84 42 41
1450 1 0 82 41 40
1460 1 0 22 11 10
1470 0 2 232 117 118
1471 0 2 234 118 119
1478 0 2 292 147 148
1479 0 2 294 148 149
1488 0 0 237 120 119
1489 0 0 239 121 120
1496 0 2 296 149 150
1497 0 2 298 150 151
1501 0 2 300 151 152
1502 0 2 302 152 153
1508 0 0 241 122 121
1509 0 0 243 123 122
1531 1 2 91 45 46
1534 1 2 89 44 45
1542 1 0 94 47 46
1543 1 0 96 48 47
1545 1 0 226 114 113
1548 1 0 224 113 112
1556 1 0 20 10 9
1559 1 0 18 9 8
2982 2 0 6768 58 3425
2984 2 0 6769 3425 57
2986 2 0 6772 59 3427
2988 2 0 6773 3427 58
3070 2 2 6762 56 3422
3071 2 2 6763 3422 57
3138 2 2 6790 63 3436
3139 2 2 6791 3436 64
3142 2 2 6794 64 3438
3143 2 2 6795 3438 65
3170 1 0 6806 109 3444
3172 1 0 6807 3444 108
3198 2 0 6800 66 3441
3200 2 0 6801 3441 65
3214 1 2 6756 13 3419
3215 1 2 6757 3419 14
5302 1 2 15194 110 6620
5303 1 2 15195 6620 111
5374 1 0 15192 12 6619
5376 1 0 15193 6619 11
6016 3 3 16800 161 7423
6017 3 3 16801 7423 3456
6020 3 3 16802 3456 7424
6021 3 3 16803 7424 162
6032 3 3 16704 6 7375
6033 3 3 16705 7375 3416
6036 3 3 16706 3416 7376
6037 3 3 16707 7376 161
6054 3 2 16688 5 7367
6055 3 2 16689 7367 3412
6058 3 2 16690 3412 7368
6059 3 2 16691 7368 157
6070 3 2 16776 157 7411
6071 3 2 16777 7411 3450
6074 3 2 16778 3450 7412
6075 3 2 16779 7412 156
8982 2 0 16724 60 7385
8984 2 0 16725 7385 3429
8990 2 0 16726 3429 7386
8992 2 0 16727 7386 59
8998 2 0 16732 61 7389
9000 2 0 16733 7389 3431
9006 2 0 16734 3431 7390
9008 2 0 16735 7390 60
9078 2 2 16736 61 7391
9079 2 2 16737 7391 3432
9082 2 2 16738 3432 7392
9083 2 2 16739 7392 62
9094 2 2 16744 62 7395
9095 2 2 16745 7395 3434
9098 2 2 16746 3434 7396
9099 2 2 16747 7396 63
9350 1 0 16760 110 7403
9352 1 0 16761 7403 3446
9358 1 0 16762 3446 7404
9360 1 0 16763 7404 109
9542 1 2 16708 12 7377
9543 1 2 16709 7377 3417
9546 1 2 16710 3417 7378
9547 1 2 16711 7378 13
10182 3 0 16804 162 7425
10184 3 0 16805 7425 3457
10190 3 0 16806 3457 7426
10192 3 0 16807 7426 163
10230 3 0 16812 163 7429
10232 3 0 16813 7429 3459
10238 3 0 16814 3459 7430
10240 3 0 16815 7430 4
10704 3 3 16768 155 7407
10705 3 3 16769 7407 3448
10708 3 3 16770 3448 7408
10709 3 3 16771 7408 156
10720 3 3 16680 4 7363
10721 3 3 16681 7363 3410
10724 3 3 16682 3410 7364
10725 3 3 16683 7364 155
11259 3 1 16700 6 7373
11261 3 1 16701 7373 3415
11267 3 1 16702 3415 7374
11269 3 1 16703 7374 160
11275 3 1 16796 160 7421
11277 3 1 16797 7421 3455
11283 3 1 16798 3455 7422
11285 3 1 16799 7422 159
11942 3 0 16784 158 7415
11944 3 0 16785 7415 3452
11950 3 0 16786 3452 7416
11952 3 0 16787 7416 159
11958 3 0 16692 5 7369
11960 3 0 16693 7369 3413
11966 3 0 16694 3413 7370
11968 3 0 16695 7370 158
