732 1 1
 733 1 1
 736 1 1
 737 1 1
 740 1 3
 741 1 3
 783 1 1
 784 1 1
 798 0 2
 799 0 2
 817 1 3
 818 1 3
 827 1 1
 828 1 1
 861 1 1
 862 1 1
 865 1 1
 866 1 1
 872 1 1
 873 1 1
 880 1 1
 881 1 1
 884 1 3
 885 1 3
 898 1 3
 899 1 3
 921 1 1
 922 1 1
 925 1 1
 926 1 1
 929 1 1
 930 1 1
 937 1 1
 938 1 1
 949 1 3
 950 1 3
 1027 1 1
 1028 1 1
 1037 1 1
 1038 1 1
 1049 1 3
 1050 1 3
 1053 0 2
 1054 0 2
 1058 0 4
 1059 0 4
 1095 1 3
 1096 1 3
 1119 0 4
 1120 0 4
 1164 2 1
 1165 2 1
 1165 1 3
 1166 1 3
 1169 0 2
 1170 0 2
 1174 0 4
 1175 0 4
 1189 2 3
 1195 1 1
 1196 1 1
 1203 1 3
 1204 1 3
 1228 0 2
 1229 0 2
 1232 1 3
 1233 1 3
 1244 0 2
 1245 0 2
 1274 1 3
 1275 1 3
 1300 2 3
 1302 1 1
 1303 1 1
 1303 2 3
 1305 2 1
 1306 2 1
 1310 2 1
 1311 2 1
 1321 1 3
 1322 1 3
 1340 2 3
 1347 0 4
 1348 0 4
 1351 2 1
 1352 2 1
 1356 2 3
 1357 2 3
 1378 0 4
 1379 0 4
 1397 0 2
 1399 1 3
 1400 0 2
 1400 1 3
 1406 1 1
 1407 1 1
 1429 0 4
 1430 1 1
 1430 0 4
 1431 1 1
 1438 1 3
 1439 1 3
 1478 1 1
 1491 0 2
 1492 0 2
 1499 1 1
 1500 1 1
 1503 1 3
 1504 1 3
 1506 0 2
 1509 0 2
 1522 1 1
 1525 1 1
 1527 0 4
 1528 0 4
 1530 1 1
 1533 1 1
 1554 1 1
 1561 0 2
 1562 0 2
 1569 0 2
 1570 0 2
 1581 0 2
 1582 0 2
 1586 0 4
 1587 0 4
 1617 1 1
 1620 1 1
 1622 1 1
 1623 1 1
 1645 1 3
 1648 1 3
 1653 1 3
 1656 1 3
 1716 0 2
 1719 0 2
 3272 2 3
 3273 2 3
 3276 2 3
 3277 2 3
 3360 2 3
 3361 2 3
 3404 1 3
 3405 1 3
 3476 2 1
 3478 2 1
 3504 2 3
 3505 2 3
 3560 1 1
 3562 1 1
 5484 1 1
 5486 1 1
 5524 1 1
 5526 1 1
 7097 3 2
 7099 3 2
 7105 3 2
 7107 3 2
 7113 3 2
 7115 3 2
 7121 3 2
 7123 3 2
 8804 2 3
 8805 2 3
 8808 2 3
 8809 2 3
 8820 2 3
 8821 2 3
 8824 2 3
 8825 2 3
 9108 1 3
 9109 1 3
 9112 1 3
 9113 1 3
 9166 3 4
 9167 3 4
 9170 3 4
 9171 3 4
 9182 3 4
 9183 3 4
 9186 3 4
 9187 3 4
 9220 2 3
 9221 2 3
 9224 2 3
 9225 2 3
 9236 2 3
 9237 2 3
 9240 2 3
 9241 2 3
 9524 2 1
 9526 2 1
 9532 2 1
 9534 2 1
 9636 1 1
 9638 1 1
 9644 1 1
 9646 1 1
 10478 3 4
 10479 3 4
 10482 3 4
 10483 3 4
 10494 3 4
 10495 3 4
 10498 3 4
 10499 3 4
 10857 3 2
 10859 3 2
 10865 3 2
 10867 3 2
 10905 3 2
 10907 3 2
 10913 3 2
 10915 3 2
 11273 3 2
 11275 3 2
 11281 3 2
 11283 3 2
 11289 3 2
 11291 3 2
 11297 3 2
 11299 3 2
 12537 3 2
 12539 3 2
 12545 3 2
 12547 3 2
 12585 3 2
 12587 3 2
 12593 3 2
 12595 3 2
 