655 1 3
 656 1 3
 659 1 3
 660 1 3
 663 1 1
 664 1 1
 667 1 3
 668 1 3
 671 1 3
 672 1 3
 704 1 1
 705 1 1
 712 1 1
 713 1 1
 744 1 1
 745 1 1
 752 1 3
 753 1 3
 764 1 3
 765 1 3
 799 1 1
 800 1 1
 803 1 3
 804 1 3
 807 1 3
 808 1 3
 811 1 1
 812 1 1
 819 1 3
 820 1 3
 831 1 3
 832 1 3
 837 1 3
 838 1 3
 850 1 1
 851 1 1
 874 1 1
 875 1 1
 878 1 1
 879 1 1
 932 1 3
 933 1 3
 988 1 1
 989 1 1
 1015 0 3
 1016 0 3
 1020 0 1
 1021 0 1
 1024 0 3
 1025 0 3
 1027 0 3
 1028 0 3
 1031 0 1
 1032 0 1
 1043 1 1
 1044 1 1
 1050 0 3
 1051 0 3
 1058 0 1
 1059 0 1
 1098 1 1
 1099 1 1
 1113 2 1
 1114 2 1
 1114 1 3
 1115 1 3
 1147 1 1
 1148 1 1
 1155 2 3
 1157 1 3
 1158 1 3
 1169 1 1
 1170 1 1
 1185 0 1
 1186 0 1
 1248 2 3
 1250 1 1
 1251 1 1
 1251 2 3
 1253 1 1
 1254 1 1
 1257 2 3
 1258 2 3
 1262 2 3
 1263 2 3
 1272 2 1
 1287 2 3
 1288 2 3
 1292 2 3
 1293 2 3
 1295 0 3
 1296 0 3
 1316 0 3
 1318 1 1
 1319 1 1
 1319 0 3
 1321 0 1
 1322 0 1
 1334 0 1
 1335 0 1
 1335 1 3
 1336 1 3
 1356 1 3
 1388 1 1
 1391 1 1
 1393 0 3
 1394 0 3
 1413 1 3
 1414 1 3
 1417 1 3
 1418 1 3
 1437 0 1
 1438 0 1
 1448 1 1
 1451 1 1
 1461 1 1
 1471 0 3
 1472 0 3
 1479 0 3
 1480 0 3
 1489 0 1
 1490 0 1
 1497 0 3
 1498 0 3
 1502 0 3
 1503 0 3
 1509 0 1
 1510 0 1
 1532 1 3
 1535 1 3
 1543 1 1
 1544 1 1
 1546 1 1
 1549 1 1
 1557 1 1
 1560 1 1
 2983 2 1
 2985 2 1
 2987 2 1
 2989 2 1
 3071 2 3
 3072 2 3
 3139 2 3
 3140 2 3
 3143 2 3
 3144 2 3
 3171 1 1
 3173 1 1
 3199 2 1
 3201 2 1
 3215 1 3
 3216 1 3
 5303 1 3
 5304 1 3
 5375 1 1
 5377 1 1
 6017 3 4
 6018 3 4
 6021 3 4
 6022 3 4
 6033 3 4
 6034 3 4
 6037 3 4
 6038 3 4
 6055 3 3
 6056 3 3
 6059 3 3
 6060 3 3
 6071 3 3
 6072 3 3
 6075 3 3
 6076 3 3
 8983 2 1
 8985 2 1
 8991 2 1
 8993 2 1
 8999 2 1
 9001 2 1
 9007 2 1
 9009 2 1
 9079 2 3
 9080 2 3
 9083 2 3
 9084 2 3
 9095 2 3
 9096 2 3
 9099 2 3
 9100 2 3
 9351 1 1
 9353 1 1
 9359 1 1
 9361 1 1
 9543 1 3
 9544 1 3
 9547 1 3
 9548 1 3
 10183 3 1
 10185 3 1
 10191 3 1
 10193 3 1
 10231 3 1
 10233 3 1
 10239 3 1
 10241 3 1
 10705 3 4
 10706 3 4
 10709 3 4
 10710 3 4
 10721 3 4
 10722 3 4
 10725 3 4
 10726 3 4
 11260 3 2
 11262 3 2
 11268 3 2
 11270 3 2
 11276 3 2
 11278 3 2
 11284 3 2
 11286 3 2
 11943 3 1
 11945 3 1
 11951 3 1
 11953 3 1
 11959 3 1
 11961 3 1
 11967 3 1
 11969 3 1
 