871 1 3
 872 1 3
 879 1 1
 880 1 1
 895 1 3
 896 1 3
 922 0 2
 923 0 2
 935 1 3
 936 1 3
 963 1 1
 964 1 1
 983 1 3
 984 1 3
 999 1 1
 1000 1 1
 1003 1 1
 1004 1 1
 1019 1 3
 1020 1 3
 1039 1 1
 1040 1 1
 1051 1 3
 1052 1 3
 1055 1 1
 1056 1 1
 1059 1 3
 1060 1 3
 1078 1 1
 1079 1 1
 1086 1 3
 1087 1 3
 1090 1 1
 1091 1 1
 1107 1 3
 1108 1 3
 1212 1 1
 1213 1 1
 1240 1 1
 1241 1 1
 1244 1 1
 1245 1 1
 1257 0 4
 1258 0 4
 1262 0 2
 1263 0 2
 1301 1 3
 1302 1 3
 1329 0 2
 1330 0 2
 1360 2 1
 1361 2 1
 1361 1 3
 1362 1 3
 1373 0 2
 1374 0 2
 1378 0 2
 1379 0 2
 1401 2 1
 1403 1 1
 1404 1 1
 1411 1 1
 1412 1 1
 1439 0 2
 1440 0 2
 1447 1 1
 1448 1 1
 1471 0 2
 1472 0 2
 1490 1 3
 1491 1 3
 1532 2 3
 1534 1 1
 1535 1 1
 1535 2 3
 1541 2 3
 1542 2 3
 1546 2 3
 1547 2 3
 1561 1 3
 1562 1 3
 1598 0 4
 1599 0 4
 1606 2 1
 1607 2 1
 1611 2 1
 1612 2 1
 1626 0 4
 1627 0 4
 1645 0 2
 1647 1 3
 1648 0 2
 1648 1 3
 1650 1 3
 1651 1 3
 1665 0 4
 1666 1 1
 1666 0 4
 1667 1 1
 1670 1 3
 1671 1 3
 1710 1 3
 1711 1 3
 1733 0 2
 1734 0 2
 1745 1 1
 1746 1 1
 1753 1 3
 1754 1 3
 1760 0 2
 1763 0 2
 1788 0 4
 1789 0 4
 1791 1 1
 1794 1 1
 1795 1 1
 1798 1 1
 1811 1 1
 1814 1 1
 1832 0 4
 1833 0 4
 1840 0 4
 1841 0 4
 1844 0 4
 1845 0 4
 1849 0 4
 1850 0 4
 1870 1 3
 1873 1 3
 1883 1 1
 1884 1 1
 1902 1 3
 1905 1 3
 1914 1 3
 1917 1 3
 1949 0 2
 1952 0 2
 2709 3 2
 2711 3 2
 2721 3 2
 2723 3 2
 4140 2 3
 4141 2 3
 4144 2 3
 4145 2 3
 4152 2 1
 4154 2 1
 4156 2 1
 4158 2 1
 4276 2 1
 4278 2 1
 4300 1 1
 4302 1 1
 4304 1 1
 4306 1 1
 4356 2 1
 4358 2 1
 4360 2 1
 4362 2 1
 4424 2 1
 4426 2 1
 4428 2 1
 4430 2 1
 4468 2 3
 4469 2 3
 4472 2 3
 4473 2 3
 4580 1 1
 4582 1 1
 4584 1 1
 4586 1 1
 4781 3 2
 4783 3 2
 4785 3 2
 4787 3 2
 4817 3 2
 4819 3 2
 4821 3 2
 4823 3 2
 5082 3 4
 5083 3 4
 5094 3 4
 5095 3 4
 5829 3 2
 5831 3 2
 5833 3 2
 5835 3 2
 5878 3 4
 5879 3 4
 5882 3 4
 5883 3 4
 