0.0000000000000000 
0.0000000000000000 
0.0000000000000000 
0.0000000000000000 
0.0000000000000000 
0.0000000000000000 
0.0000000000000000 
0.0000000000000000 
0.0000000000000000 
0.0000000000000000 
0.0000000000000000 
0.0000000000000000 
-0.0039707721933455 
-0.0158312126648460 
-0.0297338360960122 
-0.0403782679431713 
-0.0443370140365562 
-0.0404288735958608 
-0.0297955990946462 
-0.0158661832713387 
-0.0039790563498170 
0.0000000000000000 
0.0000000000000000 
-0.0106989677509371 
-0.0316639840589279 
-0.0547907723916833 
-0.0720915111863214 
-0.0784749627355369 
-0.0722044557550091 
-0.0549422568037727 
-0.0317689560295331 
-0.0107329114454817 
0.0000000000000000 
0.0000000000000000 
-0.0165421155973721 
-0.0461797549745817 
-0.0767273982670850 
-0.0987300764242187 
-0.1067326573086053 
-0.0989802180284306 
-0.0770831110430107 
-0.0464528826760570 
-0.0166452507046310 
0.0000000000000000 
0.0000000000000000 
-0.0217991608745870 
-0.0586486006478256 
-0.0942152439112813 
-0.1184554828902639 
-0.1270769040764154 
-0.1189261945692541 
-0.0949185180640378 
-0.0592344068270527 
-0.0220450068557034 
0.0000000000000000 
0.0000000000000000 
-0.0259665849983623 
-0.0664725257909743 
-0.1013336851260874 
-0.1227285707394033 
-0.1299153380344971 
-0.1234151383997682 
-0.1024255182984933 
-0.0674671090748163 
-0.0264279463189349 
0.0000000000000000 
0.0000000000000000 
-0.0268715566846377 
-0.0620567283510632 
-0.0845346715157387 
-0.0936308050220109 
-0.0959966332019159 
-0.0942845838420240 
-0.0857013853313643 
-0.0632979774120639 
-0.0275328033662509 
0.0000000000000000 
0.0000000000000000 
-0.0168973887665937 
-0.0276965715727926 
-0.0159652895808396 
-0.0014540881041174 
0.0045945579265673 
-0.0015189829155864 
-0.0163232217514663 
-0.0284342071782661 
-0.0175101218780716 
0.0000000000000000 
0.0000000000000000 
0.0231430073379065 
0.0907409231040707 
0.1524739172505376 
0.1934012505012604 
0.2078431030246062 
0.1943567791566827 
0.1538832375863093 
0.0917520284169132 
0.0233707022597743 
0.0000000000000000 
0.0000000000000000 
0.2649283159622680 
0.4006583343421902 
0.4816780328944309 
0.5263468020834589 
0.5410428541255465 
0.5276243582430746 
0.4839648635526725 
0.4031531567157006 
0.2660608816307684 
0.0000000000000000 
1.0000000000000000 
1.0000000000000000 
1.0000000000000000 
1.0000000000000000 
1.0000000000000000 
1.0000000000000000 
1.0000000000000000 
1.0000000000000000 
1.0000000000000000 
1.0000000000000000 
1.0000000000000000 
0.0000000000000000 
0.0000000000000000 
0.0000000000000000 
0.0000000000000000 
0.0000000000000000 
0.0000000000000000 
0.0000000000000000 
0.0000000000000000 
0.0000000000000000 
0.0000000000000000 
0.0000000000000000 
0.0000000000000000 
0.0110459490572920 
0.0160126416987725 
0.0149124170690784 
0.0088190131614787 
0.0000147050871957 
-0.0088067021815452 
-0.0149309205852008 
-0.0160375566550462 
-0.0110461106852605 
0.0000000000000000 
0.0000000000000000 
0.0246708615296802 
0.0367304452845989 
0.0340682713634282 
0.0200710819872216 
0.0000583003505825 
-0.0200063188090302 
-0.0341057112429344 
-0.0368137783226199 
-0.0247057501056998 
0.0000000000000000 
0.0000000000000000 
0.0449799487079035 
0.0647958152659815 
0.0590270617124731 
0.0344182619270445 
0.0001543312633535 
-0.0342252839833807 
-0.0590800950387209 
-0.0650037812895353 
-0.0451194723528079 
0.0000000000000000 
0.0000000000000000 
0.0722516093752412 
0.0999840364803912 
0.0885666902874125 
0.0508225332907997 
0.0003461722166508 
-0.0503540095683219 
-0.0886079889729436 
-0.1004251392653252 
-0.0726392641254627 
0.0000000000000000 
0.0000000000000000 
0.1055373193322423 
0.1392667070724108 
0.1187551738632014 
0.0665736414934325 
0.0006565623652572 
-0.0656247827615008 
-0.1186992854926586 
-0.1400519934931244 
-0.1063968328759687 
0.0000000000000000 
0.0000000000000000 
0.1417348948502129 
0.1749188201283279 
0.1410737339914442 
0.0763519980687248 
0.0010190508863579 
-0.0747795705075713 
-0.1407478773454436 
-0.1760275931734880 
-0.1432827124962153 
0.0000000000000000 
0.0000000000000000 
0.1725231514396658 
0.1906401752207524 
0.1408365345548280 
0.0730857945728087 
0.0012173552708874 
-0.0710668459277334 
-0.1400672189049807 
-0.1916940471633559 
-0.1746879637262069 
0.0000000000000000 
0.0000000000000000 
0.1746719357272176 
0.1552963151004549 
0.1058110940952375 
0.0524172630253931 
0.0009816963977906 
-0.0506601846287884 
-0.1047778351853266 
-0.1556961886200808 
-0.1766116904628197 
0.0000000000000000 
0.0000000000000000 
0.0746409704047082 
0.0687459948766461 
0.0441662500420203 
0.0212645239684081 
0.0003738897313294 
-0.0205469658466923 
-0.0435900147992298 
-0.0686025796290573 
-0.0754105209725053 
0.0000000000000000 
0.0000000000000000 
0.0000000000000000 
0.0000000000000000 
0.0000000000000000 
0.0000000000000000 
0.0000000000000000 
0.0000000000000000 
0.0000000000000000 
0.0000000000000000 
0.0000000000000000 
0.0000000000000000 
0.0000000000000000 
0.0000000000000000 
0.0000000000000000 
0.0000000000000000 
0.0000000000000000 
0.0000000000000000 
0.0000000000000000 
0.0000000000000000 
0.0000000000000000 
0.0000000000000000 
0.0000000000000000 
-0.1554224754839104 
-0.2155151832596781 
-0.2508859780538288 
-0.2208587820544422 
-0.1285497328373801 
-0.0000751864553181 
0.1285074220908818 
0.2209346542775507 
0.2507357976521089 
0.2148298719725155 
0.1544812273829576 
-0.2340238057049037 
-0.3093873751454043 
-0.3458281733711123 
-0.2958398328996759 
-0.1698892958024189 
-0.0011741398479176 
0.1680001626763964 
0.2948058743889830 
0.3450131997131421 
0.3078394954189985 
0.2318302552190064 
-0.3625121003458782 
-0.4637522866317333 
-0.4919837554585367 
-0.4058035051563623 
-0.2290401156909065 
-0.0042188869988689 
0.2218512084173151 
0.4013322297559336 
0.4894300056985427 
0.4609024311764330 
0.3585177312786982 
-0.6564503131051095 
-0.7735756978044110 
-0.7659038476405426 
-0.6036194158760138 
-0.3336925201434861 
-0.0105102440933036 
0.3153956767561713 
0.5917769640091078 
0.7600242042368878 
0.7694329926739573 
0.6507502761939232 
-1.2226689793792387 
-1.3295156535122428 
-1.2235341016737631 
-0.9174270607710324 
-0.4948447268713856 
-0.0211731311225562 
0.4576354843154267 
0.8931199497421249 
1.2131461888733335 
1.3262760774241695 
1.2182671209002491 
-2.2046822918294824 
-2.2384707454603179 
-1.9142466627902754 
-1.3572290887461835 
-0.7117317340072142 
-0.0355106620617742 
0.6490901123249003 
1.3168270967011371 
1.9008494363811563 
2.2435521817253745 
2.2114148423081770 
-3.7986642359557741 
-3.6259577788487829 
-2.8417132827595060 
-1.8946440210616413 
-0.9548461055412761 
-0.0488292472115254 
0.8689087479423396 
1.8413811096595321 
2.8335244119787357 
3.6556699833108626 
3.8382868763299092 
-6.3430591763752524 
-5.4689797055631608 
-3.8954570560884556 
-2.3875946665564132 
-1.1473363828361201 
-0.0529437346930738 
1.0551517469123817 
2.3356948923028051 
3.9060565519868402 
5.5505110179361212 
6.4510895763761544 
-9.1548261893675473 
-7.2618028461754545 
-4.5273079435990882 
-2.5783010422143327 
-1.1829225995480535 
-0.0436473226331925 
1.1092137184283382 
2.5446665615865989 
4.5594112774715336 
7.3831601187760985 
9.3696092665378590 
-8.6315844190324018 
-6.9488522612598995 
-4.2875486777302969 
-2.3655011853607042 
-1.0629839112184012 
-0.0315484419166185 
1.0132638920220123 
2.3541610641498387 
4.3312671009805017 
7.0527064252664884 
8.8430985394894854 
